,frame,path,seconds,gaze_vis_x,gaze_vis_y,gaze_x_recal,gaze_y_recal,target_vis_x,target_vis_y,blinks,correction_index,gaze_vector,target_vector
0,0,99,0.0,11.56052,7.201176,10.557777808389684,9.22456131483735,8.319621,9.123569,False,6,"[0.0161721, 0.0115059, 0.1237358]","[0.1265248, 0.1389511, 0.8652214]"
1,1,99,0.016600000000039472,11.47785,7.131559,10.48275192853703,9.166681445734463,8.929877,9.475864,False,6,"[0.0167611, 0.0108868, 0.1239091]","[0.1354077, 0.1438353, 0.8617556]"
2,2,99,0.03390000000001692,11.92419,6.58732,10.669824293062817,8.574898173220596,9.334453,9.696223,True,6,"[0.0202871, 0.0132185, 0.1239063]","[0.1416706, 0.1472656, 0.8618811]"
3,3,99,0.05389999999999873,11.97976,6.508136,10.690408105215834,8.489991349234161,9.705847,9.6071,True,6,"[0.016905, 0.0129242, 0.1233183]","[0.1472405, 0.1457139, 0.8608636]"
4,4,99,0.06690000000003238,12.62475,6.188006,11.071225370988426,8.0931362646003,10.05534,9.200294,True,6,"[0.0232068, 0.0157354, 0.1234895]","[0.1529176, 0.1396775, 0.8623668]"
5,5,99,0.08429999999998472,12.64585,6.35287,11.125225071153604,8.252474637678871,10.20275,8.820638,True,6,"[0.0234073, 0.0156909, 0.1231582]","[0.155241, 0.1338489, 0.862556]"
6,6,99,0.10040000000003602,13.38027,6.173688,11.602754567143322,7.982741732929306,10.60294,8.71376,True,6,"[0.0252418, 0.0155917, 0.1234003]","[0.1617508, 0.1324325, 0.8640624]"
7,7,99,0.1168999999999869,13.26145,6.144844,11.511794022841968,7.969542434422472,11.10075,8.650766,True,6,"[0.0249451, 0.0153708, 0.122852]","[0.1693361, 0.1313068, 0.8630533]"
8,8,99,0.13400000000001455,13.79071,5.54421,11.744213783425021,7.311762475686132,11.46783,8.605912,False,6,"[0.0259423, 0.0141865, 0.1228481]","[0.1752712, 0.1307541, 0.8639684]"
9,9,99,0.15089999999997872,13.58976,5.503784,11.592359674982713,7.297651301228344,11.75162,8.599502,False,6,"[0.0260625, 0.0140121, 0.1228276]","[0.1797024, 0.1306343, 0.86383]"
10,10,99,0.16690000000005512,14.31914,5.24168,12.046674404552018,6.9470651564167145,11.94825,8.610994,False,6,"[0.0274386, 0.0132823, 0.1225046]","[0.1831225, 0.1310442, 0.865366]"
11,11,99,0.18360000000006949,14.13031,5.092326,11.877593621479935,6.824354263265468,12.10052,8.602446,False,6,"[0.0274459, 0.0136192, 0.1223258]","[0.1856902, 0.1310275, 0.8661289]"
12,12,99,0.20050000000003365,13.96785,3.778374,11.451260003838236,5.553713670552151,12.19279,8.430938,False,6,"[0.0290963, 0.0132314, 0.1223202]","[0.1877705, 0.1288027, 0.8690027]"
13,13,99,0.21699999999998454,15.46955,3.838487,12.52873243505482,5.421337962607333,12.20366,8.236004,False,6,"[0.028718, 0.0131187, 0.1218518]","[0.1884111, 0.1260958, 0.8711662]"
14,14,99,0.2337999999999738,15.02555,3.927897,12.235556127729634,5.565816642327714,12.21616,7.942648,False,6,"[0.0298109, 0.0117892, 0.1214533]","[0.1894197, 0.1220671, 0.8749059]"
15,15,99,0.251700000000028,13.54179,3.570128,11.100263160793485,5.403368616600424,12.07014,7.796514,False,6,"[0.0293456, 0.0116971, 0.1213949]","[0.1877267, 0.1202028, 0.8778988]"
16,16,99,0.2675000000000409,15.49311,4.36931,12.671178970940144,5.940027468089458,12.05335,7.640993,False,6,"[0.0309257, 0.0111151, 0.1211573]","[0.1883427, 0.1183321, 0.8820436]"
17,17,99,0.2837000000000671,15.59203,4.248527,12.712599473988291,5.80871033738857,11.90772,7.545228,False,6,"[0.03039, 0.0107574, 0.1207173]","[0.1866982, 0.1172703, 0.885355]"
18,18,99,0.3006000000000313,15.21153,3.885856,12.357272655650462,5.50078774706839,11.8393,7.511467,False,6,"[0.0299691, 0.0079571, 0.1204872]","[0.1865411, 0.1173351, 0.8898723]"
19,19,99,0.31720000000007076,13.37044,3.323552,10.920524130610573,5.182879312426056,11.70054,7.450741,False,6,"[0.03368, 0.0081652, 0.1216974]","[0.1855496, 0.1171696, 0.8959427]"
20,20,99,0.3342000000000098,13.0475,2.769483,10.560603692915237,4.679512190746594,11.62636,7.245081,False,6,"[0.0326715, 0.0083572, 0.1217146]","[0.1854769, 0.1146025, 0.9014677]"
21,21,99,0.3564999999999827,12.79853,2.401849,10.297226574289347,4.349942931618091,11.44703,7.144257,False,6,"[0.0287823, 0.0074559, 0.1195026]","[0.183393, 0.1135202, 0.9056906]"
22,22,99,0.36750000000006366,12.28741,2.176477,9.881948158988504,4.193610906309475,11.31958,7.1363,False,6,"[0.0336837, 0.0092847, 0.1215164]","[0.1823924, 0.1140777, 0.9111638]"
23,23,99,0.38390000000003965,12.02667,1.90252,9.632432166485927,3.9576080501212028,11.2751,7.12234,False,6,"[0.0338791, 0.0090189, 0.1214064]","[0.1825136, 0.1143893, 0.9154615]"
24,24,99,0.4008999999999787,12.21006,-0.456989,9.203247073638497,1.6153001773432716,11.31809,7.321101,False,6,"[0.0329728, 0.0082368, 0.1212634]","[0.1842249, 0.118256, 0.9204427]"
25,25,99,0.4171000000000049,11.89055,-0.7090346,8.91731225850291,1.408324568090701,11.22621,7.391943,False,6,"[0.0282258, 0.0068961, 0.1187512]","[0.1836976, 0.1200715, 0.9255184]"
26,26,99,0.43430000000000746,4.284587,4.552471,4.778742352611593,7.54903576660239,11.28792,7.585302,False,6,"[0.0274671, 0.0057335, 0.1185246]","[0.1857953, 0.123957, 0.9308358]"
27,27,99,0.45150000000001,4.292693,5.006704,4.892101040090898,7.994422828255516,11.47495,8.063146,False,6,"[0.0269062, 0.004968, 0.1184421]","[0.1898034, 0.1324575, 0.9350058]"
28,28,99,0.4673999999999978,5.332314,-11.39405,1.7424100430167244,-8.256793158409426,11.828,8.509963,False,6,"[0.025752, 0.0044935, 0.1182341]","[0.196697, 0.1405377, 0.9392422]"
29,29,99,0.48450000000002547,5.793145,-11.17059,2.121629956395137,-8.095928800505842,12.1744,9.156715,False,6,"[0.0251735, 0.003925, 0.1181616]","[0.2033854, 0.1519587, 0.9427336]"
30,30,99,0.5013000000000147,-12.51567,-12.67634,-11.19808527080772,-7.2415526619139365,12.62646,9.97138,False,6,"[0.0255144, -0.0009405, 0.1179085]","[0.2118161, 0.1662406, 0.945559]"
31,31,99,0.5184000000000424,-12.09666,-10.97883,-10.499234954992296,-5.626659081376139,12.99551,10.59993,False,6,"[0.0247, -0.0014517, 0.1173059]","[0.2191756, 0.1777291, 0.9496933]"
32,32,99,0.5353000000000065,6.147142,-8.966325,2.894513231226319,-5.974707408769663,13.51382,11.0768,False,6,"[0.0088794, 0.0094368, 0.118518]","[0.2292703, 0.1867595, 0.9539658]"
33,33,99,0.5532000000000608,6.108683,-8.620333,2.949257995954163,-5.629763010960457,13.7508,11.44353,False,6,"[0.0088484, 0.0103272, 0.117881]","[0.2349134, 0.1943197, 0.9599534]"
34,34,99,0.5687000000000353,-12.91975,-10.60448,-10.993304050792819,-5.153810209037528,13.91432,11.66255,False,6,"[0.0106773, -0.0230541, 0.1143967]","[0.2393325, 0.1994034, 0.9660622]"
35,35,99,0.5871000000000777,-12.73514,-11.2029,-11.004378021569678,-5.765474113088923,14.00966,11.84847,False,6,"[0.011578, -0.0225353, 0.114119]","[0.2432362, 0.2045211, 0.9748665]"
36,36,99,0.6036000000000286,-8.062029,-12.35915,-7.969678331229111,-7.49762191336819,14.0118,11.76762,False,6,"[-0.0252132, -0.0255476, 0.1135825]","[0.2452966, 0.2047731, 0.9829682]"
37,37,99,0.6200000000000045,-7.848765,-12.04352,-7.743902777962561,-7.214609991028309,13.86119,11.65736,False,6,"[-0.0243529, -0.0220436, 0.1136284]","[0.2451084, 0.2049364, 0.9933221]"
38,38,99,0.6367999999999938,5.341579,-5.746455,3.087030534569229,-2.7075140302616587,13.53622,10.98201,False,6,"[0.012207, -0.0178832, 0.1133414]","[0.2416394, 0.1947733, 1.003705]"
39,39,99,0.6537000000000717,5.436149,-5.565853,3.196777029415209,-2.542075180381066,13.75818,11.18375,False,6,"[0.0121364, -0.0171914, 0.1134007]","[0.2479028, 0.2001758, 1.012469]"
40,40,99,0.6705000000000609,5.476985,-5.613519,3.2143963353701723,-2.5941276239611177,13.21395,10.59763,False,6,"[-0.0258487, -0.0210972, 0.112683]","[0.2403186, 0.1914958, 1.023483]"
41,41,99,0.6877000000000635,5.472517,-5.776094,3.172714707904545,-2.7533368139504244,13.39456,10.42782,False,6,"[-0.0255415, -0.0223832, 0.1130131]","[0.2461414, 0.1902252, 1.033629]"
42,42,99,0.7047999999999774,5.521096,-5.952251,3.165373367411009,-2.932657473707674,13.41987,10.10568,False,6,"[-0.0716748, -0.1108769, 0.5060171]","[0.2486883, 0.1857651, 1.042281]"
43,43,99,0.721300000000042,5.663221,-6.074315,3.2370802713747997,-3.070741865991973,12.80814,9.453052,False,6,"[-0.0698799, -0.1081531, 0.5069267]","[0.2398949, 0.1756925, 1.055208]"
44,44,99,0.7380000000000564,5.613708,-6.263055,3.1573068262421016,-3.249923157154023,12.34852,8.715765,False,6,"[0.0477277, -0.0513689, 0.5104613]","[0.233566, 0.1635573, 1.066889]"
45,45,99,0.7545999999999822,5.592048,-6.499241,3.086012617508574,-3.479285446497765,11.6123,7.820165,False,6,"[0.0486112, -0.0497783, 0.5108131]","[0.2219234, 0.1483219, 1.079949]"
46,46,99,0.7717000000000098,5.792736,-6.722322,3.1752496304646476,-3.724115734235184,10.99508,7.038385,False,6,"[0.0490296, -0.0502596, 0.511345]","[0.2120063, 0.1347219, 1.091178]"
47,47,99,0.788599999999974,5.536787,-6.611565,3.02027440536786,-3.5826322147772665,10.54938,6.410022,False,6,"[0.0490401, -0.0517785, 0.5118742]","[0.2051746, 0.1237732, 1.101724]"
48,48,99,0.8048999999999751,5.256438,-6.568563,2.8319706449619537,-3.5046275510778386,9.947201,5.783397,True,6,"[0.0494566, -0.0533457, 0.5116515]","[0.1948566, 0.1125334, 1.111073]"
49,49,99,0.8213000000000648,5.264208,-6.458879,2.8634589066309664,-3.397820651862806,9.242912,5.473745,True,6,"[0.0507781, -0.0544909, 0.5120561]","[0.1823916, 0.1074024, 1.1208]"
50,50,99,0.8382000000000289,5.24929,-6.471511,2.849903853111486,-3.4083334640018395,8.514655,5.250653,False,6,"[0.0503248, -0.0561902, 0.5119905]","[0.1689669, 0.1037176, 1.128609]"
51,51,99,0.85450000000003,5.200132,-6.48151,2.812730100578699,-3.411893234205115,7.888857,5.182948,False,6,"[0.0501848, -0.0583916, 0.5125567]","[0.1575156, 0.1031137, 1.136777]"
52,52,99,0.8744000000000369,1.494245,2.069498,2.214850699541549,5.4645145669903386,7.300149,5.226584,False,6,"[0.0517324, -0.0601055, 0.5099394]","[0.1463962, 0.1045355, 1.142777]"
53,53,99,0.8880000000000337,1.5366,2.030264,2.235543242279441,5.420555438527423,6.782955,5.291776,False,6,"[0.0497302, -0.0594628, 0.5130148]","[0.1367287, 0.1064741, 1.14955]"
54,54,99,0.9048999999999978,0.6132411,2.000059,1.5746324962592333,5.508590859345825,6.456921,5.285495,False,6,"[0.0472323, -0.0591161, 0.5133924]","[0.1305858, 0.1067448, 1.15385]"
55,55,99,0.9214000000000624,0.5004922,2.028522,1.5015479021746503,5.550938903818403,6.0704,5.200316,False,6,"[0.0473788, -0.0582142, 0.5142207]","[0.1232988, 0.1055205, 1.159405]"
56,56,99,0.9378000000000384,-0.5053582,1.903775,0.7598322830158236,5.556575390656125,5.710628,5.256251,False,6,"[0.0472273, -0.0583087, 0.5140413]","[0.1163833, 0.1070687, 1.163826]"
57,57,99,0.9546000000000276,-0.6291313,2.059345,0.7090572826037982,5.725249782035481,5.322992,5.275356,False,6,"[0.0468363, -0.0584666, 0.5146308]","[0.1088681, 0.1078882, 1.168464]"
58,58,99,0.9717000000000553,-1.096611,2.125672,0.3937879759346836,5.850035948116229,5.071508,5.31513,True,6,"[0.0136226, 0.0188709, 0.522229]","[0.1040216, 0.1090467, 1.172122]"
59,59,99,0.9877999999999929,-1.266559,2.177101,0.2856466460531525,5.922247423890653,4.693504,5.371373,True,6,"[0.0140145, 0.0185202, 0.522437]","[0.0965456, 0.1105662, 1.17594]"
60,60,99,1.0049000000000206,-1.245666,2.359534,0.34366233514907685,6.098879013391653,4.488022,5.53901,True,6,"[0.0055933, 0.018249, 0.5225667]","[0.0925469, 0.114342, 1.179072]"
61,61,99,1.021600000000035,-1.288203,2.400177,0.32317476158633895,6.144246111599035,4.453054,5.549407,True,6,"[0.0045658, 0.0185128, 0.5226766]","[0.0920391, 0.1148276, 1.181847]"
62,62,99,1.038599999999974,-1.220587,2.422475,0.37633105386287247,6.15754009946127,4.318534,5.601028,True,6,"[-0.004612, 0.0173803, 0.5228841]","[0.0894639, 0.1161828, 1.184705]"
63,63,99,1.054899999999975,-1.111493,2.395893,0.44727357156294223,6.1175066737947486,4.175206,5.577754,True,6,"[-0.0057441, 0.0188097, 0.5231041]","[0.0866531, 0.1159233, 1.187023]"
64,64,99,1.0726000000000795,-1.167516,2.348212,0.3963114415338901,6.077788240364197,4.052639,5.505136,False,6,"[-0.01002, 0.0194294, 0.5234625]","[0.0842609, 0.1146227, 1.189285]"
65,65,99,1.088200000000029,-1.176982,2.393713,0.40038970517407024,6.123713494912256,3.938592,5.473977,False,6,"[-0.0115795, 0.0199105, 0.5237408]","[0.0820057, 0.1141419, 1.191079]"
66,66,99,1.1055000000000064,-1.175494,2.441747,0.41282372714982307,6.17073163576303,3.839205,5.383544,False,6,"[-0.0113948, 0.0215927, 0.5240322]","[0.0800609, 0.1124288, 1.193029]"
67,67,99,1.1217000000000326,-1.262456,2.463999,0.35652516768398035,6.2036878804016276,3.812177,5.318735,False,6,"[-0.0117913, 0.0219787, 0.5243582]","[0.0795697, 0.111171, 1.194141]"
68,68,99,1.138900000000035,-1.231471,2.445979,0.3741936926399666,6.182027470645577,3.781049,5.225575,False,6,"[-0.0111742, 0.022187, 0.5244488]","[0.0790328, 0.1093715, 1.195877]"
69,69,99,1.1548999999999978,-1.233629,2.531919,0.3930271899036978,6.266764490985139,3.498313,5.049401,False,6,"[-0.010182, 0.021958, 0.524801]","[0.0731679, 0.1057519, 1.196863]"
70,70,99,1.1719000000000506,-1.349458,2.346295,0.26703910657822627,6.099100369391726,3.397583,5.007703,False,6,"[-0.0106922, 0.0215142, 0.5246463]","[0.0711849, 0.1050642, 1.199033]"
71,71,99,1.1884000000000015,-1.292925,2.335733,0.30456305887690804,6.0815125204747815,3.198693,4.980796,False,6,"[-0.0107798, 0.0219334, 0.5246903]","[0.067039, 0.1045438, 1.199571]"
72,72,99,1.2053000000000793,-2.958597,-0.03310871,-1.436001735514521,3.9657731527606437,3.126383,4.829326,True,6,"[-0.0107735, 0.0223893, 0.5250474]","[0.065553, 0.1013994, 1.200166]"
73,73,99,1.2218000000000302,-3.117688,-0.1678233,-1.5805583282650324,3.8536583960841853,3.080377,4.653266,True,6,"[-0.0115734, 0.0225986, 0.5251648]","[0.064584, 0.0976824, 1.20012]"
74,74,99,1.2390000000000327,-3.013251,-0.3471131,-1.5490934595600843,3.664137367531804,3.003181,4.474417,True,6,"[-0.0113031, 0.0224607, 0.5258108]","[0.0629418, 0.0938815, 1.199726]"
75,75,99,1.2549999999999955,-3.730821,-0.2274995,-2.0288061461840545,3.873178165836225,2.897477,4.196659,True,6,"[-0.0113231, 0.0232512, 0.5258173]","[0.0606921, 0.0879879, 1.199124]"
76,76,99,1.2726000000000113,-3.645439,0.1805312,-1.8716812011547552,4.263305499114721,2.96867,4.133655,True,6,"[-0.0124054, 0.0215773, 0.5266153]","[0.0620942, 0.0865344, 1.197354]"
77,77,99,1.2884000000000242,-3.585582,0.34968,-1.7892256812399023,4.421913767392381,2.981476,4.131711,True,6,"[-0.0118866, 0.0214819, 0.5266622]","[0.0622729, 0.0863693, 1.195634]"
78,78,99,1.3055000000000518,-2.924987,-0.2572878,-1.4653190622123686,3.741164777591784,2.841089,4.073497,False,6,"[-0.0271504, -0.0003036, 0.5253234]","[0.0592182, 0.0849795, 1.193265]"
79,79,99,1.321700000000078,-3.130613,-0.2069583,-1.598981545875525,3.8168443252375326,2.835608,4.217319,False,6,"[-0.0286076, -0.0015384, 0.5252208]","[0.0590061, 0.0878451, 1.191293]"
80,80,99,1.3385000000000673,-3.086902,-0.2669786,-1.5822537410129667,3.752283527285414,2.975,4.23385,False,6,"[-0.0276449, -0.0031817, 0.5251717]","[0.0617749, 0.0879956, 1.188658]"
81,81,99,1.3598000000000638,-3.208147,-0.4124533,-1.7025640447550998,3.62476866292291,3.283068,4.247365,False,6,"[-0.03437, -0.0020929, 0.5270878]","[0.0680293, 0.0880757, 1.18594]"
82,82,99,1.3725000000000591,-2.703638,-1.291063,-1.5535280316926836,2.6969495461791055,3.755611,4.045753,True,6,"[-0.0335175, 0.0016576, 0.5260867]","[0.0776012, 0.0836156, 1.182192]"
83,83,99,1.388400000000047,-2.581384,-1.314184,-1.4724480016085049,2.658639798413401,4.063094,3.707527,True,6,"[-0.0330033, 0.0032144, 0.5266868]","[0.0837512, 0.0764006, 1.179039]"
84,84,99,1.4058999999999742,-1.291012,-1.187473,-0.5288207440855788,2.618659291018311,4.122285,3.584492,True,6,"[-0.0268788, -0.0023623, 0.5260544]","[0.0847358, 0.0736501, 1.175713]"
85,85,99,1.421699999999987,-1.282513,-1.245163,-0.5364715488234768,2.5608779634983243,4.509287,3.536554,True,6,"[-0.0287802, -0.0019007, 0.5262046]","[0.0924628, 0.0724592, 1.172421]"
86,86,99,1.4391000000000531,-0.5752768,-0.8049245,0.06856800630016957,2.903377680528296,4.846078,3.529975,False,6,"[-0.0283967, -0.0024536, 0.5265594]","[0.0990038, 0.0720354, 1.167742]"
87,87,99,1.4551000000000158,-0.5230996,-0.7516016,0.11814395344535689,2.949131286164346,5.263293,3.811111,False,6,"[-0.0295018, -0.003789, 0.526336]","[0.1072077, 0.0775242, 1.16377]"
88,88,99,1.47199999999998,0.3096259,0.2826241,0.9527630142299284,3.8594031538197493,5.733746,3.906336,False,6,"[-0.0248344, -0.0118523, 0.5259027]","[0.1162841, 0.079081, 1.158114]"
89,89,99,1.4884000000000697,0.3342421,0.401776,0.9984218722811807,3.973367355301636,6.161712,3.936062,False,6,"[-0.0237101, -0.0120648, 0.5259069]","[0.124593, 0.0794071, 1.154081]"
90,90,99,1.5054000000000087,1.403114,0.8992879,1.8730754314003222,4.3260497345872,6.393857,4.397147,False,6,"[-0.0118551, -0.010904, 0.5260463]","[0.1286082, 0.0882516, 1.147679]"
91,91,99,1.521600000000035,1.3335,0.6907263,1.7743738758330456,4.129950478623083,6.703707,4.622793,False,6,"[-0.0117776, -0.0114345, 0.5260719]","[0.1345193, 0.0925401, 1.14447]"
92,92,99,1.5389999999999873,1.537664,0.2291021,1.8095549304560512,3.650236603634311,7.051431,4.737737,False,6,"[-0.0052837, -0.0073931, 0.5262208]","[0.1409021, 0.0944066, 1.139102]"
93,93,99,1.5551000000000386,1.572292,0.2188955,1.8316539594234298,3.6357907553725126,7.280057,4.73554,False,6,"[-0.004807, -0.006907, 0.5265018]","[0.1451763, 0.0941402, 1.136417]"
94,94,99,1.5719000000000278,2.221433,0.1002353,2.2631435909112243,3.4364111125291057,7.569089,4.585203,False,6,"[0.0028488, 0.0026004, 0.5271642]","[0.1503582, 0.0907473, 1.131539]"
95,95,99,1.5886000000000422,2.378579,0.1282029,2.3810319781472273,3.443862824313662,7.714654,4.284976,False,6,"[0.0030763, 0.0036979, 0.5273309]","[0.1530048, 0.0846276, 1.129472]"
96,96,99,1.6054000000000315,3.030584,-0.233345,2.7570030205551936,3.0054078416929673,7.877236,4.119809,False,6,"[0.0129304, 0.0082864, 0.5279047]","[0.1554722, 0.0809389, 1.123707]"
97,97,99,1.6218999999999824,3.013231,-0.2366383,2.7439365225904906,3.0043835536224037,8.063894,4.170663,False,6,"[0.0122882, 0.0063642, 0.5278852]","[0.158886, 0.0817773, 1.121457]"
98,98,99,1.6386999999999716,2.997895,-0.261853,2.7271043519965326,2.981557746740588,8.39905,4.291737,False,6,"[0.0141452, 0.002107, 0.5269456]","[0.1646574, 0.0836895, 1.115185]"
99,99,99,1.6552000000000362,2.965907,-0.2981511,2.6958563284922192,2.949962164099103,8.431609,4.359346,False,6,"[0.014486, 0.0020163, 0.5277513]","[0.1650172, 0.0848649, 1.113244]"
100,100,99,1.6719000000000506,2.668699,-0.2016928,2.5082812726559762,3.082653105489118,8.501722,4.451173,False,6,"[0.0204469, 0.0009221, 0.5271062]","[0.1657116, 0.0862962, 1.108574]"
101,101,99,1.6884999999999764,2.656866,-0.3370983,2.4678222494513644,2.951085098152011,8.302637,4.559098,False,6,"[0.0219002, 0.0011797, 0.5272333]","[0.1615773, 0.088289, 1.107216]"
102,102,99,1.7060000000000173,2.325397,-0.4420223,2.208277147295232,2.8902253783420284,8.074384,4.600749,False,6,"[0.0278577, -0.002143, 0.526182]","[0.1565005, 0.0887731, 1.103166]"
103,103,99,1.72199999999998,2.357888,-0.4142109,2.237870585877328,2.913416097749259,7.78929,4.52967,False,6,"[0.0277216, -0.0021751, 0.5266318]","[0.1508075, 0.0873395, 1.102454]"
104,104,99,1.738800000000083,1.45455,-0.2410912,1.639307848546445,3.198726671350625,7.657105,4.506485,False,6,"[0.0275402, -0.0024033, 0.525867]","[0.1477212, 0.0865998, 1.098764]"
105,105,99,1.7554999999999836,1.389828,-0.261503,1.5886474487236717,3.1869174801928812,7.394931,4.491165,False,6,"[0.0272627, -0.0027382, 0.5261943]","[0.1425468, 0.0862685, 1.09831]"
106,106,99,1.772299999999973,0.4031871,0.06912164,0.9684217642238139,3.637644476935807,7.160011,4.515481,False,6,"[0.0245091, -0.001851, 0.5258193]","[0.1376493, 0.0865358, 1.095756]"
107,107,99,1.7889000000000124,0.511842,0.04972741,1.0407563592036542,3.60473117844329,6.838664,4.488255,False,6,"[0.0244195, -0.0030961, 0.5262331]","[0.1312916, 0.0859337, 1.094761]"
108,108,99,1.8057000000000016,0.4655204,-0.008374948,0.9941939035482208,3.5535337756908705,6.647215,4.594295,False,6,"[0.0213464, -0.0040555, 0.525669]","[0.1271583, 0.0876802, 1.091121]"
109,109,99,1.822300000000041,0.3464049,-0.09638009,0.8890073418086331,3.4822285390762495,6.350176,4.59565,False,6,"[0.0216668, -0.0038041, 0.5261973]","[0.1213412, 0.0876433, 1.09034]"
110,110,99,1.8392999999999802,-0.6518692,-0.7294164,0.03222904840345131,2.9873520162113048,6.129009,4.678116,False,6,"[0.0133554, -0.0022132, 0.5259674]","[0.1167509, 0.0889706, 1.087256]"
111,111,99,1.8555000000000064,-0.7480952,-0.6386809,-0.014403081696938824,3.0887949791844114,5.920163,4.687974,False,6,"[0.0127724, -0.0024027, 0.5264414]","[0.112619, 0.0890604, 1.086054]"
112,112,99,1.8722999999999956,1.036139,0.1183116,1.4282172529295336,3.605292071003222,5.810547,4.590234,False,6,"[0.0037051, 0.0006352, 0.5265104]","[0.1101141, 0.0868758, 1.082071]"
113,113,99,1.8886999999999716,0.5936047,0.07830586,1.105416765204283,3.6223940052486956,5.412884,4.499938,False,6,"[0.0047094, 0.0004575, 0.5271613]","[0.102438, 0.0850821, 1.081086]"
114,114,99,1.9057000000000244,0.3254319,-0.07482191,0.8792657755868765,3.5060898242547482,5.127028,4.565395,False,6,"[0.0042755, -7.69e-05, 0.5262082]","[0.0967015, 0.0860607, 1.077777]"
115,115,99,1.9220000000000255,0.2967567,-0.1150245,0.8494381987316107,3.4702345504398577,4.943357,4.718501,False,6,"[0.0031851, -0.0008862, 0.5268117]","[0.0931186, 0.0888633, 1.076608]"
116,116,99,1.9395000000000664,-0.4470912,-0.2629366,0.28773656656604296,3.419701125699959,4.826373,4.995572,False,6,"[-0.00598, -0.0066914, 0.5255857]","[0.0906184, 0.0938111, 1.073221]"
117,117,99,1.9551000000000158,-0.5587296,-0.284161,0.2036660013406949,3.413074778554168,4.619822,5.215463,False,6,"[-0.0068687, -0.005864, 0.526036]","[0.086656, 0.0978871, 1.072392]"
118,118,99,1.97199999999998,-0.7040169,-0.1465571,0.13340193568124947,3.5668349635982715,4.508474,5.2626,False,6,"[0.0095079, 0.0010855, 0.5257031]","[0.0842931, 0.0984666, 1.069024]"
119,119,99,1.9931000000000267,-0.828474,0.08781695,0.1008133602175122,3.8130452353564417,4.191376,5.230419,False,6,"[0.0054848, 0.0007235, 0.5293863]","[0.0783283, 0.0978434, 1.068831]"
120,120,99,2.006399999999985,-1.27195,0.3537985,-0.15015759810264917,4.130991752892377,4.146957,5.315859,False,6,"[0.0029808, -0.0006853, 0.5247959]","[0.077471, 0.0994197, 1.068496]"
121,121,99,2.022000000000048,-1.327083,0.4810001,-0.15905540041825816,4.263034593939216,3.904612,5.449272,False,6,"[0.0027193, -0.001054, 0.5250219]","[0.072944, 0.1019505, 1.068714]"
122,122,99,2.0392000000000507,-1.937199,0.5149572,-0.5829829887970204,4.3741925933448345,3.815959,5.538631,False,6,"[-0.0040927, -0.0024069, 0.5244766]","[0.0710377, 0.1032762, 1.065037]"
123,123,99,2.0557999999999765,-1.868972,0.5937705,-0.516004167624764,4.442951960193797,3.656261,5.762681,False,6,"[-0.0051178, -0.0026028, 0.5247986]","[0.068073, 0.1075079, 1.065296]"
124,124,99,2.072400000000016,-2.21621,0.2918252,-0.8333934203980644,4.1904699901247575,3.718234,5.918289,False,6,"[-0.0064359, -0.0013397, 0.5237561]","[0.069095, 0.1102159, 1.063218]"
125,125,99,2.088700000000017,-2.173299,0.4318536,-0.7698353404229654,4.322619189006282,3.49362,5.919569,False,6,"[-0.0075852, 0.000804, 0.5245393]","[0.0650083, 0.1104063, 1.064823]"
126,126,99,2.106100000000083,-2.688396,0.6570462,-1.0811791840151328,4.60960940564957,3.430699,5.852582,False,6,"[-0.0116223, 0.0032323, 0.5234465]","[0.0638618, 0.1091944, 1.065274]"
127,127,99,2.122500000000059,-2.655827,0.7446306,-1.0373687569164218,4.691535127157919,3.300021,5.802062,False,6,"[-0.0121378, 0.0043987, 0.5239461]","[0.061534, 0.1084398, 1.067188]"
128,128,99,2.13900000000001,-2.77705,0.6284793,-1.1507160155928993,4.592836516134342,3.210359,5.805363,False,6,"[-0.0176901, 0.0047008, 0.5230142]","[0.0599613, 0.108688, 1.069018]"
129,129,99,2.1556000000000495,-2.774686,0.9312147,-1.0773164487165583,4.890063689184368,3.044175,5.822278,False,6,"[-0.0170742, 0.0054227, 0.5232472]","[0.0569704, 0.1092351, 1.071257]"
130,130,99,2.1725999999999885,-3.230379,0.9799537,-1.3884076138599322,4.996061645975091,2.844631,5.819073,False,6,"[-0.0202015, 0.0026588, 0.5220109]","[0.0532916, 0.1093015, 1.072502]"
131,131,99,2.189399999999978,-3.214492,0.8093781,-1.417573090140658,4.826394360060869,2.874193,5.920667,False,6,"[-0.0198342, 0.0039394, 0.5226475]","[0.0539969, 0.1115343, 1.075501]"
132,132,99,2.205699999999979,-3.325634,0.5786745,-1.550923212969066,4.6138284206276765,2.875195,5.712409,False,6,"[-0.0245115, 0.0059865, 0.5220118]","[0.0540583, 0.1076694, 1.076349]"
133,133,99,2.2221000000000686,-3.514652,0.4534026,-1.7144314336415967,4.514809400815256,2.835955,5.473604,False,6,"[-0.0242496, 0.0067945, 0.5227777]","[0.0534798, 0.1034505, 1.079588]"
134,134,99,2.2391000000000076,-3.528172,-0.02206119,-1.836653449652958,4.049246945744772,2.745723,5.334152,False,6,"[-0.0253281, 0.0057278, 0.5221571]","[0.0518226, 0.1008909, 1.080568]"
135,135,99,2.2554999999999836,-4.769708,-0.5163268,-2.8327871103411395,3.721768322072827,2.598287,5.023343,False,6,"[-0.0253385, 0.008498, 0.5228167]","[0.0491727, 0.0952459, 1.083581]"
136,136,99,2.272000000000048,-3.763124,-0.5529689,-2.128789323758324,3.557424985970098,2.520654,4.633374,False,6,"[-0.0295028, 0.0089412, 0.5227241]","[0.0476991, 0.0878137, 1.083526]"
137,137,99,2.2889999999999873,-3.01729,-0.5521265,-1.6005260974024451,3.463164994057381,2.427102,4.554128,False,6,"[-0.0293878, 0.0073923, 0.5232645]","[0.0460474, 0.0865324, 1.086376]"
138,138,99,2.30619999999999,-3.746909,-0.6547289,-2.141418382278526,3.455347902791374,2.459277,4.385038,False,6,"[-0.0304011, 0.0052842, 0.5231776]","[0.0466555, 0.0833012, 1.086304]"
139,139,99,2.322200000000066,-3.707211,-0.7368606,-2.1327706124015178,3.369567630936386,2.301927,4.344572,False,6,"[-0.0321593, 0.0041436, 0.5236031]","[0.0437497, 0.0826856, 1.088359]"
140,140,99,2.341000000000008,-3.421131,-0.925597,-1.9749374355267428,3.1476044393983815,2.341913,4.31903,False,6,"[-0.032251, -0.0002014, 0.5230789]","[0.0445207, 0.0822166, 1.08861]"
141,141,99,2.3822000000000116,-3.418859,-0.9604475,-1.9815858004297495,3.1130636815329864,2.397127,4.322969,False,6,"[-0.0437027, -0.0047201, 0.5237626]","[0.0456328, 0.0824023, 1.090071]"
142,142,99,2.3886999999999716,-3.77757,-0.9789801,-2.23995037190795,3.140582628802042,2.641603,4.349644,False,6,"[-0.0344637, -0.0050571, 0.5239761]","[0.0503324, 0.0829777, 1.090925]"
143,143,99,2.4062999999999874,-3.319584,-1.038691,-1.9298352479691196,3.0235091417037046,2.926832,4.419631,False,6,"[-0.0274915, -0.0050261, 0.5215568]","[0.0556905, 0.0841887, 1.089251]"
144,144,99,2.4225000000000136,-3.453749,-0.8584499,-1.9821226780673764,3.217755192132792,2.830886,4.473352,False,6,"[-0.0343458, -0.0059932, 0.5244493]","[0.0539833, 0.0854083, 1.091706]"
145,145,99,2.4488000000000056,-3.524195,-0.5625689,-1.961897860584164,3.517528551964053,2.766396,4.53377,False,6,"[-0.0340261, -0.0067541, 0.5251467]","[0.0527929, 0.0866345, 1.092563]"
146,146,99,2.4657000000000835,-3.4655,-0.06752193,-1.8030513872817302,3.9965779169115336,2.733245,4.654173,False,6,"[-0.0312786, -0.0084532, 0.523219]","[0.0520397, 0.0887413, 1.090057]"
147,147,99,2.4827999999999975,-3.620749,0.001538458,-1.8966082357350875,4.084243527629255,2.498179,4.798179,False,6,"[-0.0313633, -0.0088011, 0.5249849]","[0.0476857, 0.0917451, 1.09298]"
148,148,99,2.499900000000025,-3.888314,0.4715913,-1.974681355369337,4.580324201168022,2.559675,5.035109,False,6,"[-0.0349476, -0.0090446, 0.5292943]","[0.0487454, 0.0960702, 1.090391]"
149,149,99,2.5165000000000646,-3.848208,0.2431693,-2.0004046540309584,4.350717702728163,2.418573,5.262226,False,6,"[-0.0304694, -0.0095242, 0.5253104]","[0.0460972, 0.1005196, 1.09139]"
150,150,99,2.5334000000000287,-3.966049,0.08945294,-2.1202575271896467,4.214668946188177,2.36302,5.403222,False,6,"[-0.0316321, -0.0078534, 0.5241237]","[0.0449437, 0.1030145, 1.089126]"
151,151,99,2.5498000000000047,-3.914054,0.1277053,-2.0743811799254934,4.245634443553347,2.201257,5.555011,False,6,"[-0.0323755, -0.0051618, 0.5256922]","[0.0419052, 0.1060308, 1.0902]"
152,152,99,2.5669000000000324,-4.100206,0.2210028,-2.184075501934034,4.361060191729788,2.083653,5.528043,False,6,"[-0.0317841, -0.0006185, 0.5248518]","[0.0395765, 0.105279, 1.087784]"
153,153,99,2.5836000000000467,-4.149103,0.2638878,-2.208534880243809,4.409441578533145,1.895377,5.499752,False,6,"[-0.0332817, 1.41e-05, 0.5259579]","[0.036036, 0.1048486, 1.088944]"
154,154,99,2.6000000000000227,-4.319005,0.2978332,-2.32078595643917,4.464464295284794,1.891616,5.467682,False,6,"[-0.0356873, 0.0043218, 0.5250576]","[0.0358867, 0.1040081, 1.086589]"
155,155,99,2.6163999999999987,-4.222843,0.2446598,-2.2652997105757295,4.399945550126763,1.732255,5.579009,False,6,"[-0.0353083, 0.0022278, 0.5249121]","[0.0328847, 0.106214, 1.087356]"
156,156,99,2.6334000000000515,-4.325963,0.1876104,-2.3518269633685525,4.357024339508448,1.738184,5.665752,False,6,"[-0.0363315, 0.0008181, 0.5240265]","[0.0329288, 0.1076523, 1.085099]"
157,157,99,2.650100000000066,-4.065343,0.2731282,-2.1470420326716817,4.407844316319323,1.5754,5.64892,False,6,"[-0.0359212, 0.0011702, 0.5250133]","[0.029847, 0.1073436, 1.085233]"
158,158,99,2.666900000000055,-4.042609,0.2640247,-2.133102812899184,4.3959989859186415,1.519381,5.68872,False,6,"[-0.0376272, 0.0020247, 0.5249003]","[0.0287282, 0.107891, 1.083086]"
159,159,99,2.683499999999981,-4.061792,0.2656694,-2.146295043796498,4.400061078170103,1.436935,5.728607,False,6,"[-0.0381085, 0.0024195, 0.5253281]","[0.0271643, 0.1086352, 1.082913]"
160,160,99,2.7004000000000588,-4.084436,0.2980296,-2.154660430779187,4.434751635419515,1.417381,5.766952,False,6,"[-0.0397223, 0.002734, 0.5259566]","[0.0267422, 0.1091536, 1.080798]"
161,161,99,2.717399999999998,-4.151704,0.2450708,-2.214834666093248,4.391279824499497,1.446689,5.813577,False,6,"[-0.0387942, 0.0022436, 0.525409]","[0.0272819, 0.1099878, 1.080264]"
162,162,99,2.733600000000024,-4.180547,0.3222927,-2.216960162390136,4.470850815290031,1.535575,5.869244,False,6,"[-0.0396607, 0.0017168, 0.5242923]","[0.0289018, 0.1108292, 1.078132]"
163,163,99,2.751100000000065,-4.16658,0.3375233,-2.203462758394743,4.484038778275,1.530788,5.897183,False,6,"[-0.0372734, 0.0025, 0.524439]","[0.0287581, 0.1111538, 1.076131]"
164,164,99,2.7676999999999907,-4.239897,0.2622235,-2.273212950794323,4.419381416217738,1.545009,5.998896,False,6,"[-0.0370088, 0.0024131, 0.523654]","[0.028962, 0.1128378, 1.073779]"
165,165,99,2.78430000000003,-4.308484,0.1630984,-2.3452590468681795,4.330705495165917,1.540975,6.07974,False,6,"[-0.0372468, 0.0024321, 0.5245236]","[0.0288418, 0.1141935, 1.072123]"
166,166,99,2.800799999999981,-5.275231,2.453176,-2.4871546274588354,6.704647926440959,1.57409,6.040461,False,6,"[-0.0374124, 0.0027253, 0.5239251]","[0.0293983, 0.1132053, 1.069809]"
167,167,99,2.820699999999988,-5.254285,2.440066,-2.4754305862909,6.689092960799324,1.589247,6.049768,False,6,"[-0.0382087, 0.0022515, 0.5263781]","[0.0296264, 0.1131705, 1.067822]"
168,168,99,2.8355999999999995,-5.028816,2.536333,-2.2929864218807183,6.754958731874464,1.585257,6.018152,False,6,"[-0.0384807, 0.0029614, 0.5264542]","[0.0294885, 0.1123328, 1.065528]"
169,169,99,2.8534000000000788,-5.068521,2.428256,-2.3467044876914116,6.653802651905023,1.483691,5.932756,False,6,"[-0.03835, 0.0031012, 0.5264319]","[0.0275318, 0.1104603, 1.062958]"
170,170,99,2.870400000000018,-5.046344,2.41147,-2.334979815864021,6.63447796816585,1.589627,5.927296,False,6,"[-0.0390521, 0.0024108, 0.5267659]","[0.0294227, 0.1100741, 1.060225]"
171,171,99,2.886000000000081,-5.221976,2.520303,-2.433545032073178,6.763830800347199,1.585626,5.993428,False,6,"[-0.0396721, 0.001499, 0.5265786]","[0.0292619, 0.1109825, 1.057094]"
172,172,99,2.902900000000045,-5.219121,2.660204,-2.3983774916494416,6.900961611845263,1.787454,6.096035,False,6,"[-0.0487163, 0.0226046, 0.5276258]","[0.032883, 0.1125346, 1.053703]"
173,173,99,2.921699999999987,-5.244681,2.60128,-2.430435036098665,6.84630975987816,1.738031,5.884543,False,6,"[-0.0488275, 0.0226254, 0.5309504]","[0.0318867, 0.1083086, 1.050853]"
174,174,99,2.9365999999999985,-5.254425,2.379409,-2.489900914269369,6.629497067382763,1.677698,5.668882,False,6,"[-0.0465619, 0.0234389, 0.5291399]","[0.0307017, 0.10405, 1.048206]"
175,175,99,2.953200000000038,-5.132488,2.591617,-2.3532898248392407,6.822509241469773,1.682263,5.63959,False,6,"[-0.0469326, 0.0224395, 0.5291532]","[0.0306779, 0.1031477, 1.044549]"
176,176,99,2.9704000000000406,-5.137041,2.404327,-2.4008872538345707,6.639020968904846,1.770851,5.672525,False,6,"[-0.0467299, 0.022286, 0.5291948]","[0.0321927, 0.1034273, 1.04126]"
177,177,99,2.987600000000043,-5.293937,2.532767,-2.4815416479759307,6.785254883501049,1.883418,5.630487,False,6,"[-0.0483756, 0.023298, 0.5293087]","[0.0341004, 0.1022357, 1.036999]"
178,178,99,3.0045000000000073,-5.109324,2.49834,-2.358989027493454,6.727883314430017,2.099516,5.403436,False,6,"[-0.0483774, 0.0246076, 0.5296198]","[0.0378919, 0.0977672, 1.033608]"
179,179,99,3.0217999999999847,-5.23068,2.47873,-2.449557332149762,6.724082517454669,2.105375,5.138424,False,6,"[-0.0486159, 0.0240619, 0.5296222]","[0.0378359, 0.0925498, 1.029204]"
180,180,99,3.0376999999999725,-4.595216,2.307431,-2.0402227455566,6.47471313363699,2.354791,5.191722,False,6,"[-0.0486871, 0.0219982, 0.5294092]","[0.0421776, 0.0931937, 1.025669]"
181,181,99,3.054200000000037,-4.599917,2.213559,-2.0657918310064467,6.383055006062159,2.395984,5.156914,False,6,"[-0.0475975, 0.0239861, 0.5299253]","[0.0427066, 0.0921135, 1.02066]"
182,182,99,3.071199999999976,-4.290387,2.193897,-1.8512975602781232,6.324268565376929,2.389676,4.970884,False,6,"[-0.0476311, 0.0222464, 0.5298271]","[0.0424501, 0.0884735, 1.01721]"
183,183,99,3.087600000000066,-4.292378,2.165415,-1.859455342777474,6.296530272390486,2.503162,5.06612,False,6,"[-0.0490504, 0.0234155, 0.5293562]","[0.0442502, 0.0897344, 1.012213]"
184,184,99,3.1048000000000684,-4.179421,2.677944,-1.6580484722977218,6.7858430152865505,2.774203,4.956766,False,6,"[-0.0473034, 0.0230835, 0.5290517]","[0.0488613, 0.0874523, 1.008347]"
185,185,99,3.1257000000000517,-4.026943,3.096213,-1.4509926576974905,7.1774783506414686,2.94751,4.935917,False,6,"[-0.0485931, 0.0229778, 0.530799]","[0.0516914, 0.0867008, 1.003926]"
186,186,99,3.1379000000000588,-3.888628,2.964157,-1.3843506631428952,7.030059558420977,3.055732,4.963905,False,6,"[-0.0425093, 0.0213113, 0.5288935]","[0.0534137, 0.0869035, 1.000571]"
187,187,99,3.1544000000000096,-4.02742,2.756083,-1.5319159390869141,6.843259160892991,3.102444,5.174314,False,6,"[-0.0425111, 0.0204232, 0.5283722]","[0.0540287, 0.0902675, 0.9968232]"
188,188,99,3.171100000000024,-3.953602,2.387779,-1.5669121949728968,6.471878522493464,3.274871,5.250926,False,6,"[-0.0396331, 0.0202384, 0.5282884]","[0.0568685, 0.0913394, 0.9938637]"
189,189,99,3.1878000000000384,-3.924542,2.233943,-1.5827849123127886,6.316983474511712,3.330312,5.285177,False,6,"[-0.0396265, 0.0199628, 0.5279552]","[0.0576574, 0.0916588, 0.9908392]"
190,190,99,3.2046000000000276,-3.691593,1.781233,-1.525111565912026,5.842360622991765,3.348531,5.089594,False,6,"[-0.0386192, 0.0247191, 0.5284914]","[0.057816, 0.0880088, 0.9881464]"
191,191,99,3.2210000000000036,-3.585317,1.704098,-1.4681415496458232,5.753002945923299,3.212896,4.727413,False,6,"[-0.0371944, 0.0285785, 0.5283339]","[0.055317, 0.0814923, 0.9854366]"
192,192,99,3.2380000000000564,-3.109648,1.558555,-1.1658423845795673,5.549319168654944,3.273448,4.307037,False,6,"[-0.0359177, 0.0273611, 0.5284055]","[0.056232, 0.0740462, 0.9831678]"
193,193,99,3.2549000000000206,-3.133506,1.627414,-1.1664197992581136,5.620035547584665,3.419446,4.206213,False,6,"[-0.0371874, 0.0254261, 0.5281721]","[0.0585618, 0.07208, 0.9800879]"
194,194,99,3.27170000000001,-2.830619,1.773314,-0.9174029880053587,5.724810486723507,3.789152,4.051582,False,6,"[-0.0364876, 0.0220145, 0.527941]","[0.0647216, 0.0692186, 0.9772289]"
195,195,99,3.288000000000011,-2.839072,1.896445,-0.8942149561378232,5.846901410480434,3.87694,4.082214,False,6,"[-0.0362307, 0.0206015, 0.5281168]","[0.0660082, 0.0695147, 0.9740195]"
196,196,99,3.304899999999975,-2.906877,1.792978,-0.9667360903396574,5.7538585682712835,4.01038,4.12731,False,6,"[-0.0340462, 0.0164102, 0.5276859]","[0.0680972, 0.0700895, 0.971307]"
197,197,99,3.3213000000000648,-2.913639,1.761853,-0.9788980198434172,5.72413099757938,3.937986,4.246778,False,6,"[-0.0330676, 0.0157011, 0.5277524]","[0.0666627, 0.0719084, 0.9683816]"
198,198,99,3.339800000000082,-3.057264,1.741969,-1.085298087327692,5.722900033601105,3.882928,4.324788,False,6,"[-0.0286549, 0.0143513, 0.5274531]","[0.0655814, 0.0730713, 0.9662257]"
199,199,99,3.35469999999998,-3.142404,1.752041,-1.1431923943181659,5.743653475155614,3.766906,4.374472,False,6,"[-0.0288708, 0.0149834, 0.5273728]","[0.0634506, 0.0737217, 0.9637122]"
200,200,99,3.3717000000000326,-3.691539,1.260403,-1.6484713738121362,5.330481647751901,3.740527,4.274283,False,6,"[-0.0260845, 0.0163332, 0.527557]","[0.0628426, 0.0718412, 0.9612271]"
201,201,99,3.3879000000000588,-3.820877,1.269393,-1.737914998808705,5.355806592428708,3.484726,4.112045,False,6,"[-0.0261604, 0.0174667, 0.5275156]","[0.0584103, 0.0689588, 0.9591965]"
202,202,99,3.404899999999998,-2.374149,0.8805579,-0.80573108159449,4.789212868536257,3.314655,3.997296,False,6,"[-0.0267811, 0.0165099, 0.5274139]","[0.0554138, 0.06686, 0.9567912]"
203,203,99,3.421199999999999,-2.343999,0.9301158,-0.7726428064180404,4.83407452233477,3.107635,3.998693,False,6,"[-0.0268487, 0.0162263, 0.5275154]","[0.0518321, 0.066737, 0.9546969]"
204,204,99,3.4384999999999764,-2.983008,0.8157393,-1.252171199055041,4.803133782940016,2.994475,3.924222,False,6,"[-0.0281719, 0.0160415, 0.527464]","[0.0497941, 0.0652973, 0.9518851]"
205,205,99,3.4547999999999774,-3.015769,0.8031328,-1.2783533699955283,4.794920872809815,2.641306,3.97224,False,6,"[-0.0289616, 0.0161363, 0.5275304]","[0.0438248, 0.0659668, 0.9499832]"
206,206,99,3.471400000000017,-3.005748,0.4778315,-1.348330581097458,4.473936928353681,2.582617,3.860317,False,6,"[-0.0340198, 0.0116012, 0.5272856]","[0.0427062, 0.0638878, 0.9468028]"
207,207,99,3.4880000000000564,-3.06886,0.5615903,-1.3731703744656425,4.56430141401771,2.51709,3.905932,False,6,"[-0.0352236, 0.0116868, 0.5274109]","[0.0415124, 0.064476, 0.9443265]"
208,208,99,3.5047000000000708,-3.748155,0.6154541,-1.841361506314473,4.703843504502741,2.586052,3.758837,False,6,"[-0.0218539, 0.0081015, 0.5271025]","[0.042526, 0.0618585, 0.9415535]"
209,209,99,3.5212999999999965,-3.762756,0.6489875,-1.8437543459981853,4.738661665005763,2.461556,3.748986,False,6,"[-0.0215802, 0.0085592, 0.5272042]","[0.0403542, 0.0615101, 0.9387168]"
210,210,99,3.538599999999974,-4.221653,0.6887396,-2.1592432277753857,4.836235774667539,2.406623,3.781513,False,6,"[-0.02747, 0.0075057, 0.5271504]","[0.0393435, 0.0618736, 0.9361197]"
211,211,99,3.554899999999975,-4.303013,0.7967948,-2.191246484413779,4.952805254226297,2.206838,3.86015,False,6,"[-0.0277615, 0.0073869, 0.5269468]","[0.0359803, 0.0630001, 0.9336876]"
212,212,99,3.572200000000066,-4.295038,1.022333,-2.132164235347852,5.173447606894209,2.191908,4.079327,False,6,"[-0.0276489, 0.0043915, 0.526561]","[0.035638, 0.0664053, 0.9311126]"
213,213,99,3.588100000000054,-4.434226,1.032833,-2.228224076361771,5.201512377294955,2.077781,4.206829,False,6,"[-0.0282169, 0.0051588, 0.5263066]","[0.0336998, 0.0683239, 0.9288788]"
214,214,99,3.6053000000000566,-4.438746,1.337005,-2.159358135486856,5.501029097086465,2.232235,4.144328,False,6,"[-0.0344595, 0.0056505, 0.5260098]","[0.0361385, 0.0671773, 0.9271125]"
215,215,99,3.621399999999994,-4.55554,1.30425,-2.24981085264497,5.483727766139452,2.151628,4.24549,False,6,"[-0.0345732, 0.0059547, 0.5256917]","[0.0347724, 0.0687048, 0.9255209]"
216,216,99,3.638500000000022,-4.513413,1.655892,-2.136671146613576,5.823950913843674,2.147001,4.342055,False,6,"[-0.0387982, 0.0063186, 0.5256114]","[0.0346497, 0.0701765, 0.9242437]"
217,217,99,3.654800000000023,-4.602114,2.018376,-2.11359122538768,6.191509116278245,2.142169,4.440188,False,6,"[-0.0395183, 0.0073044, 0.5252075]","[0.0345343, 0.0716913, 0.9232447]"
218,218,99,3.671699999999987,-4.560294,1.64164,-2.1732403881797144,5.815920992855704,2.042069,4.49122,False,6,"[-0.0394245, 0.0093675, 0.5249372]","[0.0329024, 0.0724817, 0.9227749]"
219,219,99,3.6882000000000517,-4.996624,1.846115,-2.433724338115059,6.072507771584071,2.033708,4.578575,False,6,"[-0.0406731, 0.0094558, 0.5244975]","[0.0327685, 0.0738995, 0.9228009]"
220,220,99,3.704900000000066,-4.689534,1.961537,-2.1889527518097642,6.146793061793447,2.163406,4.399315,False,6,"[-0.0406865, 0.012233, 0.5241345]","[0.0348769, 0.0710287, 0.9232441]"
221,221,99,3.72180000000003,-4.808617,1.60642,-2.357401981538496,5.8129659595955845,2.1419,4.512089,False,6,"[-0.0417328, 0.011925, 0.5237739]","[0.0345464, 0.0728916, 0.9236834]"
222,222,99,3.7380000000000564,-4.771156,1.636392,-2.3237777934226367,5.83764648273135,2.217715,4.5022,False,6,"[-0.0413595, 0.0151469, 0.5239545]","[0.0358068, 0.0728054, 0.9246257]"
223,223,99,3.7547000000000708,-4.905298,1.933572,-2.3483431019710945,6.146817234089474,2.04595,4.155083,False,6,"[-0.0421588, 0.0184577, 0.523743]","[0.0330598, 0.0672298, 0.9254278]"
224,224,99,3.771600000000035,-4.867013,1.443337,-2.4373859434153635,5.660132897947946,1.915712,3.782015,False,6,"[-0.0417182, 0.0149903, 0.5230424]","[0.0310467, 0.0613589, 0.9282091]"
225,225,99,3.7883000000000493,-5.045697,1.335397,-2.5894711361465843,5.576830178845819,2.174416,4.203244,False,6,"[-0.04571, 0.0168516, 0.5228226]","[0.0352589, 0.0682468, 0.9286242]"
226,226,99,3.804899999999975,-4.745587,1.036938,-2.4477005813842414,5.24524282536558,2.119927,3.544445,False,6,"[-0.0429156, 0.0179176, 0.5231625]","[0.0344481, 0.0576433, 0.9306127]"
227,227,99,3.8215000000000146,-4.74248,0.921796,-2.4727808757834726,5.131685068915125,2.155446,3.913794,False,6,"[-0.0439632, 0.0146562, 0.5226011]","[0.0350732, 0.063754, 0.9318703]"
228,228,99,3.838700000000017,-4.121359,0.005085301,-2.2502086158188526,4.1515531609703435,2.367982,3.604722,False,6,"[-0.0436347, 0.0149351, 0.5227884]","[0.038668, 0.0589076, 0.9350798]"
229,229,99,3.85469999999998,-4.051574,-0.09429966,-2.224346460624249,4.044980518846315,2.384736,3.100784,False,6,"[-0.044842, 0.0176393, 0.522491]","[0.039006, 0.0507384, 0.9366195]"
230,230,99,3.871399999999994,-3.463564,-0.6435715,-1.9381616442540879,3.430189169368502,2.517528,2.703666,False,6,"[-0.0444908, 0.013165, 0.5224971]","[0.0412786, 0.044335, 0.9388452]"
231,231,99,3.8881999999999834,-3.479677,-0.3730235,-1.8854701436379884,3.6981382135868315,2.787462,2.491598,False,6,"[-0.0461131, 0.012175, 0.5222768]","[0.0457693, 0.0409048, 0.940037]"
232,232,99,3.905300000000011,-3.442483,-0.4918588,-1.8872912781029858,3.576604857897318,2.980345,2.244743,False,6,"[-0.0433778, 0.0094577, 0.5225235]","[0.049031, 0.0369149, 0.9417489]"
233,233,99,3.921699999999987,-3.548576,-0.4272963,-1.94711047618999,3.6535829420700603,3.112878,2.294738,False,6,"[-0.0433586, 0.0084091, 0.5226349]","[0.0512704, 0.0377783, 0.9427563]"
234,234,99,3.93870000000004,-3.582031,-0.5346957,-1.9962428907621477,3.5522959825652167,3.091923,2.336422,False,6,"[-0.0376397, 4.64e-05, 0.5223703]","[0.050985, 0.0385109, 0.9438742]"
235,235,99,3.954900000000066,-3.638337,-0.5424955,-2.03795650637684,3.5518089008206553,2.898142,2.575538,False,6,"[-0.0370136, -0.00086, 0.5225586]","[0.047838, 0.0425053, 0.9449427]"
236,236,99,3.97199999999998,-3.54814,-0.5306953,-1.9712996666089744,3.551906745543768,2.767063,2.717947,False,6,"[-0.0315964, -0.0058641, 0.5220446]","[0.0457598, 0.0449464, 0.9467822]"
237,237,99,3.988800000000083,-3.607377,-0.4163339,-1.9861453474592237,3.67185345635101,2.712903,2.700551,False,6,"[-0.0317615, -0.0034007, 0.5223358]","[0.044897, 0.0446922, 0.947503]"
238,238,99,4.005200000000059,-3.918062,-0.4632307,-2.2172268725058504,3.6653731148522466,2.575442,2.757484,False,6,"[-0.0314317, -0.0044856, 0.5225113]","[0.0426743, 0.0456952, 0.948735]"
239,239,99,4.021799999999985,-4.009091,-0.4507313,-2.2787155818926705,3.689263007499216,2.495562,2.809509,False,6,"[-0.0323975, -0.0038962, 0.5224252]","[0.0413607, 0.0465718, 0.9490022]"
240,240,99,4.038900000000012,-4.215199,-0.2385968,-2.374383558316277,3.9240260742237965,2.463176,2.929062,False,6,"[-0.0327272, -0.004879, 0.5228005]","[0.0408382, 0.0485747, 0.9493486]"
241,241,99,4.055299999999988,-4.159303,-0.1349073,-2.3102414903938033,4.0188058923748144,2.285458,2.975961,False,6,"[-0.0332426, -0.0049501, 0.5227944]","[0.0378782, 0.0493405, 0.9490907]"
242,242,99,4.072099999999978,-4.380529,-0.1278055,-2.4651908049325355,4.053990101957774,2.29789,3.267342,False,6,"[-0.0324362, -0.0048454, 0.5231135]","[0.0380923, 0.0541928, 0.9492884]"
243,243,99,4.088500000000067,-4.427568,-0.1871069,-2.5125452763848943,4.001705742677985,2.1342,3.364104,False,6,"[-0.0329842, -0.0038018, 0.5231937]","[0.0353523, 0.0557636, 0.9486466]"
244,244,99,4.105300000000057,-4.442365,0.002820465,-2.478023129331,4.190252990527035,2.176133,3.50338,False,6,"[-0.0358531, -0.0042324, 0.5234801]","[0.0360512, 0.0580837, 0.9487423]"
245,245,99,4.121700000000033,-4.434358,0.06953962,-2.45654654580755,4.254803794213313,2.195271,3.532248,False,6,"[-0.0366856, -0.0041178, 0.5234348]","[0.0363099, 0.0584691, 0.9472121]"
246,246,99,4.138699999999972,-4.636534,0.2213884,-2.5637138365220484,4.429816714152187,2.119138,3.596757,False,6,"[-0.0386376, -0.0021831, 0.5242394]","[0.0350011, 0.0594575, 0.9459044]"
247,247,99,4.155399999999986,-4.770463,0.1726736,-2.670079723868671,4.399014656751072,2.087807,3.628326,False,6,"[-0.0381409, -0.0012349, 0.5244797]","[0.0344223, 0.0598748, 0.9442339]"
248,248,99,4.172300000000064,-4.766858,0.503567,-2.5891301516791754,4.723757314394534,2.024536,3.6982,False,6,"[-0.0402188, -0.0011711, 0.5250223]","[0.033335, 0.060952, 0.94301]"
249,249,99,4.188600000000065,-4.818539,0.452252,-2.6378790572406956,4.679913812738448,1.946343,3.850643,False,6,"[-0.0406397, -0.001714, 0.524858]","[0.0319649, 0.0633103, 0.9406097]"
250,250,99,4.205500000000029,-4.694345,0.5201219,-2.533867385245658,4.730782650980441,1.786826,3.986197,False,6,"[-0.0408493, 2.59e-05, 0.5258015]","[0.029282, 0.0654091, 0.9386426]"
251,251,99,4.22199999999998,-4.725479,0.6448967,-2.5263484432676853,4.85738074964787,1.753693,4.072207,False,6,"[-0.0407605, 0.0006379, 0.5256093]","[0.0286509, 0.0666211, 0.9357768]"
252,252,99,4.242200000000025,-4.898751,0.9157175,-2.5848636560322853,5.145634424479765,1.565462,4.144549,False,6,"[-0.042786, 0.0020385, 0.5275716]","[0.025518, 0.06766, 0.9337251]"
253,253,99,4.258699999999976,-4.969742,0.8577433,-2.648862118508353,5.097708127799058,1.564111,4.13525,False,6,"[-0.0439969, 0.0015889, 0.5272038]","[0.0254146, 0.067292, 0.9307426]"
254,254,99,4.273199999999974,-5.113181,0.6300915,-2.8043560375392644,4.892259110189547,1.525383,4.202819,False,6,"[-0.043937, 0.0046309, 0.5268862]","[0.0247072, 0.0681809, 0.9278219]"
255,255,99,4.288999999999987,-5.21656,0.6309086,-2.877356602716846,4.906242156949926,1.444306,4.226302,False,6,"[-0.0444192, 0.0041593, 0.5269288]","[0.0233034, 0.0682995, 0.9242531]"
256,256,99,4.306100000000015,-5.595743,0.4854239,-3.1802939337505274,4.81160250814537,1.378378,4.315019,False,6,"[-0.0433022, 0.0047872, 0.5273326]","[0.0221515, 0.0694635, 0.9206073]"
257,257,99,4.322400000000016,-5.671954,0.5453955,-3.220043850702308,4.880258935223888,1.209424,4.273891,False,6,"[-0.0436065, 0.0059378, 0.5275229]","[0.0193515, 0.0685019, 0.9166319]"
258,258,99,4.3396999999999935,-6.000803,0.6533597,-3.4272952491356747,5.028291859086658,1.159644,4.276891,False,6,"[-0.0452793, 0.0084441, 0.5282958]","[0.0184692, 0.0682338, 0.9124019]"
259,259,99,4.35570000000007,-6.129962,0.570694,-3.5383277348727864,4.963514696200594,0.9641613,4.255968,False,6,"[-0.0459416, 0.0079099, 0.5283284]","[0.0152831, 0.0675801, 0.9081207]"
260,260,99,4.372600000000034,-6.081822,0.7622436,-3.4588607313805575,5.145632310800874,0.9955713,4.304499,False,6,"[-0.0472782, 0.0058108, 0.5283685]","[0.0157087, 0.0680402, 0.9039559]"
261,261,99,4.38900000000001,-6.112836,0.7686921,-3.479291375219801,5.155923939479833,0.8723448,4.323271,False,6,"[-0.0482354, 0.0058179, 0.5283263]","[0.0136939, 0.0679896, 0.8993466]"
262,262,99,4.406000000000063,-6.024696,0.9850513,-3.365625632300694,5.357324764554699,0.8502581,4.351416,False,6,"[-0.0517736, 0.0044771, 0.5284321]","[0.013279, 0.0680848, 0.8947589]"
263,263,99,4.422300000000064,-5.94383,1.087395,-3.284123218200212,5.447598453109908,0.9094161,4.369001,False,6,"[-0.052503, 0.0050322, 0.5286298]","[0.014125, 0.067985, 0.8898376]"
264,264,99,4.4401000000000295,-6.088747,0.7398931,-3.469059162726997,5.124549106089929,0.8382193,4.275571,False,6,"[-0.055601, 0.0060319, 0.5289367]","[0.0129401, 0.0661224, 0.8844432]"
265,265,99,4.455900000000042,-6.10342,1.059891,-3.4036321618064393,5.440913958294086,0.8905684,4.241086,False,6,"[-0.0567866, 0.0052668, 0.5287484]","[0.0136707, 0.0652168, 0.8794489]"
266,266,99,4.472700000000032,-5.917988,0.6268771,-3.374935176985449,4.991706487307717,0.9675537,4.143753,False,6,"[-0.0563788, 0.0070399, 0.5291387]","[0.0147602, 0.0633182, 0.8739755]"
267,267,99,4.489100000000008,-6.066001,0.5597243,-3.49564122205899,4.944579148513067,1.00714,4.08916,False,6,"[-0.056634, 0.0070951, 0.5288161]","[0.0152715, 0.0621039, 0.868699]"
268,268,99,4.5067000000000235,-5.976238,-0.0006658971,-3.5648583036550097,4.382383199687055,0.9267965,3.912674,False,6,"[-0.0558654, 0.0091013, 0.5293286]","[0.0139701, 0.0590644, 0.8635733]"
269,269,99,4.522500000000036,-6.151948,-0.2223184,-3.7417792724542993,4.186944591332956,0.8892558,3.565322,False,6,"[-0.0550392, 0.0100342, 0.5286483]","[0.0133174, 0.0534585, 0.857985]"
270,270,99,4.539600000000064,-5.931583,-0.3504204,-3.616107624828527,4.032951070656976,0.9043015,3.682634,False,6,"[-0.0564291, 0.0068317, 0.5290033]","[0.0134604, 0.0548864, 0.8527658]"
271,271,99,4.555900000000065,-5.978487,-0.437279,-3.6698955243065594,3.9535662643903366,0.9554766,3.112149,False,6,"[-0.0564918, 0.0097741, 0.5283084]","[0.0141366, 0.0460863, 0.8476309]"
272,272,99,4.5733000000000175,-6.109098,-0.1682709,-3.6986354711839393,4.234599478177954,0.9182824,3.061233,False,6,"[-0.0548199, 0.0057865, 0.5288575]","[0.0134953, 0.0450275, 0.8419584]"
273,273,99,4.58929999999998,-6.092347,0.1109169,-3.620628687200252,4.50684982529307,1.093506,2.903174,False,6,"[-0.0561205, 0.0051592, 0.5280986]","[0.0159729, 0.0424379, 0.8368183]"
274,274,99,4.606400000000008,-6.244401,0.5081535,-3.6341700225206193,4.916639911114111,1.062921,3.059375,False,6,"[-0.0552654, -6.1e-06, 0.5279214]","[0.0154294, 0.0444471, 0.8316116]"
275,275,99,4.622600000000034,-6.256079,0.4279431,-3.6614421622618716,4.839297925647633,1.15353,3.269222,False,6,"[-0.0568155, -0.0020453, 0.527112]","[0.0166474, 0.0472254, 0.8267651]"
276,276,99,4.639800000000037,-6.119891,0.3424738,-3.5852685322011615,4.73793575056815,1.108932,3.603779,False,6,"[-0.0547744, -0.0032244, 0.5271984]","[0.0159168, 0.0517877, 0.8222766]"
277,277,99,4.655799999999999,-6.254331,0.1541999,-3.7250613616713872,4.570040059871994,1.308577,3.863012,False,6,"[-0.0551617, -0.0040201, 0.5267308]","[0.0186758, 0.0552063, 0.8175734]"
278,278,99,4.6725999999999885,-6.046927,-0.4243115,-3.715279917926641,3.9750362882019075,1.373313,3.852031,False,6,"[-0.0564242, -0.0015483, 0.527182]","[0.0195012, 0.0547713, 0.81345]"
279,279,99,4.68889999999999,-6.036954,-0.2624238,-3.6698634923385285,4.132868155549768,1.402346,3.50074,False,6,"[-0.0562621, 0.0010204, 0.527124]","[0.0198024, 0.0494853, 0.8089053]"
280,280,99,4.707400000000007,-5.780374,-0.3600561,-3.511331928647551,4.004203153010241,1.429836,3.3468,True,6,"[-0.0577414, 0.0046804, 0.5277097]","[0.0201193, 0.0471369, 0.8060457]"
281,281,99,4.722399999999993,-5.82768,-0.4545015,-3.567201959539349,3.91741328616523,1.658592,3.217418,True,6,"[-0.0577486, 0.0039346, 0.5267818]","[0.0232095, 0.0450577, 0.8015435]"
282,282,99,4.739800000000059,-5.633891,-0.508815,-3.4428641930717667,3.839327383872563,1.693784,3.053472,True,6,"[-0.0565248, 0.0031512, 0.5271832]","[0.0236276, 0.0426227, 0.7990212]"
283,283,99,4.755999999999972,-5.706489,-0.4800974,-3.487460919773471,3.8768067289829102,1.930001,3.083355,True,6,"[-0.057675, 0.0014163, 0.5262589]","[0.0267813, 0.0428107, 0.7947516]"
284,284,99,4.773400000000038,-5.280585,-0.498035,-3.190163247628126,3.8048782703785036,2.075642,3.277226,False,6,"[-0.0556954, -0.0038937, 0.5257637]","[0.0287326, 0.0453954, 0.792783]"
285,285,99,4.789300000000026,-5.364814,-0.4623019,-3.2413327750488414,3.850735313824048,2.269887,3.192332,False,6,"[-0.055577, -0.002407, 0.525519]","[0.0312763, 0.044009, 0.7890524]"
286,286,99,4.80619999999999,-4.650414,-0.07593238,-2.6439840717893,4.139379231860943,2.387378,3.236186,False,6,"[-0.0531808, -0.0033014, 0.5253449]","[0.0328318, 0.0445264, 0.7874888]"
287,287,99,4.8226000000000795,-4.746187,-0.1681952,-2.7336524849781965,4.060913563208273,2.683273,3.320408,False,6,"[-0.0535757, -0.004164, 0.52492]","[0.0367476, 0.0454909, 0.7840949]"
288,288,99,4.839500000000044,-4.367966,-0.06924799,-2.442422196872194,4.109938781426999,2.808223,3.309096,True,6,"[-0.0517847, -0.0046619, 0.5249434]","[0.0384067, 0.045271, 0.7829784]"
289,289,99,4.855800000000045,-4.375556,-0.1584231,-2.468923931120597,4.023265085174001,3.094903,3.351454,True,6,"[-0.0524131, -0.0043951, 0.5245101]","[0.0421585, 0.0456609, 0.7797189]"
290,290,99,4.872900000000072,-3.880827,-0.08968372,-2.1023609349257653,4.027748183414682,3.268822,3.366276,True,6,"[-0.0484766, -0.0045592, 0.5244935]","[0.0444792, 0.0458083, 0.7787837]"
291,291,99,4.889400000000023,-3.890541,-0.1464792,-2.122694930397814,3.9731680034286385,3.546222,3.30293,True,6,"[-0.0492342, -0.0042303, 0.5242797]","[0.0480964, 0.0447892, 0.7760944]"
292,292,99,4.906400000000076,-3.445759,0.07773884,-1.7546583931739792,4.136823483436828,3.646605,3.364155,True,6,"[-0.042687, -0.0006955, 0.5247735]","[0.0494133, 0.0455767, 0.7753369]"
293,293,99,4.922500000000014,-3.576835,0.01134768,-1.8631922910838257,4.0882853521738935,3.84331,3.319756,True,6,"[-0.0435308, -0.0015391, 0.5242999]","[0.0519011, 0.0448138, 0.7725767]"
294,294,99,4.939500000000066,-3.469135,0.1697866,-1.7494005288775254,4.230268340853107,4.094599,3.513222,False,6,"[-0.0400813, -0.0006342, 0.5247375]","[0.0552493, 0.0473833, 0.7717873]"
295,295,99,4.956000000000017,-3.548762,0.08646704,-1.8255184003745684,4.1585336278371035,4.281922,3.609617,False,6,"[-0.0401148, -0.0014496, 0.5242625]","[0.0576159, 0.0485434, 0.7695138]"
296,296,99,4.97300000000007,-3.164901,1.141566,-1.3037579176540794,5.146546403951975,4.369236,3.84535,False,6,"[-0.0355662, -0.0008207, 0.5242898]","[0.0587629, 0.0516944, 0.7690898]"
297,297,99,4.9891999999999825,-3.200545,1.131253,-1.3314379142769304,5.140955106807315,4.546926,3.989238,False,6,"[-0.0356451, -0.00134, 0.5241358]","[0.0610209, 0.0535106, 0.7673085]"
298,298,99,5.00630000000001,-2.94644,1.816469,-0.9891817699405319,5.781989507456338,4.520963,4.292721,False,6,"[-0.0315725, 0.0007114, 0.5243523]","[0.0606772, 0.0576021, 0.7673875]"
299,299,99,5.0224000000000615,-2.962248,1.61739,-1.047541055371843,5.588349920378465,4.630738,4.603199,False,6,"[-0.032726, 0.0001037, 0.5235419]","[0.0620478, 0.0616772, 0.766041]"
300,300,99,5.039700000000039,-0.4297319,2.500955,0.9548643608684975,6.133842563298423,4.74406,4.831133,False,6,"[-0.031746, 0.0015518, 0.5236726]","[0.0636285, 0.0648019, 0.7667084]"
301,301,99,5.05600000000004,-0.4019753,2.55424,0.987141112568763,6.1826723530656365,4.829822,5.058601,False,6,"[-0.0324253, 0.000789, 0.5228465]","[0.064761, 0.0678442, 0.7664338]"
302,302,99,5.072900000000004,-0.5224789,3.338404,1.087611083771367,6.968712534934243,4.896789,5.306283,False,6,"[-0.0289443, 0.0104309, 0.5234603]","[0.0657796, 0.0713108, 0.7677919]"
303,303,99,5.08929999999998,-0.2949227,3.94101,1.3914977723734165,7.531942530276854,5.011072,5.4498,False,6,"[-0.0292332, 0.0103233, 0.5227848]","[0.0673777, 0.073311, 0.7684206]"
304,304,99,5.106499999999983,-0.1170612,4.309686,1.6047756941769913,7.871601635948122,4.902597,5.50172,False,6,"[-0.0269276, 0.0165917, 0.5231668]","[0.0661277, 0.074256, 0.7709353]"
305,305,99,5.122500000000059,-0.4833184,4.14256,1.30586267641869,7.754044965569481,5.024628,5.674777,False,6,"[-0.0270108, 0.0147387, 0.5219768]","[0.0679506, 0.0767974, 0.7728531]"
306,306,99,5.139800000000037,-0.555617,4.14179,1.2544915583168872,7.762505705521465,5.114928,5.88011,True,6,"[-0.0039172, 0.0228116, 0.5222712]","[0.0694693, 0.0799303, 0.7761047]"
307,307,99,5.155899999999974,-0.6561447,3.705861,1.080033364497995,7.346890859655369,5.379467,6.020733,True,6,"[-0.0036586, 0.0232623, 0.5214655]","[0.0733571, 0.0821629, 0.7790163]"
308,308,99,5.173000000000002,-0.3058052,3.368418,1.2481309784654504,6.970586141765766,5.349402,6.137301,True,6,"[-0.0047595, 0.0304447, 0.5219199]","[0.0733596, 0.0842422, 0.783447]"
309,309,99,5.189200000000028,-0.1394801,3.577635,1.41546098145884,7.154999629224953,5.348948,5.647705,True,6,"[-0.0026834, 0.0359138, 0.521304]","[0.0737847, 0.0779319, 0.7880542]"
310,310,99,5.206099999999992,0.2185605,2.975879,1.5263885531745314,6.517946079854916,5.174598,4.809101,True,6,"[-0.0010643, 0.0392571, 0.5209247]","[0.0719418, 0.0668355, 0.7944096]"
311,311,99,5.222600000000057,0.1359292,3.002415,1.4741711957029315,6.554560512902457,5.864599,5.224732,True,6,"[-0.0043977, 0.037758, 0.5213213]","[0.0819139, 0.0729237, 0.7974828]"
312,312,99,5.239900000000034,0.585373,2.440962,1.6593626654854732,5.945463599254939,5.730952,4.25308,True,6,"[-0.0050517, 0.0377217, 0.5209165]","[0.0807377, 0.0598274, 0.80449]"
313,313,99,5.255800000000022,0.5011083,2.266801,1.558438543771535,5.785041124919086,6.309082,4.61139,True,6,"[-0.0059651, 0.033736, 0.5208591]","[0.0893879, 0.0652113, 0.8084901]"
314,314,99,5.273400000000038,0.7415301,2.100328,1.6892196817748566,5.59077947594549,6.557309,4.226489,True,6,"[-0.00278, 0.0306565, 0.5208564]","[0.0936139, 0.060184, 0.814395]"
315,315,99,5.289300000000026,1.016683,1.973888,1.8540759005148622,5.431434348529233,6.474683,3.952652,True,6,"[-0.0012674, 0.0325509, 0.5206241]","[0.0930145, 0.0566313, 0.8195972]"
316,316,99,5.306600000000003,1.64171,1.205673,2.1145961330067298,4.59674613416929,6.62445,3.602212,False,6,"[0.0019851, 0.0270534, 0.5204014]","[0.0959093, 0.051989, 0.8258328]"
317,317,99,5.3226000000000795,1.639601,1.079343,2.08317209317192,4.472857801958434,6.875901,3.277561,False,6,"[0.0012344, 0.0272906, 0.5203153]","[0.1001086, 0.0475417, 0.8301803]"
318,318,99,5.3396999999999935,1.750497,0.9172309,2.1232798874515866,4.299395557929101,7.151286,2.854073,False,6,"[0.0053179, 0.022188, 0.520495]","[0.1048116, 0.0416473, 0.8353807]"
319,319,99,5.356200000000058,1.940161,0.9887674,2.274514187327072,4.345521028929056,7.331497,2.636341,False,6,"[0.0045534, 0.0206078, 0.520613]","[0.1080275, 0.0386608, 0.8396243]"
320,320,1,5.378800000000069,1.962172,1.080347,2.311795929794051,4.432719296840076,7.479506,2.557561,True,6,"[0.0067214, 0.0190452, 0.5193109]","[0.1109021, 0.0377315, 0.8447198]"
321,321,1,5.389400000000023,2.0759,1.09898,2.3967319993115153,4.436532406860524,7.489532,2.513513,True,6,"[0.0092427, 0.0179498, 0.5208211]","[0.1115766, 0.0372559, 0.8487066]"
322,322,1,5.4062999999999874,2.075942,0.923719,2.3552378913474303,4.264280418009126,7.508163,2.53922,True,6,"[0.0149197, 0.0109557, 0.5205574]","[0.1125093, 0.0378568, 0.8536532]"
323,323,1,5.423000000000002,2.13918,1.027366,2.424568155552283,4.358082420522689,7.687126,2.643058,True,6,"[0.0148999, 0.009807, 0.5205349]","[0.115724, 0.0395783, 0.8573636]"
324,324,1,5.440000000000055,2.212099,1.045268,2.4804375398381904,4.36637992616597,7.712255,2.657292,True,6,"[0.0159201, 0.00834, 0.5209193]","[0.1166958, 0.0399936, 0.8617125]"
325,325,1,5.456000000000017,2.296941,1.065184,2.545225787101164,4.3751367047532455,7.872193,2.376127,True,6,"[0.0176433, 0.008989, 0.5208321]","[0.1195478, 0.0358773, 0.8646165]"
326,326,1,5.473299999999995,2.538821,1.545798,2.830350932322483,4.8166467060325004,7.950992,2.351141,True,6,"[0.0178643, 0.0098332, 0.5214353]","[0.1212328, 0.0356386, 0.8680024]"
327,327,1,5.489300000000071,2.51042,1.499891,2.799365972263635,4.775150175734421,8.068606,2.404297,True,6,"[0.0189002, 0.0100026, 0.5214269]","[0.1234394, 0.0365607, 0.8707504]"
328,328,1,5.506600000000049,2.260155,1.491114,2.6200944363510126,4.798430931045296,8.008537,2.387274,True,6,"[0.0189129, 0.0084126, 0.5217652]","[0.1229902, 0.0364443, 0.8741755]"
329,329,1,5.523000000000025,2.229731,1.65584,2.6375815390781265,4.964202577845533,8.157946,2.472092,True,6,"[0.0194915, 0.0093577, 0.5218167]","[0.1256304, 0.0378355, 0.8763707]"
330,330,1,5.540100000000052,2.390146,1.648421,2.7494004391165645,4.936459542736625,8.08139,2.497095,True,6,"[0.020172, 0.0095281, 0.5222185]","[0.124895, 0.0383598, 0.8796062]"
331,331,1,5.556300000000078,2.491137,1.701592,2.8335014294734737,4.975840489672125,8.217976,2.469823,True,6,"[0.0209452, 0.009709, 0.522185]","[0.1272878, 0.0380158, 0.8813576]"
332,332,1,5.573500000000081,2.34277,1.782038,2.7475147032420693,5.073818487613016,8.243153,2.585093,True,6,"[0.0231818, 0.0141087, 0.5228204]","[0.1280212, 0.0398978, 0.8836908]"
333,333,1,5.589800000000082,2.340451,1.724023,2.7321275626362698,5.017096958826404,8.205106,2.603251,True,6,"[0.0229245, 0.013691, 0.5228748]","[0.1277108, 0.0402694, 0.8856924]"
334,334,1,5.606899999999996,2.320013,1.950422,2.7712968517451135,5.24220773786578,8.247615,2.633477,True,6,"[0.0206482, 0.0136184, 0.5231677]","[0.1287036, 0.0408398, 0.8879137]"
335,335,1,5.623000000000047,2.377806,1.908416,2.802263012856987,5.193556063633,8.259458,2.609324,True,6,"[0.0203699, 0.0151236, 0.5231663]","[0.1291326, 0.0405406, 0.889578]"
336,336,1,5.640100000000075,2.163403,2.04613,2.683089896848316,5.356236157092957,8.233029,2.683181,True,6,"[0.021856, 0.0150689, 0.5236199]","[0.1290248, 0.0417905, 0.8917288]"
337,337,1,5.656000000000063,2.0683,1.941973,2.5910778179148357,5.265995460291322,8.168791,2.728451,True,6,"[0.0227747, 0.0155512, 0.5234842]","[0.1282184, 0.0425677, 0.8932201]"
338,338,1,5.672700000000077,2.071929,2.01506,2.610963406625186,5.337362746707472,8.1302,2.785425,False,6,"[0.0214338, 0.0162999, 0.5239016]","[0.1278538, 0.0435429, 0.8949659]"
339,339,1,5.689399999999978,1.990366,2.050028,2.561500182379163,5.382127955537635,8.134544,2.880233,False,6,"[0.0214146, 0.0157704, 0.5239528]","[0.128064, 0.0450771, 0.8959521]"
340,340,1,5.706800000000044,2.099072,1.554307,2.521016877564859,4.881073857306893,8.007649,2.852139,True,6,"[0.0212392, 0.0178528, 0.5242422]","[0.1263485, 0.044746, 0.8981462]"
341,341,1,5.7228000000000065,2.022827,1.47168,2.4474576070795617,4.8095886146442135,7.768514,2.806768,True,6,"[0.0217706, 0.0174694, 0.5242835]","[0.1226551, 0.0440787, 0.899078]"
342,342,1,5.739599999999996,2.317403,1.352346,2.6277493179581857,4.654750978256637,7.586072,2.895909,True,6,"[0.0198222, 0.0187468, 0.5247245]","[0.1199231, 0.0455504, 0.9004514]"
343,343,1,5.756399999999985,2.161968,1.303362,2.506093022498394,4.626426194864275,7.449068,2.920997,True,6,"[0.0189539, 0.0177953, 0.5248293]","[0.1178206, 0.0459801, 0.9011256]"
344,344,1,5.7730999999999995,1.730459,1.577199,2.265456069882306,4.950567356866584,7.332548,2.725121,True,6,"[0.0189969, 0.0184751, 0.5250996]","[0.1161401, 0.0429596, 0.9025469]"
345,345,1,5.789700000000039,1.798007,1.552827,2.307506891983447,4.918002705331872,7.171613,2.756947,True,6,"[0.0182519, 0.0187994, 0.5251967]","[0.1135952, 0.0434741, 0.9027954]"
346,346,1,5.806699999999978,1.386617,1.54864,2.0152435005367297,4.966336671913233,6.972307,2.78883,True,6,"[0.01924, 0.0142438, 0.5249359]","[0.1105629, 0.04404, 0.904075]"
347,347,1,5.822999999999979,1.48182,1.618279,2.099148178032835,5.022640304809185,6.796996,2.852087,True,6,"[0.0185456, 0.01349, 0.525079]","[0.1077524, 0.0450389, 0.9040421]"
348,348,1,5.840199999999982,1.107977,1.730431,1.8610324308820176,5.180525378613488,6.709348,2.964504,False,6,"[0.02125, 0.0123962, 0.5251]","[0.1064247, 0.0468501, 0.9046769]"
349,349,1,5.856300000000033,1.134281,1.691781,1.870498946871661,5.139186580604745,6.653124,3.030642,False,6,"[0.0198313, 0.0119519, 0.5253145]","[0.1054553, 0.0478657, 0.9040812]"
350,350,1,5.873000000000047,0.7416374,1.126402,1.4585474994354333,4.633590637595583,6.535131,3.13895,False,6,"[0.0158832, 0.0144758, 0.5257362]","[0.1035766, 0.0495835, 0.904151]"
351,351,1,5.889499999999998,0.8503646,1.29207,1.5747792926127477,4.782547411357676,6.297613,3.219083,False,6,"[0.0165109, 0.0142583, 0.5259691]","[0.0996937, 0.0508074, 0.9033591]"
352,352,1,5.906400000000076,0.872808,1.222744,1.5742445011882964,4.711552414748572,6.263828,3.321846,False,6,"[0.0127389, 0.0142281, 0.5262774]","[0.0991437, 0.0524272, 0.9032604]"
353,353,1,5.922900000000027,0.8117774,1.02114,1.4832685789969022,4.521196777728252,6.276764,3.279148,False,6,"[0.0136164, 0.014871, 0.5263736]","[0.0991791, 0.0516628, 0.9017055]"
354,354,1,5.940500000000043,0.7084792,1.485858,1.5202352925138864,4.991091654241951,6.221931,3.414065,True,6,"[0.0101874, 0.0159135, 0.5267451]","[0.0982827, 0.0537807, 0.9014933]"
355,355,1,5.956200000000081,0.71546,1.881358,1.618881958172653,5.378899336197527,6.30159,3.419799,True,6,"[0.0104288, 0.0155571, 0.5267206]","[0.0993288, 0.0537509, 0.8994797]"
356,356,1,5.973100000000045,0.995878,1.980897,1.8410062058065448,5.440975270697107,6.449536,3.495783,True,6,"[0.0068177, 0.0103556, 0.5266795]","[0.1016262, 0.0549188, 0.8990009]"
357,357,1,5.989500000000021,0.7793957,1.728776,1.6279989570784597,5.220790345922361,6.664512,3.630362,True,6,"[0.0078173, 0.0118789, 0.5266724]","[0.1047216, 0.0568636, 0.8962426]"
358,358,1,6.006500000000074,1.290768,1.663027,1.9744819425812674,5.090976281235584,6.603129,3.579905,True,6,"[0.0080281, 0.0112477, 0.5269679]","[0.1036443, 0.056015, 0.8953434]"
359,359,1,6.023199999999974,1.376072,1.323348,1.954399977216894,4.746263939338898,6.762788,3.577778,True,6,"[0.0074624, 0.0093873, 0.5266646]","[0.1058333, 0.0558022, 0.8924743]"
360,360,1,6.039800000000014,2.480549,0.8685428,2.6286341280714574,4.158469035228879,7.273935,3.743655,True,6,"[0.0065252, 0.0136873, 0.5276725]","[0.1137021, 0.058287, 0.8907984]"
361,361,1,6.056400000000053,2.556086,0.9310498,2.696925175870791,4.210270592096013,7.681975,3.77246,True,6,"[0.0065857, 0.0173228, 0.5273681]","[0.1196283, 0.0584791, 0.8868913]"
362,362,1,6.072700000000054,3.874547,1.235433,3.7025350614056105,4.34132532384157,8.04013,3.406476,True,6,"[0.0091758, 0.0182571, 0.5278596]","[0.1250357, 0.0526895, 0.8851761]"
363,363,1,6.0896999999999935,3.750943,1.389221,3.6514575850841475,4.508226805461268,8.903296,3.465977,True,6,"[0.0071833, 0.0159371, 0.5280327]","[0.1378697, 0.0533039, 0.8800865]"
364,364,1,6.106499999999983,5.094427,2.107166,4.772767638019858,5.042540131911483,9.612135,3.507852,True,6,"[0.0118971, 0.0153299, 0.5280079]","[0.1485676, 0.0537759, 0.8772544]"
365,365,1,6.123299999999972,5.13116,2.282038,4.840206931147728,5.209721291268309,10.23798,3.730741,True,6,"[0.0126785, 0.0121925, 0.5277953]","[0.1577077, 0.0569365, 0.8731807]"
366,366,1,6.140600000000063,5.413805,1.26601,4.799601380636172,4.175133268009774,10.7214,4.15777,False,6,"[0.0228474, 0.0079954, 0.5273994]","[0.1648452, 0.0632904, 0.8706363]"
367,367,1,6.1562000000000126,5.54657,1.164682,4.86959413179491,4.058621556681776,11.09437,4.625343,False,6,"[0.0235369, 0.0085684, 0.5272407]","[0.170044, 0.0701571, 0.8671724]"
368,368,1,6.172800000000052,6.229932,1.257938,5.375521241104476,4.063150399056205,11.39749,4.755983,False,6,"[0.0356909, 0.0113648, 0.5269825]","[0.1744141, 0.071983, 0.8651932]"
369,369,1,6.189399999999978,6.357409,1.295543,5.474686800787299,4.083856315881804,11.87234,4.63212,False,6,"[0.0345633, 0.0127853, 0.5272012]","[0.1812086, 0.0698379, 0.8619584]"
370,370,1,6.206900000000019,7.078328,1.53798,6.042549750207266,4.230212131279792,12.39629,4.851464,True,6,"[0.047026, 0.0194084, 0.5274949]","[0.1889138, 0.0729513, 0.8594946]"
371,371,1,6.222700000000032,7.133586,1.556284,6.086010078832143,4.241156359844448,12.96929,4.845259,True,6,"[0.0473937, 0.0210327, 0.5277945]","[0.1969903, 0.0725062, 0.8553501]"
372,372,1,6.240700000000061,7.102825,2.39752,6.263541221964442,5.07184547573401,13.03306,5.027315,True,6,"[0.0499365, 0.0116447, 0.5269177]","[0.1977376, 0.0751473, 0.8542466]"
373,373,1,6.256899999999973,7.282957,2.414606,6.395125971737592,5.065672211190295,13.11472,5.473373,True,6,"[0.0511091, 0.0106999, 0.5263035]","[0.1985841, 0.0816744, 0.8523724]"
374,374,1,6.274000000000001,6.990554,2.51953,6.212958683098308,5.206070649215416,13.16169,5.88697,True,6,"[0.0574424, 0.0115548, 0.5262055]","[0.1991764, 0.0878245, 0.8517543]"
375,375,1,6.290000000000077,7.084371,2.637676,6.307374605710154,5.310223699837615,13.10203,6.061205,True,6,"[0.058592, 0.0118931, 0.5258883]","[0.1980177, 0.090341, 0.8507938]"
376,376,1,6.30720000000008,6.734699,3.325912,6.222861489818547,6.031202924147637,12.94245,6.249446,True,6,"[0.0653016, 0.0141199, 0.5258942]","[0.1955484, 0.0931817, 0.8509118]"
377,377,1,6.324000000000069,6.832249,3.34886,6.297365584336533,6.041319385538859,12.83097,6.291342,True,6,"[0.0657656, 0.0142769, 0.5254865]","[0.1936726, 0.0937467, 0.8503253]"
378,378,1,6.341000000000008,7.490495,5.583777,7.292924771082319,8.153876256710447,12.65971,6.484659,True,6,"[0.0655931, 0.0220399, 0.5264015]","[0.1910878, 0.0966957, 0.8507121]"
379,379,1,6.357000000000085,7.477801,5.5154,7.267736922629459,8.088293677014335,12.16146,6.600877,True,6,"[0.0671764, 0.0221648, 0.5256342]","[0.1835152, 0.0985425, 0.8515642]"
380,380,1,6.374300000000062,4.682816,3.469042,4.80400328200085,6.433469952356695,11.62347,6.804872,True,6,"[0.064479, 0.0231389, 0.5258557]","[0.1756027, 0.1018705, 0.8536939]"
381,381,1,6.3904,4.603665,3.395796,4.730609112713999,6.371574854986303,11.20195,6.879189,True,6,"[0.0652839, 0.0241998, 0.5252984]","[0.1692567, 0.1031098, 0.8546564]"
382,382,1,6.407500000000027,3.502538,3.349375,3.9399934252632107,6.466337198511502,10.4812,6.726339,True,6,"[0.0620909, 0.0305564, 0.5258061]","[0.1586604, 0.1011476, 0.8576258]"
383,383,1,6.423600000000079,3.388009,3.364588,3.8625092226993885,6.495890082248444,9.770285,6.747656,True,6,"[0.0629329, 0.0307355, 0.5252563]","[0.1480258, 0.101709, 0.8596361]"
384,384,1,6.440900000000056,1.929724,3.116286,2.771188557134757,6.437778441294993,9.136052,6.709289,True,6,"[0.0693077, 0.0515339, 0.5271202]","[0.1387572, 0.1014991, 0.8628135]"
385,385,1,6.457400000000007,1.764095,3.131239,2.657463051676736,6.473590640439875,8.460316,6.773603,True,6,"[0.0691422, 0.0508645, 0.526764]","[0.1286262, 0.1027117, 0.8647548]"
386,386,1,6.474199999999996,0.6777618,3.03953,1.8665917422367042,6.52195781384008,7.820842,6.719711,False,6,"[0.0430172, 0.0318352, 0.5251566]","[0.1192536, 0.1022957, 0.8682239]"
387,387,1,6.492500000000064,0.5543423,3.01906,1.7743586869990984,6.517574888097835,7.192709,6.615756,False,6,"[0.0422529, 0.0311363, 0.5247343]","[0.1098854, 0.1009888, 0.8707233]"
388,388,1,6.507200000000012,0.02434579,4.005949,1.6329312217387675,7.555060431928798,6.543715,6.673142,False,6,"[0.0321124, 0.0307048, 0.5246508]","[0.1003284, 0.1023306, 0.8746372]"
389,389,1,6.524000000000001,0.1170064,3.923942,1.6791069992207348,7.462650403769343,6.010238,6.60675,False,6,"[0.0310395, 0.0308244, 0.5243075]","[0.0923955, 0.1016438, 0.8775765]"
390,390,1,6.54079999999999,0.146323,4.033166,1.725741648259358,7.56625819452516,5.47528,6.585873,False,6,"[0.017647, 0.0285153, 0.5237625]","[0.0846116, 0.1019133, 0.8827167]"
391,391,1,6.557900000000018,0.2179144,4.117827,1.7964879947680352,7.640335750808739,4.9586,6.607769,False,6,"[0.0161218, 0.0286354, 0.5234514]","[0.0768447, 0.1026017, 0.8857091]"
392,392,1,6.574000000000069,0.0901958,4.12708,1.7082532450363461,7.665712711450128,4.521333,6.660422,False,6,"[0.0061877, 0.0277744, 0.5230618]","[0.070548, 0.1041788, 0.8921503]"
393,393,1,6.59030000000007,0.1781646,4.039497,1.7497860401933252,7.568420755025168,4.222165,6.693477,False,6,"[0.0050556, 0.0275583, 0.5225186]","[0.0661315, 0.1051283, 0.8957947]"
394,394,1,6.6077999999999975,0.2209435,3.971801,1.7640353307833188,7.496435109046097,3.931991,6.806983,False,6,"[0.0002223, 0.0366322, 0.5230838]","[0.0619783, 0.107634, 0.9017108]"
395,395,1,6.623699999999985,0.08260572,3.98201,1.668508515145854,7.5241054881539515,3.522854,6.839427,False,6,"[0.0010672, 0.0358445, 0.5225678]","[0.0557903, 0.1086939, 0.9062302]"
396,396,1,6.642400000000066,0.02009995,3.928196,1.6115034038460487,7.4791860396218794,3.051143,6.807277,False,6,"[0.0013334, 0.0368143, 0.5221251]","[0.0486815, 0.1090219, 0.913299]"
397,397,1,6.658900000000017,0.03223459,4.037486,1.6459885589477494,7.585049258472431,2.665454,6.616842,False,6,"[0.0019838, 0.037551, 0.5215877]","[0.0427909, 0.1066238, 0.9191561]"
398,398,1,6.675600000000031,-0.03285972,4.097636,1.6141517223417543,7.652463727634909,1.878086,6.646248,False,6,"[0.0008245, 0.0377931, 0.5237696]","[0.030507, 0.1084075, 0.930361]"
399,399,1,6.691900000000032,0.008813669,4.088464,1.6414841344971403,7.6381364539174355,1.658178,6.800664,False,6,"[0.0016277, 0.036965, 0.5234387]","[0.0271031, 0.1116512, 0.9362429]"
400,400,1,6.708700000000022,-0.2942638,3.920574,1.3871224704823018,7.511774010580083,0.7898037,7.062829,False,6,"[0.0020178, 0.0363305, 0.5232511]","[0.0130122, 0.1169471, 0.9438994]"
401,401,1,6.7251999999999725,-0.2207916,3.916653,1.4382130993890474,7.498553327859478,0.4924289,7.290605,False,6,"[0.0007539, 0.0364023, 0.522936]","[0.0081706, 0.1216232, 0.9506543]"
402,402,1,6.742500000000064,-7.095413,2.312134,-3.809292102053538,6.798090478256841,0.1608128,7.44627,True,6,"[0.0001834, 0.0359081, 0.522927]","[0.0026898, 0.1252559, 0.9583567]"
403,403,1,6.7584000000000515,-7.027966,2.57535,-3.6991757857746608,7.0481803922835775,0.03194624,7.461528,True,6,"[0.000294, 0.0368799, 0.5224943]","[0.0005385, 0.1264833, 0.9657462]"
404,404,1,6.775600000000054,-7.052346,2.202717,-3.8047236109914753,6.685064673647103,-0.3119363,7.481912,True,6,"[-0.0002998, 0.0374488, 0.5227395]","[-0.0053007, 0.127865, 0.9736059]"
405,405,1,6.791900000000055,-7.267045,2.119308,-3.97649603389677,6.630462664680188,-0.6018258,7.331955,True,6,"[8.03e-05, 0.0373277, 0.5222222]","[-0.0103118, 0.1263133, 0.9816849]"
406,406,1,6.810000000000059,-7.557272,2.315818,-4.1354235939418285,6.860594465288921,-0.6135846,7.27244,True,6,"[-0.0026606, 0.0355038, 0.5180471]","[-0.0106039, 0.1263553, 0.9901361]"
407,407,1,6.825800000000072,-7.83707,2.199022,-4.361197498379241,6.781479293971236,-0.6938488,7.371645,True,6,"[-0.0019934, 0.0354157, 0.517281]","[-0.0121013, 0.1292753, 0.9992365]"
408,408,1,6.8419999999999845,-8.206657,1.607465,-4.763026708347007,6.247216061006485,-0.6896464,7.344797,True,6,"[-0.0643335, 0.020868, 0.5168378]","[-0.0121433, 0.1300342, 1.008817]"
409,409,1,6.858299999999986,-8.345932,1.399553,-4.910895574846378,6.060636455851149,-0.9005098,7.151982,True,6,"[-0.0636509, 0.023223, 0.5163112]","[-0.0160094, 0.1278032, 1.01853]"
410,410,1,6.875999999999976,-8.310252,1.179576,-4.93775172165243,5.839893989155746,-1.154374,6.764616,True,6,"[-0.0639066, 0.0198694, 0.5165756]","[-0.0207176, 0.1219556, 1.02815]"
411,411,1,6.892000000000053,-8.240367,1.099135,-4.907330452434137,5.751926736034569,-1.143455,6.734996,True,6,"[-0.0657667, 0.0190855, 0.5157431]","[-0.0207159, 0.1225664, 1.037887]"
412,412,1,6.908800000000042,-6.670984,3.33765,-3.2658177242093487,7.7518570031028355,-1.124124,6.297723,True,6,"[-0.0685541, 0.0208969, 0.5167284]","[-0.0205584, 0.1156261, 1.04771]"
413,413,1,6.925600000000031,-6.187312,3.477595,-2.890212833969885,7.82773071437032,-1.162379,5.941319,True,6,"[-0.0710055, 0.0198089, 0.5158703]","[-0.0214625, 0.1100822, 1.057782]"
414,414,1,6.942900000000009,-5.459753,2.749625,-2.547563058219999,7.019523299801746,-0.800164,5.841806,True,6,"[-0.0744717, 0.0144909, 0.5163727]","[-0.0148933, 0.1091036, 1.066366]"
415,415,1,6.958500000000072,-5.296052,2.786391,-2.4229490476912376,7.034786374933749,-0.4669386,5.775115,True,6,"[-0.0757122, 0.012609, 0.5160915]","[-0.0087708, 0.1088443, 1.076201]"
416,416,1,6.977600000000052,-3.70646,8.347795,0.020149993654861698,12.297877803774295,-0.3045985,5.602048,True,6,"[-0.0753952, 0.0106281, 0.5161688]","[-0.0057686, 0.1064314, 1.085072]"
417,417,1,6.9944000000000415,-3.505781,8.229963,0.13431683321514654,12.156487454761606,-0.06050083,5.666215,True,6,"[-0.0748402, 0.0099148, 0.5167754]","[-0.0011553, 0.1085583, 1.094141]"
418,418,1,7.011900000000082,-4.689345,2.191175,-2.1344117800004723,6.372457353863967,0.2012279,5.604325,True,6,"[-0.0602759, 0.0300551, 0.5153568]","[0.0038727, 0.108201, 1.102662]"
419,419,1,7.027699999999982,-4.368695,2.164958,-1.9135974012650472,6.305810943003647,0.5118045,5.463671,True,6,"[-0.0563119, 0.0315659, 0.5194315]","[0.009931, 0.1063359, 1.111728]"
420,420,1,7.0446000000000595,-4.501786,0.9990799,-2.284054727862987,5.176953169533598,0.6887966,5.33672,False,6,"[-0.0495959, 0.0249208, 0.518893]","[0.0134583, 0.1045706, 1.119436]"
421,421,1,7.061300000000074,-4.529772,1.181821,-2.2605732369270317,5.360119243686565,0.753659,5.052322,False,6,"[-0.048178, 0.0252954, 0.5197325]","[0.0148345, 0.0996994, 1.127707]"
422,422,1,7.0779,-4.514432,1.205745,-2.2440440343341246,5.381676039731529,0.7832447,4.961683,True,6,"[-0.0339831, 0.0769763, 0.5245894]","[0.0155091, 0.0984868, 1.134446]"
423,423,1,7.094699999999989,-4.734951,1.426315,-2.3479166659873716,5.626566809681077,0.614332,4.953114,True,6,"[-0.0321803, 0.0759735, 0.5252737]","[0.012245, 0.0989692, 1.141986]"
424,424,1,7.1118000000000166,-4.955123,1.721205,-2.4339352934201193,5.944455088212385,0.5334284,5.308308,False,6,"[-0.0426827, 0.0199094, 0.5203444]","[0.0106832, 0.1066143, 1.147458]"
425,425,1,7.128000000000043,-5.156568,1.944795,-2.523587680532261,6.189882132987565,0.1123842,5.480278,False,6,"[-0.0398179, 0.0197034, 0.521203]","[0.0022632, 0.1107007, 1.153833]"
426,426,1,7.145600000000059,-5.642451,2.015779,-2.8507834852815925,6.321591476331582,0.03892316,5.916397,False,6,"[-0.0409519, 0.0090707, 0.5201359]","[0.0007873, 0.1200919, 1.158862]"
427,427,1,7.161500000000046,-5.97649,2.136658,-3.0586496466095783,6.482978758449338,-0.09382811,6.14486,False,6,"[-0.0412575, 0.0107432, 0.520766]","[-0.0019074, 0.1253984, 1.164751]"
428,428,1,7.179100000000062,-6.094161,2.538213,-3.0468240707002323,6.892629411785783,-0.3372579,6.306409,True,6,"[-0.0410816, 0.0109512, 0.5203151]","[-0.0068838, 0.129242, 1.169461]"
429,429,1,7.195500000000038,-6.389454,2.512481,-3.261993301778408,6.904987493043047,-0.3860077,6.538738,True,6,"[-0.0431422, 0.0129689, 0.5208576]","[-0.0079174, 0.1346998, 1.175181]"
430,430,1,7.213300000000004,-6.674635,2.334055,-3.5061801995216584,6.76598860402512,-0.5855632,6.495206,True,6,"[-0.0451758, 0.0156578, 0.5210615]","[-0.0120573, 0.1343134, 1.179731]"
431,431,1,7.229800000000068,-6.997179,2.277978,-3.747833131759183,6.751997883686293,-0.8767166,6.349869,True,6,"[-0.0470565, 0.0177062, 0.5214425]","[-0.0181399, 0.1319136, 1.185398]"
432,432,1,7.246399999999994,-6.952997,1.899555,-3.8062096505971237,6.374450639261568,-1.021326,6.338442,True,6,"[-0.0515064, 0.0183488, 0.5213255]","[-0.0212232, 0.132239, 1.190482]"
433,433,1,7.263500000000022,-7.056227,2.041195,-3.845740149273537,6.526815534967652,-0.9273012,6.324778,True,6,"[-0.0546012, 0.0194587, 0.5215538]","[-0.0193615, 0.132585, 1.196197]"
434,434,1,7.279600000000073,-6.39072,1.854163,-3.4188621411547615,6.2581535041120695,-0.8611103,6.202175,True,6,"[-0.0557321, 0.0231399, 0.5220015]","[-0.0180439, 0.1304622, 1.200501]"
435,435,1,7.296699999999987,-6.636684,1.944117,-3.571696576437355,6.377918812437274,-0.650906,6.003307,True,6,"[-0.0585415, 0.0229391, 0.5227779]","[-0.0136988, 0.1268026, 1.205776]"
436,436,1,7.313800000000015,-5.947671,1.14305,-3.2736566111337644,5.502785923243286,-0.4621598,5.876331,True,6,"[-0.061123, 0.0212891, 0.5223111]","[-0.0097545, 0.1244616, 1.209275]"
437,437,1,7.329900000000066,-6.109037,1.189851,-3.3768182258885204,5.569354860613999,-0.1521609,5.674102,True,6,"[-0.0642089, 0.0208106, 0.5231527]","[-0.003225, 0.1206539, 1.21435]"
438,438,1,7.346700000000055,-5.312967,0.9863961,-2.8613903165877246,5.26790664797146,0.2455826,5.620604,True,6,"[-0.0637484, 0.0173368, 0.522734]","[0.0052183, 0.1198141, 1.21745]"
439,439,1,7.363200000000006,-5.311572,1.106461,-2.8319561649051375,5.3857286648130325,0.5613716,5.536177,True,6,"[-0.064904, 0.018688, 0.5243461]","[0.0119679, 0.1183908, 1.221451]"
440,440,1,7.380300000000034,-3.757842,1.168765,-1.7171264707422549,5.248872862016202,0.7793652,5.409064,False,6,"[-0.0586276, 0.0169451, 0.5234417]","[0.0166569, 0.115942, 1.224471]"
441,441,1,7.396600000000035,-3.807097,1.14399,-1.7578697159400156,5.230803595339018,1.256294,5.324842,False,6,"[-0.0610737, 0.0178174, 0.524901]","[0.0269254, 0.1144353, 1.227787]"
442,442,1,7.414700000000039,-2.881393,0.7810359,-1.1884481142254724,4.7560721526538945,1.686998,5.248144,False,6,"[-0.0545405, 0.0104455, 0.5235169]","[0.0362023, 0.1129064, 1.229189]"
443,443,1,7.430100000000039,-2.858934,0.8161386,-1.1642300120080193,4.787707767047671,2.286063,5.094183,False,6,"[-0.0562687, 0.0109194, 0.5257342]","[0.0491611, 0.1097801, 1.231474]"
444,444,1,7.447400000000016,-1.912273,0.6108542,-0.5426144716105337,4.465262365698952,2.708449,4.963538,False,6,"[-0.0487778, 0.0090309, 0.5245179]","[0.0583325, 0.1070893, 1.233074]"
445,445,1,7.463500000000067,-1.934846,0.661954,-0.5464896954657117,4.5183611630859,2.937023,4.950951,False,6,"[-0.0489582, 0.0101706, 0.5265968]","[0.0633343, 0.1069356, 1.23445]"
446,446,1,7.480500000000006,-0.7768494,0.802956,0.30679934765971795,4.509302671242493,3.351303,4.857542,False,6,"[-0.034511, 0.0107197, 0.5254335]","[0.0723374, 0.1049814, 1.23531]"
447,447,1,7.496899999999982,-0.8451597,0.8357266,0.266198648343718,4.550218659957167,3.622864,4.827212,False,6,"[-0.0350806, 0.0105272, 0.5271766]","[0.0782853, 0.1044177, 1.236435]"
448,448,1,7.513699999999972,-0.3107605,0.5808923,0.5841859081816239,4.231635682700283,3.839216,4.880949,False,6,"[-0.0264671, 0.0071686, 0.5258476]","[0.0829714, 0.1055825, 1.236397]"
449,449,1,7.530300000000011,-0.1326755,0.7373149,0.7473337749350778,4.362663502950655,4.166618,4.841266,False,6,"[-0.0263576, 0.0075185, 0.527792]","[0.0900763, 0.104726, 1.236469]"
450,450,1,7.546900000000051,-0.2055981,1.089729,0.7791992632792111,4.718313380064844,4.434842,4.923588,False,6,"[-0.0175882, 0.0056165, 0.5267856]","[0.0958261, 0.1064363, 1.235549]"
451,451,1,7.563600000000065,-0.2762309,1.35397,0.7917954921836502,4.987014741135581,4.530858,5.132354,False,6,"[-0.0178555, 0.0061067, 0.5285455]","[0.0978684, 0.1109267, 1.235032]"
452,452,1,7.580100000000016,-0.8596252,1.27747,0.3606172074043665,4.986208620671621,4.644813,5.311349,False,6,"[-0.0071547, 0.0073952, 0.5276554]","[0.1001411, 0.1145889, 1.232576]"
453,453,1,7.596700000000055,-0.8606051,1.485632,0.40924235986679913,5.190915310276324,4.838768,5.520236,False,6,"[-0.0078088, 0.0077217, 0.5293447]","[0.1042427, 0.1190093, 1.2314]"
454,454,1,7.61850000000004,-0.7386147,1.405845,0.4767101216775456,5.096947784720744,4.852137,5.769824,False,6,"[-0.0028732, 0.0053709, 0.5297328]","[0.1044283, 0.1243024, 1.230178]"
455,455,1,7.630400000000009,-0.9557242,2.062223,0.4785056155528537,5.76971627974979,4.781226,5.960039,False,6,"[-0.0012265, 0.0068161, 0.5296422]","[0.1027751, 0.1282798, 1.228744]"
456,456,1,7.64790000000005,-0.6880369,2.052227,0.6656646402713684,5.725764202135748,4.806373,6.216929,False,6,"[-0.0018969, 0.0100555, 0.5286322]","[0.1032118, 0.1337138, 1.227479]"
457,457,1,7.664700000000039,-0.9133829,2.148844,0.5290067493146337,5.849449280531047,4.729701,6.218847,False,6,"[-0.0025572, 0.0125366, 0.530409]","[0.1013863, 0.1335296, 1.225406]"
458,458,1,7.680900000000065,-0.8116443,2.305917,0.6382541134422668,5.990849873160377,4.60972,6.251621,False,6,"[-0.0079359, 0.0117945, 0.5289056]","[0.0987111, 0.1341139, 1.224265]"
459,459,1,7.697800000000029,-0.7730711,2.072665,0.6103012139227296,5.7566918671294705,4.479137,6.237741,False,6,"[-0.0079654, 0.0137525, 0.5302669]","[0.0957454, 0.1335936, 1.222251]"
460,460,1,7.714400000000069,-0.8458793,2.349211,0.6242725926316783,6.037763937061634,4.476186,6.345312,False,6,"[-0.0068192, 0.0129812, 0.528949]","[0.0955063, 0.1356665, 1.220005]"
461,461,1,7.731200000000058,-0.942177,2.485485,0.5883789411486868,6.183971311074038,4.619337,6.699139,False,6,"[-0.0088609, 0.0191262, 0.5311618]","[0.0983431, 0.1429638, 1.217151]"
462,462,1,7.748199999999997,-1.31175,2.529018,0.33702882102089315,6.273873192330111,4.340264,6.584564,False,6,"[-0.0063531, 0.0189569, 0.5290277]","[0.0922393, 0.1402855, 1.21532]"
463,463,1,7.764300000000048,-1.431558,2.828721,0.32321000122617616,6.583696078865758,4.368528,6.70949,False,6,"[-0.0084544, 0.0198977, 0.530295]","[0.0926995, 0.1427515, 1.213451]"
464,464,1,7.781500000000051,-1.727879,3.096048,0.17674615276336447,6.884203813463481,4.197739,6.623094,False,6,"[-0.0074892, 0.0212873, 0.5286463]","[0.0889301, 0.1406879, 1.211653]"
465,465,1,7.798600000000079,-1.670213,3.321063,0.2708865475957073,7.097996757506,3.928185,6.816655,False,6,"[-0.0071109, 0.019072, 0.5269862]","[0.083084, 0.1446343, 1.209948]"
466,466,1,7.815000000000055,-1.861709,3.694197,0.22370905320887013,7.48912733238808,3.813532,7.000401,True,6,"[-0.0077975, 0.0216662, 0.5281278]","[0.0805813, 0.1484419, 1.208892]"
467,467,1,7.831800000000044,-2.01741,3.376229,0.038135187833382544,7.196478797312837,3.695001,7.197492,True,6,"[-0.0087018, 0.022968, 0.5291295]","[0.0779925, 0.152514, 1.207697]"
468,468,1,7.8489000000000715,-2.516948,2.530936,-0.5158182177998096,6.429411363887941,3.618285,7.15805,True,6,"[-0.0120838, 0.0233082, 0.5277131]","[0.0763429, 0.1516179, 1.207287]"
469,469,1,7.865499999999997,-2.50278,2.037014,-0.6228098663004868,5.942178167243171,3.522679,6.886148,True,6,"[-0.0132189, 0.0261359, 0.5289536]","[0.0743151, 0.1457911, 1.2072]"
470,470,1,7.882000000000062,-2.34378,1.99197,-0.5209071427676135,5.877637656892108,3.588534,6.568225,True,6,"[-0.0159185, 0.0285422, 0.5276899]","[0.0757697, 0.1391126, 1.208183]"
471,471,1,7.898900000000026,-2.728447,0.8420458,-1.0657048292761027,4.796533326737068,3.353667,6.020074,True,6,"[-0.015427, 0.0307008, 0.5290648]","[0.0708372, 0.1274822, 1.208838]"
472,472,1,7.915399999999977,-2.785399,0.9863989,-1.0718268836243066,4.94566458209184,3.192928,5.406069,False,6,"[-0.0171702, 0.0341061, 0.5282418]","[0.0674938, 0.1144981, 1.209895]"
473,473,1,7.9319000000000415,-2.547154,0.4928819,-1.020072104994455,4.43026138436357,3.153225,5.263525,False,6,"[-0.0186492, 0.0312336, 0.5294311]","[0.0666467, 0.1114514, 1.209782]"
474,474,1,7.948600000000056,-2.645038,0.456662,-1.097957132334037,4.407143872652431,3.298407,5.195712,False,6,"[-0.0231927, 0.0233217, 0.5276179]","[0.0697354, 0.1100289, 1.210017]"
475,475,1,7.96550000000002,-2.783579,0.6690853,-1.1457180556679734,4.63357651709485,3.378465,5.093526,False,6,"[-0.0230983, 0.0187957, 0.5284497]","[0.0714308, 0.1078517, 1.209999]"
476,476,1,7.982600000000048,-2.714691,0.6582173,-1.0995190445160847,4.614112766924386,3.291977,5.08951,False,6,"[-0.0215636, 0.018324, 0.526847]","[0.0696311, 0.1078173, 1.210572]"
477,477,1,7.9990999999999985,-2.886678,1.156392,-1.1032584602373783,5.125646187455492,3.287483,5.061483,False,6,"[-0.025003, 0.0077111, 0.524651]","[0.0695564, 0.1072522, 1.210931]"
478,478,1,8.015600000000063,-2.893976,1.178998,-1.1030696294753046,5.1487938171278085,3.305525,4.930961,False,6,"[-0.0255611, 0.0090458, 0.5253786]","[0.0700152, 0.1045864, 1.21225]"
479,479,1,8.032600000000002,-3.011504,0.7439668,-1.2893516239010028,4.73622873277682,3.229643,4.910258,True,6,"[-0.0232835, 0.0045026, 0.5233951]","[0.068446, 0.1042084, 1.212986]"
480,480,1,8.050600000000031,-3.106924,0.6205934,-1.3861410045051268,4.6271425595054865,3.131399,4.875092,True,6,"[-0.024208, 0.0041766, 0.5240107]","[0.0664742, 0.1036369, 1.215078]"
481,481,1,8.066400000000044,-3.175121,0.1356747,-1.5493154135562777,4.159258694873007,3.256105,4.804211,True,6,"[-0.025463, 0.006116, 0.5237054]","[0.0692003, 0.1022311, 1.216365]"
482,482,1,8.082400000000007,-3.070917,0.08442511,-1.4876794895707337,4.0956053804970685,3.157205,4.494745,True,6,"[-0.0248376, 0.006018, 0.5238264]","[0.0672466, 0.0958351, 1.219131]"
483,483,1,8.09940000000006,-3.104155,-0.6515896,-1.6855934210893233,3.3764871859988377,3.163156,4.261711,True,6,"[-0.0263635, 0.0105536, 0.5228292]","[0.0674715, 0.0909796, 1.220902]"
484,484,1,8.116700000000037,-3.25979,-0.6400601,-1.7930541134193376,3.4076606114179206,3.173476,3.975279,True,6,"[-0.0264911, 0.0107847, 0.5240313]","[0.0678213, 0.0850064, 1.223233]"
485,485,1,8.133800000000065,-3.353739,-1.184469,-1.9885561536719223,2.8845929115327102,3.226665,3.804864,True,6,"[-0.0275233, 0.0067935, 0.5231662]","[0.0690601, 0.0814689, 1.225]"
486,486,1,8.149900000000002,-3.37092,-1.196306,-2.003525095170846,2.8751499404552514,3.187933,3.618324,True,6,"[-0.0284157, 0.0056706, 0.5235091]","[0.0684232, 0.0776839, 1.22848]"
487,487,1,8.16700000000003,-3.52769,-1.440012,-2.1722612510198513,2.655622440259191,3.125867,3.481891,True,6,"[-0.029026, 0.001239, 0.523244]","[0.0672026, 0.0748746, 1.230572]"
488,488,1,8.183300000000031,-3.668903,-1.276039,-2.2333931214254044,2.8347787545011567,2.817208,3.301853,True,6,"[-0.0280565, 0.0007706, 0.5229641]","[0.060715, 0.0711812, 1.233812]"
489,489,1,8.200400000000059,-4.072154,-1.463291,-2.5632667704694967,2.7021586524341688,2.670829,3.28571,True,6,"[-0.0282774, -0.0059301, 0.5214278]","[0.0576712, 0.0709748, 1.236292]"
490,490,1,8.21670000000006,-3.905015,-1.488341,-2.4508643976974613,2.6562306015902486,2.556577,3.278007,True,6,"[-0.029746, -0.0058346, 0.522267]","[0.0553349, 0.07098, 1.239294]"
491,491,1,8.233600000000024,-4.560806,-0.8589279,-2.766051830264399,3.358426376239772,2.377469,3.260449,True,6,"[-0.030498, -0.0107605, 0.5204378]","[0.0515618, 0.0707473, 1.241899]"
492,492,1,8.25,-4.494179,-0.7983587,-2.7045283345034843,3.4094594160395766,2.233555,3.529479,True,6,"[-0.0307208, -0.0108915, 0.521561]","[0.048568, 0.0768057, 1.245248]"
493,493,1,8.267000000000053,-2.88939,0.2111211,-1.3291376255577327,4.196979039886568,1.912405,3.700032,False,6,"[-0.0320576, -0.0130722, 0.5200129]","[0.0416648, 0.0806933, 1.247816]"
494,494,1,8.283400000000029,-3.125393,0.2032496,-1.4980968773961423,4.2193314296636,1.627664,4.229799,False,6,"[-0.0334108, -0.0116063, 0.5210495]","[0.0355627, 0.09256, 1.251516]"
495,495,1,8.300600000000031,-1.611213,1.918582,-0.0196242801941503,5.712115412585241,1.976491,4.756202,False,6,"[-0.0369903, -0.0132726, 0.5195826]","[0.0432587, 0.1042955, 1.253513]"
496,496,1,8.316900000000032,-1.472099,2.035428,0.10655471467938038,5.809215815048769,1.413134,5.317258,False,6,"[-0.0355803, -0.013543, 0.5212377]","[0.0310144, 0.1170117, 1.257231]"
497,497,1,8.33400000000006,-3.18369,6.510253,-0.04508064181961813,10.425291215226478,0.7647274,6.043482,False,6,"[-0.0416874, -0.0078349, 0.5225972]","[0.0168096, 0.13333, 1.259355]"
498,498,1,8.350300000000061,-3.447059,6.619258,-0.20572445184283938,10.565998858838155,0.3479348,6.581173,False,6,"[-0.0409693, -0.0072634, 0.521241]","[0.0076804, 0.1459156, 1.264751]"
499,499,1,8.367000000000075,-3.238866,9.100966,0.5296604089192383,12.978480276687083,0.2839698,6.57179,False,6,"[-0.0262663, 0.0019176, 0.5204117]","[0.006293, 0.1462781, 1.269719]"
500,500,1,8.383300000000077,-3.420511,9.246099,0.4354382874452516,13.14427538410133,0.2866986,6.859746,False,6,"[-0.0283906, 0.0018445, 0.5199496]","[0.0063857, 0.1535226, 1.276159]"
501,501,1,8.400300000000016,-5.242294,4.100054,-2.0736468367848864,8.319001578713802,-0.2402577,7.050828,False,6,"[-0.0146734, 0.0174745, 0.5216568]","[-0.0053723, 0.1584617, 1.28117]"
502,502,1,8.41700000000003,-5.538029,3.826637,-2.3478119672354234,8.087991019083123,-0.6454067,7.184219,False,6,"[-0.0133593, 0.0184753, 0.519846]","[-0.0145184, 0.162454, 1.28881]"
503,503,1,8.433899999999994,-7.607111,1.476079,-4.369666282255558,6.041652461024556,-0.6566693,6.97293,False,6,"[-0.0289844, 0.0594647, 0.5210858]","[-0.0148587, 0.1585557, 1.296395]"
504,504,1,8.450400000000059,-7.762932,1.218732,-4.540962433570189,5.808597586472696,-0.8489275,6.824265,False,6,"[-0.0314633, 0.0606147, 0.5223401]","[-0.0193451, 0.1562374, 1.305544]"
505,505,1,8.467100000000073,-8.187467,0.7941651,-4.942131542193878,5.4454577743376165,-0.6059927,6.497167,True,6,"[-0.0296039, 0.0838022, 0.523138]","[-0.0138965, 0.1496277, 1.313843]"
506,506,1,8.485599999999977,-7.844798,1.434335,-4.547843103454122,6.0309296305618165,-0.4904619,6.39485,True,6,"[-0.0312951, 0.0852356, 0.5235909]","[-0.0113253, 0.148277, 1.322993]"
507,507,1,8.50240000000008,-7.02789,1.036992,-4.063598606679413,5.536271377469172,-0.4802515,6.182156,False,6,"[-0.0477267, 0.037287, 0.5201731]","[-0.0111697, 0.1443423, 1.332559]"
508,508,1,8.518800000000056,-7.183239,1.232759,-4.12720619721669,5.748477084867847,-0.0940983,6.21843,False,6,"[-0.0503253, 0.0347168, 0.5190369]","[-0.0022028, 0.1461435, 1.341255]"
509,509,1,8.53570000000002,-5.647821,1.710222,-2.9269798629401196,6.0219744739077745,0.3123204,6.027226,False,6,"[-0.0690968, 0.0133316, 0.5173667]","[0.0073608, 0.1425761, 1.350348]"
510,510,1,8.552200000000084,-5.563867,1.73278,-2.862194377511178,6.033441024892593,0.7373028,5.854375,False,6,"[-0.0704837, 0.0109994, 0.517031]","[0.017495, 0.1393929, 1.359464]"
511,511,1,8.569000000000074,-3.852452,1.593909,-1.683384458049444,5.678766707068501,1.800982,6.128063,False,6,"[-0.0743779, 0.0071658, 0.5169482]","[0.0430092, 0.1468562, 1.367827]"
512,512,1,8.585699999999974,-3.77529,1.42734,-1.6682168857580812,5.505225035287889,2.153328,5.738887,False,6,"[-0.0713027, 0.0129581, 0.5175132]","[0.0517452, 0.1383052, 1.376188]"
513,513,1,8.602200000000039,-2.262604,-0.01144735,-0.9380942693168877,3.898328380496749,2.549154,5.635643,False,6,"[-0.0637519, 0.0093606, 0.5171365]","[0.0616523, 0.1366513, 1.384807]"
514,514,1,8.618900000000053,-2.28126,-0.03524967,-0.9569424293297168,3.8773139352686057,3.265575,5.357118,False,6,"[-0.0652604, 0.0111427, 0.5178076]","[0.0794717, 0.1306116, 1.392852]"
515,515,1,8.635700000000043,-1.704274,-0.7260608,-0.7120971027061493,3.1248231442575847,3.528478,4.753077,False,6,"[-0.0513123, 0.0154922, 0.5188637]","[0.0863867, 0.1164884, 1.400982]"
516,516,1,8.652100000000019,-1.735929,-0.5659772,-0.696581473836916,3.2861891797791274,3.82833,4.238735,False,6,"[-0.0506014, 0.0157142, 0.5194454]","[0.0942571, 0.1043968, 1.408576]"
517,517,1,8.668999999999983,-1.400932,-0.3350733,-0.40469060249950894,3.470412242059097,4.139156,3.795409,False,6,"[-0.0349319, 0.0144346, 0.5187425]","[0.1023715, 0.0938438, 1.4146]"
518,518,1,8.685299999999984,-1.259028,-0.2304563,-0.2794336034220325,3.555138271902746,4.183843,3.533194,False,6,"[-0.0343311, 0.0129636, 0.5202726]","[0.1040452, 0.0878198, 1.422317]"
519,519,1,8.702300000000037,-1.208055,-0.406625,-0.2850827216795422,3.375500897417244,4.001971,3.604241,True,6,"[-0.0205194, -0.0001038, 0.5193424]","[0.0998998, 0.0899437, 1.427927]"
520,520,1,8.718900000000076,-1.355736,-0.2696531,-0.35719130627805806,3.5289451301288146,3.803922,3.95994,True,6,"[-0.0207164, -0.0003199, 0.5200347]","[0.0953541, 0.0992773, 1.43414]"
521,521,1,8.74350000000004,-1.546281,-0.5249909,-0.5525966314370969,3.302291932584196,3.599004,4.015688,True,6,"[-0.0154214, -0.0065683, 0.5182959]","[0.0905194, 0.1010322, 1.439164]"
522,522,1,8.752500000000055,-1.654061,-0.5005547,-0.6231172092223622,3.3400489399505715,3.412491,4.071181,True,6,"[-0.0157641, -0.0051383, 0.5201481]","[0.086139, 0.1028174, 1.444565]"
523,523,1,8.769499999999994,-2.665861,-0.3523433,-1.3043743752855184,3.6147076611552205,3.345707,4.068847,False,6,"[-0.0127149, -0.0030406, 0.5199148]","[0.0847537, 0.1031286, 1.449771]"
524,524,1,8.785900000000083,-2.549667,-0.1296778,-1.1693517801707005,3.8187296604291285,3.123389,3.84533,False,6,"[-0.0114451, -0.0020946, 0.520758]","[0.0793406, 0.0977294, 1.45399]"
525,525,1,8.802500000000009,-3.577225,-0.2843048,-1.933516104941206,3.797767608585948,2.618957,3.936101,False,6,"[-0.0109818, -0.0036959, 0.5207711]","[0.0667259, 0.1003722, 1.458767]"
526,526,1,8.819100000000049,-3.558421,-0.2386387,-1.9093830657368729,3.840250923367478,2.246673,3.97047,False,6,"[-0.0123226, -0.0024505, 0.5206753]","[0.0573924, 0.1015382, 1.462898]"
527,527,1,8.836099999999988,-4.088838,-0.233649,-2.2837454780954993,3.91277875302263,1.817834,4.142416,False,6,"[-0.014057, -0.0047716, 0.5207409]","[0.0465567, 0.1062412, 1.466913]"
528,528,1,8.852399999999989,-4.164321,-0.3727656,-2.3701490802435687,3.7856783427710736,1.616756,4.179959,False,6,"[-0.0150396, -0.0045502, 0.5208196]","[0.0415018, 0.1074609, 1.47038]"
529,529,1,8.869400000000041,-4.731944,-0.8986025,-2.8966204903476975,3.3412528853320644,1.470536,4.163459,False,6,"[-0.0242649, -0.0032048, 0.5211349]","[0.0378283, 0.1072669, 1.473563]"
530,530,1,8.885899999999992,-4.746393,-0.7827075,-2.8793921271042335,3.4569967055073336,1.409912,4.142797,False,6,"[-0.0232352, -0.001181, 0.521794]","[0.0363342, 0.1069269, 1.476244]"
531,531,1,8.90280000000007,-4.736738,-1.065437,-2.9395421168214457,3.1778990181512823,1.253586,3.958826,False,6,"[-0.0326551, -0.002592, 0.5223513]","[0.0323732, 0.1023813, 1.479397]"
532,532,1,8.919200000000046,-4.730474,-0.8951906,-2.8947713374113797,3.3444186897452934,1.212532,3.883164,False,6,"[-0.0324956, -0.0021765, 0.5225542]","[0.0313515, 0.100543, 1.481231]"
533,533,1,8.936000000000035,-4.279191,-0.8336471,-2.5606737655792124,3.3473686915208565,1.198571,3.772132,False,6,"[-0.037384, -0.0021326, 0.5229626]","[0.0310408, 0.0978184, 1.483639]"
534,534,1,8.952600000000075,-4.239392,-0.8199817,-2.529257685697334,3.3557250002912236,1.352339,3.830954,False,6,"[-0.0380765, -0.0034024, 0.5229614]","[0.0350481, 0.0994154, 1.48464]"
535,535,1,8.969299999999976,-4.084078,-0.8671389,-2.430465386747738,3.2895775711769164,1.448621,3.897218,False,6,"[-0.0433316, -0.0082107, 0.5234783]","[0.0375814, 0.1012397, 1.4861]"
536,536,1,8.986200000000053,-4.039221,-0.8486943,-2.3943358379969863,3.3019860262992213,1.581902,3.927414,False,6,"[-0.0434631, -0.0071513, 0.5234607]","[0.0410488, 0.1020464, 1.48639]"
537,537,1,9.002900000000068,-3.630797,-0.9117294,-2.120099073695884,3.1879642739236345,1.655721,3.888912,False,6,"[-0.0433445, -0.0097284, 0.5231013]","[0.0429705, 0.101055, 1.486568]"
538,538,1,9.019300000000044,-3.798769,-0.8056137,-2.2138846730170445,3.313669952673565,1.895207,3.926666,False,6,"[-0.0433684, -0.008189, 0.5240862]","[0.0492005, 0.1020608, 1.486883]"
539,539,1,9.036400000000071,-3.668561,-0.8833472,-2.140112178282747,3.2206729297199646,1.88764,3.866246,False,6,"[-0.0392605, -0.0076348, 0.5246961]","[0.049003, 0.1004837, 1.486857]"
540,540,1,9.052700000000073,-3.76748,-0.8917849,-2.2121476851918174,3.224991737996189,1.963347,3.817881,False,6,"[-0.0389393, -0.0075184, 0.5253079]","[0.0509371, 0.0991592, 1.485901]"
541,541,1,9.069399999999973,-3.523205,-0.6953688,-1.9926606396452078,3.386886499625322,2.048269,3.786131,False,6,"[-0.0375265, -0.0079548, 0.5255699]","[0.0531234, 0.0982973, 1.485375]"
542,542,1,9.086599999999976,-3.552544,-0.7575744,-2.02817127837154,3.32949128131276,2.004533,3.86835,False,6,"[-0.0371361, -0.0077904, 0.5258967]","[0.0519128, 0.100293, 1.483225]"
543,543,1,9.103500000000054,-3.70042,-0.8848416,-2.163022974618431,3.2232660014665835,2.101218,3.858959,False,6,"[-0.03341, -0.0083791, 0.5265207]","[0.0543729, 0.099964, 1.481968]"
544,544,1,9.120000000000005,-3.72259,-0.8377543,-2.1675635319494164,3.2723699317338366,2.115069,3.80878,False,6,"[-0.034959, -0.0074035, 0.5265045]","[0.0546336, 0.0984836, 1.479313]"
545,545,1,9.136799999999994,-3.828343,-0.5840565,-2.182330980328604,3.535186974603743,2.04812,3.774647,False,6,"[-0.0337106, -0.0081067, 0.5257748]","[0.0528111, 0.0974294, 1.476751]"
546,546,1,9.153900000000021,-3.561439,-0.05018817,-1.8668710789654397,4.0258450079196795,2.151868,3.813808,False,6,"[-0.0346969, -0.0082018, 0.5269086]","[0.0554174, 0.0983166, 1.474852]"
547,547,1,9.170100000000048,-3.785754,-0.0250679,-2.0197384204376925,4.079131605436351,2.192312,3.794977,False,6,"[-0.0324469, -0.0063962, 0.5269995]","[0.0563648, 0.0976649, 1.472368]"
548,548,1,9.186900000000037,-3.860263,-0.2252052,-2.1199097887929703,3.89193583101206,2.219521,3.761675,False,6,"[-0.0327344, -0.006972, 0.5272671]","[0.0569353, 0.0965853, 1.46902]"
549,549,1,9.203600000000051,-3.377287,-1.120375,-1.9900430340986999,2.9505867225733207,2.308519,3.858403,False,6,"[-0.0340952, -0.0081421, 0.5271813]","[0.05913, 0.0989245, 1.466769]"
550,550,1,9.220300000000066,-3.144583,-1.231182,-1.8515375256926165,2.8120176157078425,2.435937,3.968173,False,6,"[-0.0342829, -0.0077049, 0.5269177]","[0.0622242, 0.1014652, 1.462696]"
551,551,1,9.23700000000008,-2.333567,-1.484237,-1.337279125641007,2.4599168937350266,2.663819,3.986972,False,6,"[-0.0352309, -0.0053671, 0.5264884]","[0.0679047, 0.1017248, 1.459501]"
552,552,1,9.253300000000081,-2.292232,-1.514208,-1.3151141176453884,2.4251914900810783,2.890824,3.366675,False,6,"[-0.0328387, -0.0004622, 0.5276228]","[0.0735496, 0.0856824, 1.456507]"
553,553,1,9.27030000000002,-1.192332,-0.9186174,-0.3952547458847382,2.8703098487979792,3.038222,2.751252,True,6,"[-0.0348218, -0.0002302, 0.5262454]","[0.0771459, 0.0698475, 1.453479]"
554,554,1,9.286800000000085,-1.337554,-0.6937985,-0.4448090982895725,3.109776672011627,3.626871,2.909854,True,6,"[-0.035565, -0.0020717, 0.5270734]","[0.0919012, 0.0736976, 1.449877]"
555,555,1,9.303600000000074,-0.2406611,0.12387,0.5255371676529192,3.7735367285274113,4.138535,2.781658,True,6,"[-0.031018, -0.0102792, 0.525611]","[0.1047009, 0.0703061, 1.447006]"
556,556,1,9.3202,-0.08611542,0.3910072,0.6982499204153756,4.016376011688779,4.852941,3.226649,True,6,"[-0.028882, -0.0112984, 0.5257148]","[0.1224533, 0.0813086, 1.442274]"
557,557,1,9.337400000000002,1.22868,0.4044354,1.6323297776151764,3.861947296896088,5.105237,3.692749,True,6,"[-0.0213935, -0.0136026, 0.524982]","[0.128571, 0.0928811, 1.439125]"
558,558,1,9.353700000000003,1.556074,0.184841,1.8121029409703286,3.6043896348126614,5.463173,4.012016,True,6,"[-0.0210099, -0.0138746, 0.5248746]","[0.1373286, 0.1007095, 1.435885]"
559,559,1,9.370300000000043,2.541117,-0.5961702,2.3244891083950363,2.7112261293668247,6.025584,4.049837,False,6,"[-0.0109369, -0.0084257, 0.5254796]","[0.1512969, 0.1014816, 1.433336]"
560,560,1,9.386900000000082,2.761571,-0.7276205,2.4494304710874766,2.553930550301445,6.370516,3.800861,False,6,"[-0.0122654, -0.0063613, 0.5253085]","[0.1597133, 0.0950367, 1.430521]"
561,561,1,9.403599999999983,3.302161,-1.04595,2.75675727844342,2.172155168020059,6.979208,3.30912,False,6,"[-0.0022103, 0.0011377, 0.5262294]","[0.1748668, 0.0825927, 1.428461]"
562,562,1,9.420299999999997,3.492131,-0.7000741,2.973206301127884,2.4878625819112763,7.302281,2.769553,False,6,"[-0.0007914, 0.0035933, 0.5265279]","[0.1826681, 0.0689592, 1.425498]"
563,563,1,9.436800000000062,3.375934,-0.6777094,2.896235547034968,2.5246568181771294,7.344759,2.433521,False,6,"[0.0112942, 0.0037171, 0.5265902]","[0.1836015, 0.0605351, 1.424404]"
564,564,1,9.453399999999988,3.228673,-1.060116,2.701370186731308,2.1676019487815816,7.305197,2.348373,False,6,"[0.0143005, 0.0016983, 0.5264259]","[0.1823534, 0.0583351, 1.422467]"
565,565,1,9.470300000000066,0.6033047,-2.683586,0.4579212229571422,0.9067680679883567,7.202903,2.288965,True,6,"[0.0233307, -0.0054702, 0.5257035]","[0.1797347, 0.0568458, 1.422167]"
566,566,1,9.486600000000067,1.155656,-2.524453,0.886698401548957,0.992743694635255,6.974023,2.365599,True,6,"[0.0253474, -0.0066737, 0.5254892]","[0.173791, 0.0586921, 1.420739]"
567,567,1,9.50369999999998,1.794779,-0.5633202,1.8038516384405623,2.8386632917108985,6.736177,2.524253,True,6,"[0.0303351, -0.009599, 0.525762]","[0.1679021, 0.0626684, 1.421535]"
568,568,1,9.52010000000007,2.011157,-0.5476358,1.9607671210184432,2.826491456972482,6.233356,2.182638,True,6,"[0.032043, -0.0064161, 0.5250823]","[0.1550656, 0.0541087, 1.419704]"
569,569,1,9.53710000000001,0.3798445,-0.9674268,0.7063097698016685,2.6218999362151276,5.651896,1.650372,False,6,"[0.0309443, -0.0062051, 0.5245736]","[0.1405042, 0.0409059, 1.419731]"
570,570,1,9.553499999999985,0.3825342,-1.138877,0.6675931568504028,2.4530556435942836,5.473135,1.763331,False,6,"[0.0295824, -0.009704, 0.5244114]","[0.1359972, 0.0436959, 1.419361]"
571,571,1,9.570299999999975,-1.11694,-1.194587,-0.4072601845702639,2.5894748512411105,5.434228,1.968586,False,6,"[0.0055034, -0.0244969, 0.5226381]","[0.1348868, 0.0487362, 1.417912]"
572,572,1,9.586500000000001,-0.8041193,-1.401928,-0.23490202887113476,2.345817819149684,4.633556,1.761572,False,6,"[0.0105602, -0.0230798, 0.5234864]","[0.1148939, 0.0435985, 1.41761]"
573,573,1,9.603400000000079,-3.113876,-0.4413739,-1.6426705473331507,3.5843266741395636,3.932381,1.876668,False,6,"[0.0164528, -0.0051625, 0.5250608]","[0.0974175, 0.0464346, 1.417169]"
574,574,1,9.620200000000068,-3.285859,-0.4495271,-1.7663692508491744,3.5982401681227634,3.340412,1.9894,False,6,"[0.0184399, -0.0050192, 0.5251167]","[0.0826549, 0.0491895, 1.416115]"
575,575,1,9.637100000000032,-3.389384,-1.051305,-1.9822434617962164,3.0200110384892884,2.692135,1.886236,False,6,"[0.0034776, -0.0088578, 0.5245521]","[0.0665434, 0.046606, 1.415178]"
576,576,1,9.653700000000072,-3.502636,-1.106296,-2.075456661501339,2.980404574258186,2.483637,2.073868,False,6,"[0.0035039, -0.0104331, 0.5248096]","[0.0613149, 0.051189, 1.413607]"
577,577,1,9.670500000000061,-5.014595,-1.593114,-3.261290050032471,2.6947222487065954,2.12602,2.165744,False,6,"[-0.0102513, -0.0109641, 0.5257927]","[0.0524144, 0.0533947, 1.411909]"
578,578,1,9.686800000000062,-5.102892,-1.629813,-3.3325008232375226,2.6699116109255865,1.342994,2.172326,False,6,"[-0.0073683, -0.0128479, 0.5249786]","[0.0330466, 0.0534696, 1.4096]"
579,579,1,9.704000000000065,-5.933797,-2.2095,-4.058139013313438,2.2061285983586245,0.7912775,2.423513,False,6,"[-0.0287093, -0.0040654, 0.5277348]","[0.0194743, 0.0596773, 1.410027]"
580,580,1,9.720100000000002,-5.695818,-2.185072,-3.8838580573289434,2.19979602415307,0.3781618,2.307494,False,6,"[-0.0301822, -0.0041247, 0.5257115]","[0.0092824, 0.0566699, 1.40637]"
581,581,1,9.73700000000008,-6.277133,-1.732145,-4.188129269429857,2.719046037797927,0.06545491,2.135018,False,6,"[-0.0311178, -0.0096418, 0.525417]","[0.001605, 0.0523755, 1.404909]"
582,582,1,9.753500000000031,-6.05398,-1.700771,-4.022699696913772,2.7214301943681356,-0.3710142,2.132591,False,6,"[-0.0321356, -0.0101385, 0.5250154]","[-0.0090821, 0.0522276, 1.402537]"
583,583,1,9.770399999999995,-6.92586,-1.832555,-4.671229154089465,2.7030705521464315,-0.4648681,2.2747,False,6,"[-0.0460125, -0.0145844, 0.5243866]","[-0.0113683, 0.0556555, 1.401128]"
584,584,1,9.786699999999996,-6.589254,-1.774051,-4.419045058772962,2.717653736631925,-0.70082,2.369762,False,6,"[-0.0468021, -0.0149126, 0.5241088]","[-0.0171166, 0.0579085, 1.399304]"
585,585,1,9.80340000000001,-6.935314,-1.925692,-4.699989307026329,2.612740752787442,-0.9578719,2.454486,False,6,"[-0.0545224, -0.0202393, 0.5245757]","[-0.0233771, 0.0599333, 1.398185]"
586,586,1,9.820100000000025,-6.722567,-1.855925,-4.532831075731129,2.654184259025592,-0.9054072,2.331193,False,6,"[-0.0521971, -0.0199679, 0.5233337]","[-0.0220626, 0.0568322, 1.396044]"
587,587,1,9.836999999999989,-7.060748,-2.013712,-4.809652998565295,2.542226472217605,-0.8343807,2.028264,False,6,"[-0.0576355, -0.0158454, 0.5239726]","[-0.0203075, 0.0493818, 1.394388]"
588,588,1,9.853400000000079,-6.756063,-1.51672,-4.476180434476434,2.991825645428466,-0.9571317,1.686055,False,6,"[-0.055547, -0.0155515, 0.5237477]","[-0.0232778, 0.0410136, 1.393326]"
589,589,1,9.875800000000027,-6.830832,-2.455631,-4.751570403894123,2.07859570647254,-1.115804,1.582955,False,6,"[-0.0637854, -0.0168008, 0.5251071]","[-0.0271352, 0.0385007, 1.393197]"
590,590,1,9.886799999999994,-6.634825,-2.161074,-4.543005847739316,2.343097199828285,-1.085742,1.520663,False,6,"[-0.0603976, -0.0161945, 0.5228599]","[-0.026387, 0.0369613, 1.392305]"
591,591,1,9.903500000000008,-6.334931,-2.737428,-4.46722870741059,1.7384219829893959,-0.8359061,1.515029,False,6,"[-0.0637038, -0.0176085, 0.5237128]","[-0.0203424, 0.0368754, 1.394237]"
592,592,1,9.920299999999997,-6.294689,-2.702342,-4.430423883884821,1.7677739935433436,-0.8524763,1.336897,False,6,"[-0.0615876, -0.0169306, 0.522494]","[-0.0207167, 0.0324924, 1.392285]"
593,593,1,9.937400000000025,-6.308719,-2.761963,-4.454483122016769,1.7109671461860527,-0.7419392,1.195165,False,6,"[-0.0648402, -0.0184062, 0.5234918]","[-0.0180392, 0.0290613, 1.392985]"
594,594,1,9.954000000000065,-6.100385,-2.574747,-4.262622679664228,1.8684022347119158,-0.6943315,0.858602,False,6,"[-0.0619074, -0.0138368, 0.522579]","[-0.0168726, 0.020865, 1.392246]"
595,595,1,9.97040000000004,-5.922223,-2.31471,-4.074871375626923,2.1012525433402205,-0.6223831,0.6681541,False,6,"[-0.0625957, -0.0224097, 0.5225512]","[-0.0151327, 0.0162457, 1.393044]"
596,596,1,9.986899999999991,-5.794808,-2.167365,-3.94974948071099,2.229818913930737,-0.3744176,0.8091509,False,6,"[-0.0607111, -0.0196955, 0.5219319]","[-0.0091028, 0.0196731, 1.392952]"
597,597,1,10.003600000000006,-5.840162,-2.088859,-3.963260820156764,2.3127569402898436,-0.3961776,0.6090617,False,6,"[-0.0580225, -0.0249893, 0.5226398]","[-0.0096352, 0.0148129, 1.393427]"
598,598,1,10.020200000000045,-6.082816,-2.440113,-4.218285255407253,1.9984807169254903,-0.4983992,0.9851919,False,6,"[-0.0575108, -0.0246085, 0.5213692]","[-0.0121232, 0.0239658, 1.39364]"
599,599,1,10.03710000000001,-5.962454,-2.424174,-4.129290474746287,1.9988003796109297,-0.4784568,1.172488,False,6,"[-0.0577254, -0.0251895, 0.5221413]","[-0.0116434, 0.0285361, 1.394273]"
600,600,1,10.053499999999985,-5.749564,-2.716567,-4.047836028271518,1.6842945515222603,-0.448741,1.057224,False,6,"[-0.0557695, -0.023465, 0.5218151]","[-0.0109193, 0.0257281, 1.394165]"
601,601,1,10.070500000000038,-5.439507,-3.239667,-3.952246060365386,1.130661701703171,-0.382955,0.9105641,False,6,"[-0.0541932, -0.0211175, 0.5224352]","[-0.0093187, 0.0221589, 1.394197]"
602,602,1,10.087100000000078,-5.604298,-3.50873,-4.132668952192997,0.8872359377628425,-0.6040573,0.6364616,False,6,"[-0.0530686, -0.0197904, 0.5229222]","[-0.0146979, 0.0154864, 1.394068]"
603,603,1,10.103900000000067,-5.524242,-3.802079,-4.145489823995434,0.5887258307444787,-0.8062794,0.3261335,False,6,"[-0.0534442, -0.0190577, 0.5225048]","[-0.0196132, 0.0079329, 1.393661]"
604,604,1,10.12009999999998,-5.545561,-3.492496,-4.087235866456866,0.8957022240394146,-0.9797756,0.1360288,False,6,"[-0.0556729, -0.0222626, 0.5224273]","[-0.023837, 0.0033091, 1.393814]"
605,605,1,10.136900000000082,-5.917414,-3.328213,-4.311591481951584,1.1045679721713313,-0.8434545,-0.08836436,False,6,"[-0.0545862, -0.0221263, 0.5226476]","[-0.0205206, -0.0021497, 1.393864]"
606,606,1,10.153500000000008,-6.012216,-3.359246,-4.386065488679416,1.0861552189436119,-1.005871,0.0517414,False,6,"[-0.0526465, -0.0248096, 0.5228729]","[-0.0244594, 0.001258, 1.393095]"
607,607,1,10.170299999999997,-6.118073,-2.883658,-4.348335067785142,1.5670593657592224,-1.497156,0.2531245,False,6,"[-0.0497438, -0.0295689, 0.5223892]","[-0.0363877, 0.0061507, 1.392233]"
608,608,1,10.186699999999973,-6.257074,-3.109034,-4.500147608828087,1.3632811962882423,-1.742167,0.3353222,False,6,"[-0.0512484, -0.0320232, 0.5222685]","[-0.0423127, 0.0081417, 1.391138]"
609,609,1,10.203800000000001,-6.656582,-2.787084,-4.706728079610384,1.7306279755732308,-1.815258,0.6346138,False,6,"[-0.0504296, -0.0346516, 0.5214189]","[-0.0440877, 0.0154085, 1.391092]"
610,610,1,10.22040000000004,-6.761531,-2.625574,-4.742767945889512,1.9027402800964184,-1.762225,0.7045458,False,6,"[-0.0507154, -0.0318794, 0.5223454]","[-0.0427608, 0.0170914, 1.389857]"
611,611,1,10.237300000000005,-7.022407,-2.476508,-4.892155185235896,2.082502065038777,-1.892265,0.8408385,False,6,"[-0.0541516, -0.030383, 0.5224608]","[-0.0458913, 0.0203861, 1.389035]"
612,612,1,10.25369999999998,-6.870647,-2.519958,-4.79500084987602,2.0204511814286668,-2.052701,1.161068,False,6,"[-0.0550338, -0.0306716, 0.5225402]","[-0.049726, 0.0281183, 1.387378]"
613,613,1,10.270600000000059,-7.09211,-2.488402,-4.944324134806975,2.0796992116027084,-2.096323,1.257544,False,6,"[-0.0560415, -0.026336, 0.5228323]","[-0.0507513, 0.030436, 1.386493]"
614,614,1,10.287199999999984,-6.786847,-2.506892,-4.732573298430247,2.0226086219062323,-2.344944,1.408425,False,6,"[-0.0573362, -0.0284039, 0.5229366]","[-0.0566791, 0.0340305, 1.384109]"
615,615,1,10.303999999999974,-6.605723,-2.396457,-4.57816941286138,2.1080523481706948,-1.986469,1.656781,False,6,"[-0.0610642, -0.0254723, 0.5232366]","[-0.0479917, 0.0400218, 1.383671]"
616,616,1,10.320100000000025,-6.405293,-2.359733,-4.427560572744086,2.118591490286571,-1.885095,1.66217,False,6,"[-0.062061, -0.0240038, 0.5234483]","[-0.0454654, 0.0400856, 1.38138]"
617,617,1,10.337100000000078,-6.49168,-2.409637,-4.500547636818713,2.080559459399745,-1.661127,1.793172,False,6,"[-0.0643503, -0.022594, 0.522402]","[-0.0399905, 0.0431714, 1.37897]"
618,618,1,10.353400000000079,-4.103428,-2.068188,-2.72872499290799,2.1116526412521726,-1.504009,1.717111,False,6,"[-0.0631221, -0.0230552, 0.5238626]","[-0.036172, 0.0413001, 1.377671]"
619,619,1,10.370300000000043,-3.975285,-2.024983,-2.627761109239904,2.1377773323170635,-1.083992,1.702547,True,6,"[-0.0651003, -0.0227392, 0.5232443]","[-0.0260181, 0.0408719, 1.375055]"
620,620,99,10.403900000000021,-5.327451,-1.0126,-3.3452589040724554,3.3051384683846603,-0.6360699,1.609315,True,6,"[-0.0623652, -0.022943, 0.5240335]","[-0.0151885, 0.0384369, 1.368092]"
621,621,99,10.420299999999997,-5.513737,-1.212273,-3.5244603572827975,3.132649686841317,-0.3598926,1.578363,True,6,"[-0.0608465, -0.0219891, 0.5254216]","[-0.0085658, 0.0375755, 1.363676]"
622,622,99,10.437099999999987,-5.342218,-1.519392,-3.475786277899914,2.808945609053162,-0.4335445,1.49788,True,6,"[-0.0590122, -0.0216619, 0.5256674]","[-0.0102857, 0.0355443, 1.359302]"
623,623,99,10.453600000000051,-5.287393,-1.373695,-3.4024498382432897,2.945146971759977,-0.2785899,1.398008,True,6,"[-0.0598284, -0.0221256, 0.5257859]","[-0.0065838, 0.0330446, 1.354027]"
624,624,99,10.470300000000066,-5.174008,-1.388044,-3.3255709040252865,2.9165890787328284,-0.1750295,1.305106,True,6,"[-0.0376666, -0.0189603, 0.5250356]","[-0.0041187, 0.0307166, 1.348263]"
625,625,99,10.486600000000067,-5.216058,-1.392653,-3.3564350372443386,2.917420390855579,-0.1330279,1.220465,True,6,"[-0.0365821, -0.0186125, 0.5264112]","[-0.0031183, 0.0286129, 1.343055]"
626,626,99,10.503900000000044,-4.768087,-1.241864,-3.0035378624405595,3.008503186519803,0.1895186,1.231279,False,6,"[-0.0492653, -0.0093379, 0.5283119]","[0.0044301, 0.0287862, 1.339319]"
627,627,99,10.520200000000045,-4.603467,-1.235148,-2.8853928026170035,2.994115935305317,0.3496163,1.319058,False,6,"[-0.0509404, -0.011167, 0.5277097]","[0.0081232, 0.0306529, 1.331232]"
628,628,99,10.537300000000073,-4.547866,-1.73891,-2.9653805050226745,2.491929601758431,0.5595891,1.750434,False,6,"[-0.0492577, -0.0139721, 0.5267612]","[0.0129361, 0.0404762, 1.324468]"
629,629,99,10.55340000000001,-4.657111,-1.768497,-3.0497378161080446,2.476779345980501,0.7231348,1.826627,False,6,"[-0.0488491, -0.0126577, 0.5278398]","[0.0166397, 0.0420437, 1.318336]"
630,630,99,10.5702,-4.304036,-1.208453,-2.667065634978377,2.9821767290363965,0.9151822,1.618907,False,6,"[-0.0477782, -0.0127852, 0.5276456]","[0.0209624, 0.037088, 1.312255]"
631,631,99,10.58680000000004,-4.161479,-1.162812,-2.5553192336847705,3.00885785225382,0.985321,1.695342,False,6,"[-0.0482086, -0.0128383, 0.5280838]","[0.0224379, 0.0386141, 1.304622]"
632,632,99,10.603600000000029,-4.179146,-1.585919,-2.6680727269258986,2.59528039677306,1.15665,1.627982,False,6,"[-0.0439573, -0.0114242, 0.5269933]","[0.0261975, 0.0368778, 1.297542]"
633,633,99,10.620300000000043,-4.368346,-1.245951,-2.72148249235811,2.953522681766526,0.9644664,1.496253,False,6,"[-0.0425582, -0.0113959, 0.5285485]","[0.0217347, 0.0337232, 1.291062]"
634,634,99,10.637200000000007,-4.35497,-2.21875,-2.942493185505886,1.9957498060887926,0.8004079,1.379964,False,6,"[-0.0419737, -0.0160202, 0.5276899]","[0.0179517, 0.0309541, 1.284959]"
635,635,99,10.653400000000033,-4.501317,-2.313334,-3.0685188309293725,1.9214506628723618,0.859639,1.355915,False,6,"[-0.0429867, -0.016293, 0.5276943]","[0.0191758, 0.0302495, 1.277988]"
636,636,99,10.670500000000061,-4.439962,-2.392222,-3.0437690066156646,1.836097206403633,0.9199095,1.058277,False,6,"[-0.0396075, -0.0111014, 0.5262676]","[0.0204065, 0.0234766, 1.270891]"
637,637,99,10.686599999999999,-4.234657,-2.483441,-2.920021572269341,1.7202723543183014,0.5803344,0.4193105,False,6,"[-0.0384249, -0.0107194, 0.5281083]","[0.0128068, 0.0092532, 1.264361]"
638,638,99,10.703600000000051,-4.882308,-2.269542,-3.327891732877608,2.0130627937010237,0.6418172,0.6902013,False,6,"[-0.038513, -0.0145929, 0.5270737]","[0.0141072, 0.0151708, 1.259311]"
639,639,99,10.720100000000002,-4.446713,-2.224093,-3.0087147435855535,2.0021952047759495,0.56315,0.1913976,False,6,"[-0.0403089, -0.0114765, 0.5276712]","[0.012306, 0.0041823, 1.251989]"
640,640,99,10.73700000000008,-4.37639,-1.772256,-2.8518729957400923,2.437295303267117,0.4449311,0.3370711,False,6,"[-0.0400044, -0.0203522, 0.5253004]","[0.009666, 0.0073227, 1.244713]"
641,641,99,10.753400000000056,-4.381144,-1.950782,-2.8975363189694376,2.2624459219735344,0.4924708,0.6586223,False,6,"[-0.0414106, -0.0212497, 0.5260172]","[0.0106608, 0.0142579, 1.240288]"
642,642,99,10.770500000000084,-4.597994,-2.017379,-3.0668484920627077,2.224640993835075,0.340985,0.7812201,False,6,"[-0.0406819, -0.021888, 0.523931]","[0.0073442, 0.016827, 1.234041]"
643,643,99,10.786699999999996,-4.641311,-2.117133,-3.1211519845883053,2.1321252653981126,0.3368772,0.9332544,False,6,"[-0.0388671, -0.0227666, 0.5249224]","[0.0072314, 0.0200348, 1.229899]"
644,644,99,10.803499999999985,-5.120004,-2.378106,-3.5219063051683728,1.9366703676247816,0.2623221,0.9242905,False,6,"[-0.0447773, -0.0207752, 0.5242065]","[0.0056052, 0.0197513, 1.224257]"
645,645,99,10.820100000000025,-5.194027,-2.511643,-3.605954250598079,1.814867453793004,-0.002745547,0.7255598,False,6,"[-0.0408704, -0.0204112, 0.525556]","[-5.84e-05, 0.0154453, 1.219611]"
646,646,99,10.838300000000004,-5.718967,-2.282887,-3.9234228507391764,2.1066146866815156,-0.2261615,0.5207405,False,6,"[-0.0402708, -0.0162815, 0.5261997]","[-0.004795, 0.0110408, 1.214756]"
647,647,99,10.854199999999992,-5.62278,-2.370517,-3.8760825603959335,2.008228783484536,-0.5610516,0.4984865,False,6,"[-0.0402542, -0.0178959, 0.5254105]","[-0.0118416, 0.010521, 1.209247]"
648,648,99,10.871399999999994,-6.040853,-2.402145,-4.179579113471076,2.030445745295868,-0.7852141,0.3163854,False,6,"[-0.0422687, -0.0185133, 0.52558]","[-0.0165161, 0.0066545, 1.205079]"
649,649,99,10.88760000000002,-5.96612,-2.299286,-4.102296883810574,2.1220077797768178,-1.102266,0.344227,False,6,"[-0.0426223, -0.0194085, 0.52501]","[-0.0230724, 0.0072045, 1.199154]"
650,650,99,10.904600000000073,-6.244759,-2.201069,-4.276308078476241,2.254059772948126,-1.306677,0.3437407,False,6,"[-0.0469592, -0.0217657, 0.5241013]","[-0.0272422, 0.0071653, 1.194322]"
651,651,99,10.921100000000024,-6.562059,-1.984522,-4.449656519161465,2.5073355434458526,-1.381513,0.4555241,False,6,"[-0.0476877, -0.0230116, 0.5246052]","[-0.0286678, 0.0094509, 1.188714]"
652,652,99,10.937900000000013,-6.283406,-1.842575,-4.218734375281584,2.6113151136636583,-1.362742,0.5411787,False,6,"[-0.0525282, -0.0209095, 0.5245076]","[-0.0281807, 0.0111895, 1.184618]"
653,653,99,10.954799999999977,-6.371351,-2.003332,-4.319088461556345,2.4645353089441526,-1.479435,0.5723864,False,6,"[-0.0516217, -0.0217057, 0.5243316]","[-0.0304489, 0.0117783, 1.178966]"
654,654,99,10.971700000000055,-6.221765,-2.865584,-4.417468638431527,1.5980424109992692,-1.474234,0.7555296,False,6,"[-0.0554871, -0.0219955, 0.5243279]","[-0.0302531, 0.0155019, 1.175521]"
655,655,99,10.988299999999981,-6.25175,-2.845501,-4.433940367899899,1.621602846560901,-1.409226,0.7204112,False,6,"[-0.0547658, -0.0210412, 0.524042]","[-0.0287989, 0.0147201, 1.170657]"
656,656,99,11.00470000000007,-5.764069,-2.527741,-4.013368081796102,1.871722149396276,-1.437973,0.5520052,False,6,"[-0.0573431, -0.0201414, 0.5240393]","[-0.0292876, 0.0112408, 1.166712]"
657,657,99,11.029899999999998,-5.875192,-2.72303,-4.138314121454404,1.693959281426414,-1.392641,0.3531664,False,6,"[-0.0603208, -0.0181699, 0.5243784]","[-0.0282449, 0.0071614, 1.161818]"
658,658,99,11.03830000000005,-5.715633,-3.003258,-4.091736762760401,1.3982085022493935,-1.300303,0.1059451,False,6,"[-0.0577982, -0.0168868, 0.524923]","[-0.0262817, 0.002141, 1.157865]"
659,659,99,11.054899999999975,-5.764162,-3.140508,-4.158614211407274,1.2695061671627572,-1.189685,-0.00445517,False,6,"[-0.0585638, -0.0183456, 0.5244752]","[-0.0239419, -8.96e-05, 1.152886]"
660,660,99,11.071900000000028,-5.720077,-3.412134,-4.191756448126317,0.9969314562526876,-1.096544,-0.08889348,False,6,"[-0.0571856, -0.0262565, 0.5245464]","[-0.0219863, -0.0017821, 1.148673]"
661,661,99,11.088200000000029,-5.675933,-3.312712,-4.136946084350172,1.0890154589332237,-1.183147,-0.3010623,False,6,"[-0.0574367, -0.0260601, 0.5243029]","[-0.0236165, -0.0060086, 1.143503]"
662,662,99,11.104900000000043,-5.652891,-3.766819,-4.228221585249699,0.6397811078953799,-1.191199,-0.565928,False,6,"[-0.0530965, -0.0232211, 0.5260058]","[-0.0237249, -0.0112703, 1.140988]"
663,663,99,11.121700000000033,-5.700907,-3.908289,-4.295735647524384,0.506865950417819,-1.392893,-0.8762143,False,6,"[-0.0539981, -0.024958, 0.5247512]","[-0.0275651, -0.0173381, 1.13365]"
664,664,99,11.138400000000047,-5.957861,-4.089571,-4.520613990860385,0.361461464584492,-1.473946,-0.8258678,False,6,"[-0.0524998, -0.0275195, 0.524532]","[-0.0290653, -0.0162831, 1.129587]"
665,665,99,11.155200000000036,-6.195399,-4.09222,-4.689422705045792,0.38914223133003745,-1.452827,-0.7803024,False,6,"[-0.0529034, -0.028755, 0.5240843]","[-0.0285272, -0.0153194, 1.124799]"
666,666,99,11.1721,-6.522192,-3.762855,-4.842762867534116,0.7545058936529032,-1.441388,-0.8083064,False,6,"[-0.0524995, -0.0312498, 0.5241184]","[-0.0281934, -0.0158081, 1.120461]"
667,667,99,11.188300000000027,-6.459537,-3.541078,-4.745857338212223,0.964480471194403,-1.471188,-0.8561767,False,6,"[-0.0520824, -0.0303318, 0.5240251]","[-0.0286519, -0.0166719, 1.115609]"
668,668,99,11.20519999999999,-6.153086,-3.677583,-4.561226169809137,0.7912531958626432,-1.654802,-0.9494522,False,6,"[-0.0518094, -0.0344609, 0.5234176]","[-0.0321183, -0.0184246, 1.111752]"
669,669,99,11.22180000000003,-6.410765,-3.590658,-4.72307268003753,0.9095351701835503,-1.596217,-0.8667554,False,6,"[-0.0521836, -0.0357121, 0.5227288]","[-0.0308718, -0.0167605, 1.107847]"
670,670,99,11.23840000000007,-5.992465,-3.418442,-4.386106488943882,1.0254592530529028,-1.491047,-0.7557438,False,6,"[-0.0544912, -0.0373321, 0.5221424]","[-0.0287634, -0.0145764, 1.105028]"
671,671,99,11.25490000000002,-5.812996,-3.182831,-4.203216954316645,1.2341370395799132,-1.158657,-0.5517217,False,6,"[-0.0566265, -0.0373209, 0.5216464]","[-0.0222805, -0.0106083, 1.101627]"
672,672,99,11.272100000000023,-5.297219,-2.942917,-3.781195926468196,1.404167222264335,-0.9018561,-0.3758856,False,6,"[-0.0596665, -0.034324, 0.5218889]","[-0.0173046, -0.0072119, 1.099289]"
673,673,99,11.288400000000024,-5.487079,-3.504184,-4.048598766147405,0.8767592595305613,-0.7855434,-0.6359075,False,6,"[-0.0590754, -0.0322886, 0.5217741]","[-0.0150316, -0.012168, 1.096301]"
674,674,99,11.305400000000077,-5.136229,-3.499193,-3.799008275260091,0.8369338332279073,-0.5722679,-0.5775001,False,6,"[-0.0562204, -0.0335186, 0.5214938]","[-0.0109451, -0.0110451, 1.095788]"
675,675,99,11.32159999999999,-5.117054,-3.468335,-3.7781209817746673,0.8648164373550329,-0.291332,-0.6234877,False,6,"[-0.0584965, -0.0326697, 0.5206249]","[-0.0055562, -0.0118913, 1.092718]"
676,676,99,11.338500000000067,-4.872135,-3.625402,-3.6419272231215567,0.6792256545705255,0.04104728,-0.7029015,False,6,"[-0.054663, -0.031106, 0.5207427]","[0.000782, -0.013391, 1.091488]"
677,677,99,11.354900000000043,-4.70282,-3.635768,-3.524505186148125,0.6474516265704668,0.1406038,-0.8363319,False,6,"[-0.0530182, -0.0289596, 0.5207796]","[0.0026748, -0.0159111, 1.089969]"
678,678,99,11.371700000000033,-4.824045,-3.772135,-3.642643480840487,0.5288852663389361,0.0630814,-1.144663,False,6,"[-0.0483001, -0.0267806, 0.5209345]","[0.0011992, -0.0217642, 1.089254]"
679,679,99,11.388400000000047,-4.774621,-3.665536,-3.5823943677011654,0.6273496716650966,0.04265897,-1.292923,False,6,"[-0.0499335, -0.0318309, 0.5198078]","[0.0008103, -0.0245642, 1.088377]"
680,680,99,11.405100000000061,-4.2509,-3.409094,-3.1508329387223943,0.8126107875656876,0.4981293,-0.942018,False,6,"[-0.0467426, -0.0317989, 0.5200269]","[0.0094663, -0.017903, 1.088805]"
681,681,99,11.421500000000037,-4.393981,-3.464556,-3.265277189105036,0.7763443844667037,0.3488884,-1.313257,False,6,"[-0.0465391, -0.0314987, 0.5197129]","[0.0066256, -0.0249435, 1.088064]"
682,682,99,11.438800000000015,-4.225642,-3.430376,-3.1379920826917096,0.7884746288651261,0.4707437,-1.05038,False,6,"[-0.0443136, -0.0329386, 0.519866]","[0.0089387, -0.0199468, 1.087931]"
683,683,99,11.455100000000016,-4.204579,-3.508428,-3.141571635823932,0.7090797033342229,0.7138231,-0.9449899,False,6,"[-0.0427609, -0.0330287, 0.5197977]","[0.0135563, -0.0179471, 1.088053]"
684,684,99,11.47180000000003,-3.754026,-3.463897,-2.812021616283223,0.6954028773269791,0.7227889,-0.9392595,False,6,"[-0.0438742, -0.0342756, 0.5198668]","[0.0137213, -0.0178314, 1.087633]"
685,685,99,11.488299999999981,-3.805446,-3.572577,-2.874176975158659,0.5951477378611676,0.7755931,-1.05316,False,6,"[-0.0434315, -0.0333111, 0.5199739]","[0.0147207, -0.01999, 1.087405]"
686,686,99,11.504999999999995,-3.787341,-3.879043,-2.9339680038645266,0.2916444937990139,0.8477928,-1.200274,False,6,"[-0.0387215, -0.0310331, 0.5209501]","[0.0160854, -0.0227748, 1.08701]"
687,687,99,11.521900000000073,-3.718172,-3.86091,-2.8806989559375333,0.3006471215803841,0.9993917,-1.358838,False,6,"[-0.0400007, -0.0315162, 0.5205704]","[0.0189489, -0.0257664, 1.086245]"
688,688,99,11.538599999999974,-3.068664,-3.937293,-2.4389329244508664,0.14277075107936144,1.05177,-1.484816,False,6,"[-0.0385064, -0.0312402, 0.5211643]","[0.0199231, -0.0281291, 1.085198]"
689,689,99,11.555500000000052,-3.101947,-4.045043,-2.4880266261558917,0.041117293015644485,1.126906,-1.57523,False,6,"[-0.0383139, -0.0319528, 0.5211662]","[0.0213273, -0.0298157, 1.084213]"
690,690,99,11.571900000000028,-3.356041,-4.203087,-2.7053743583078598,-0.08181349731172682,0.9975119,-1.612481,False,6,"[-0.0342373, -0.0315846, 0.5217988]","[0.0188482, -0.0304731, 1.082506]"
691,691,99,11.588799999999992,-3.474163,-4.10578,-2.7659522853964678,0.028879506344298367,1.104474,-1.593127,False,6,"[-0.0346998, -0.0325707, 0.5216805]","[0.020847, -0.0300744, 1.081328]"
692,692,99,11.605099999999993,-3.769701,-4.125803,-2.9799423716663047,0.046879632372216484,0.9165638,-1.663698,False,6,"[-0.0345436, -0.0353826, 0.5218226]","[0.0172664, -0.0313472, 1.079255]"
693,693,99,11.621700000000033,-3.705362,-3.957716,-2.894565084385742,0.2038729435086446,0.7461992,-1.70632,False,6,"[-0.033931, -0.0352375, 0.5221314]","[0.0140339, -0.0320987, 1.077511]"
694,694,99,11.638699999999972,-3.59183,-3.572831,-2.7229932547950964,0.5676637654151993,0.5119283,-1.746908,False,6,"[-0.0279973, -0.0359446, 0.5222441]","[0.0096067, -0.0327914, 1.075171]"
695,695,99,11.655100000000061,-3.544696,-3.507322,-2.6741007813501905,0.6260368466007535,0.4766202,-1.614056,False,6,"[-0.0282946, -0.0369224, 0.5221157]","[0.0089281, -0.0302418, 1.07324]"
696,696,99,11.672800000000052,-3.734094,-3.75994,-2.8680496195905225,0.4019104370332318,0.2443624,-1.511623,False,6,"[-0.0306137, -0.0383654, 0.5220521]","[0.004568, -0.028264, 1.071054]"
697,697,99,11.689300000000003,-3.779032,-3.791415,-2.9073237551262445,0.3767060224731891,0.1468938,-1.451979,False,6,"[-0.0316863, -0.0374652, 0.5219288]","[0.0027394, -0.027083, 1.06848]"
698,698,99,11.706800000000044,-4.327095,-4.141895,-3.3783997740025624,0.10212770537190963,0.1265176,-1.30821,False,6,"[-0.0344167, -0.0376787, 0.5223457]","[0.0023536, -0.0243411, 1.065883]"
699,699,99,11.722600000000057,-4.337686,-4.32897,-3.4302212745647536,-0.08037946806313645,0.05386137,-1.316673,False,6,"[-0.0338328, -0.0361441, 0.5224249]","[0.0009994, -0.0244356, 1.06314]"
700,700,99,11.739500000000021,-4.310401,-4.085018,-3.3531045011073344,0.15589810878474886,-0.1029586,-1.389712,False,6,"[-0.0328288, -0.0326547, 0.5229889]","[-0.0019051, -0.02572, 1.06019]"
701,701,99,11.755999999999972,-4.250897,-4.151558,-3.3267396582542057,0.08291626318773959,-0.2793238,-1.523008,False,6,"[-0.0324083, -0.0320658, 0.5231731]","[-0.0051533, -0.0281048, 1.057058]"
702,702,99,11.772600000000011,-4.346255,-3.868266,-3.327135634932459,0.37349322682586283,-0.4109651,-1.600775,False,6,"[-0.0341431, -0.0343801, 0.5231475]","[-0.0075623, -0.0294634, 1.054293]"
703,703,99,11.789800000000014,-4.274678,-3.888451,-3.281240201561962,0.34452989638232134,-0.5487744,-1.620491,False,6,"[-0.0345603, -0.0346739, 0.5232257]","[-0.0100625, -0.0297208, 1.050559]"
704,704,99,11.806699999999978,-4.308007,-3.937653,-3.3164949429892445,0.30042331857111204,-0.5236263,-1.672571,False,6,"[-0.0395964, -0.0378956, 0.5233053]","[-0.0095684, -0.0305712, 1.046954]"
705,705,99,11.822999999999979,-4.362539,-4.025535,-3.3759260709611407,0.22100522339690531,-0.4562182,-1.631102,False,6,"[-0.0396886, -0.0396086, 0.5232387]","[-0.0083023, -0.0296905, 1.042657]"
706,706,99,11.840199999999982,-4.165221,-3.927275,-3.212941118542748,0.29241874488432895,-0.3910784,-1.423827,False,6,"[-0.0394747, -0.0374035, 0.5237256]","[-0.0070903, -0.0258192, 1.038768]"
707,707,99,11.856499999999983,-3.932355,-3.980618,-3.0607062097047333,0.2103046439624796,-0.205068,-1.392313,False,6,"[-0.0389413, -0.0380281, 0.5239075]","[-0.0037011, -0.0251336, 1.034081]"
708,708,99,11.87340000000006,-4.046587,-3.985296,-3.1426928212128633,0.22027077375806892,-0.1808617,-1.447682,False,6,"[-0.0398775, -0.0354777, 0.5246885]","[-0.0032495, -0.0260157, 1.02942]"
709,709,99,11.889700000000062,-3.911015,-3.933017,-3.034319210083065,0.2543662599955381,-0.1933279,-1.477921,False,6,"[-0.0392195, -0.0356645, 0.5247043]","[-0.0034549, -0.0264169, 1.023899]"
710,710,99,11.9067,-4.128705,-3.885338,-3.1771511904556253,0.3289789584277871,0.005815324,-1.441495,False,6,"[-0.0394268, -0.0360261, 0.5233815]","[0.0001034, -0.0256329, 1.018626]"
711,711,99,11.92349999999999,-4.088509,-3.825487,-3.1345114694252905,0.38267589305068617,0.1915596,-1.32075,False,6,"[-0.0400241, -0.0369217, 0.5246443]","[0.0033909, -0.0233832, 1.014211]"
712,712,99,11.939799999999991,-4.030685,-3.648093,-3.0515418491709685,0.5496467410241701,0.3915186,-1.126489,False,6,"[-0.0382289, -0.0360379, 0.5249401]","[0.0068995, -0.0198538, 1.009681]"
713,713,99,11.95659999999998,-3.935792,-3.59806,-2.972501823495975,0.5867211058518151,0.4818573,-1.035663,False,6,"[-0.0361045, -0.0365491, 0.5252291]","[0.0084405, -0.0181429, 1.003607]"
714,714,99,11.973400000000083,-3.602583,-3.168861,-2.6348956714932514,0.9660566877931056,0.4148226,-0.7881476,False,6,"[-0.0371529, -0.0365883, 0.525174]","[0.0072301, -0.0137375, 0.9986066]"
715,715,99,11.990000000000009,-3.43267,-2.933866,-2.458917899847264,1.1753473830855738,0.3663538,-0.5921912,False,6,"[-0.035911, -0.0361136, 0.5252731]","[0.0063471, -0.01026, 0.9926434]"
716,716,99,12.006600000000049,-4.107962,-3.443698,-3.057828889893031,0.7603784938200304,0.3633289,-0.6122379,False,6,"[-0.0378882, -0.0356478, 0.5248796]","[0.0062641, -0.0105558, 0.9878157]"
717,717,99,12.023300000000063,-3.873961,-2.941767,-2.773231669465397,1.223843367543319,0.3847609,-0.7231595,False,6,"[-0.0375277, -0.035106, 0.5250143]","[0.0065935, -0.012393, 0.9818426]"
718,718,99,12.040000000000077,-4.194426,-3.485846,-3.12903287517319,0.7299788820811068,0.4301161,-0.6434881,False,6,"[-0.0369809, -0.0334606, 0.5248116]","[0.0073361, -0.0109756, 0.9772221]"
719,719,99,12.056500000000028,-4.122103,-3.519433,-3.0857845395970047,0.6877489475355225,0.4116492,-0.8238676,False,6,"[-0.0361066, -0.0329997, 0.5247995]","[0.0069782, -0.0139667, 0.9712443]"
720,720,99,12.073500000000081,-4.495213,-2.807827,-3.181355218410273,1.4346843828909188,0.1228832,-0.888665,False,6,"[-0.0330691, -0.0290792, 0.5252403]","[0.0020726, -0.0149899, 0.9663781]"
721,721,99,12.089600000000019,-4.502004,-3.029626,-3.238713261789832,1.217565968032039,-0.3755855,-1.420305,False,6,"[-0.0314809, -0.0268977, 0.524828]","[-0.0062962, -0.0238142, 0.9604782]"
722,722,99,12.106700000000046,-4.70307,-2.989081,-3.3714653849912217,1.283047938456042,-0.2748931,-1.148016,False,6,"[-0.0374749, -0.0313992, 0.5217856]","[-0.0045884, -0.0191645, 0.9563439]"
723,723,99,12.123199999999997,-4.811623,-3.277565,-3.5166721149899844,1.0133653043157516,-0.2854815,-1.446148,False,6,"[-0.0354695, -0.026917, 0.5237928]","[-0.004744, -0.0240363, 0.9521055]"
724,724,99,12.140100000000075,-4.963038,-3.570131,-3.6931930286713346,0.7451354418112182,-0.4755862,-1.393435,False,6,"[-0.0383806, -0.0318791, 0.5233411]","[-0.0078742, -0.023075, 0.9486199]"
725,725,99,12.156400000000076,-4.978286,-3.858732,-3.7723658916334886,0.46344217456279235,-0.5287815,-1.278505,False,6,"[-0.0376733, -0.0321502, 0.5227418]","[-0.0087183, -0.0210824, 0.9446427]"
726,726,99,12.180000000000064,-4.854118,-4.182966,-3.7612721405507337,0.12895433863307826,-0.6690255,-1.592163,False,6,"[-0.0412915, -0.0257594, 0.5252193]","[-0.0109986, -0.0261803, 0.9418863]"
727,727,99,12.189700000000016,-4.806106,-3.859332,-3.6506015671559204,0.4409009135240374,-0.7455173,-1.993888,False,6,"[-0.0411605, -0.0276678, 0.5227603]","[-0.0121992, -0.032638, 0.937497]"
728,728,99,12.20659999999998,-5.214,-4.239463,-4.029460544827715,0.11931114004162291,-0.8495292,-2.53418,False,6,"[-0.0430587, -0.0273297, 0.5233896]","[-0.0138534, -0.0413491, 0.9342599]"
729,729,99,12.223100000000045,-5.161795,-4.533801,-4.062234735925984,-0.17662017587785117,-0.9926598,-3.039725,False,6,"[-0.0440133, -0.029943, 0.5228683]","[-0.016106, -0.0493613, 0.9295378]"
730,730,99,12.240300000000047,-4.872094,-4.957386,-3.9574795089306756,-0.6298543855329592,-0.7325734,-3.159283,False,6,"[-0.0454094, -0.0326255, 0.522917]","[-0.0118489, -0.0511486, 0.9266748]"
731,731,99,12.256500000000074,-4.873364,-5.150139,-4.00404684136115,-0.819130254733504,-0.6807697,-3.126727,False,6,"[-0.0455342, -0.0352586, 0.5227401]","[-0.010961, -0.0503908, 0.9224702]"
732,732,99,12.273199999999974,-4.405858,-5.682627,-3.7992044605940345,-1.4020631328369175,-0.6563892,-3.119935,False,6,"[-0.0443973, -0.0382351, 0.5227906]","[-0.010532, -0.050108, 0.9192936]"
733,733,99,12.289700000000039,-4.286213,-5.544762,-3.681829919016786,-1.2818230997168518,-0.8605024,-3.979543,False,6,"[-0.0439647, -0.0352744, 0.522893]","[-0.0137251, -0.0635714, 0.9138014]"
734,734,99,12.306699999999978,-4.353409,-5.634137,-3.750581112730269,-1.361093957061593,-0.4804055,-4.366911,False,6,"[-0.0476675, -0.0387217, 0.5223635]","[-0.0076361, -0.0695458, 0.9107035]"
735,735,99,12.323300000000017,-4.399482,-5.355945,-3.717290760604656,-1.0818127225399774,-0.2535928,-4.548846,False,6,"[-0.0471939, -0.0414265, 0.5224328]","[-0.0040076, -0.0720376, 0.9054542]"
736,736,99,12.34030000000007,-4.248424,-5.171216,-3.5665719718427713,-0.9195196248930273,-0.155647,-4.542576,False,6,"[-0.0445066, -0.0452896, 0.5221354]","[-0.0024516, -0.0716994, 0.9024536]"
737,737,99,12.356400000000008,-4.059963,-5.064488,-3.407851644508135,-0.8386545499856277,-0.07081468,-4.357183,False,6,"[-0.0444689, -0.0470077, 0.5215561]","[-0.0011105, -0.0684628, 0.8985307]"
738,738,99,12.373299999999972,-4.222719,-5.346432,-3.589885561053836,-1.094999216109522,-0.03570339,-4.178644,False,6,"[-0.0401436, -0.0518447, 0.5210156]","[-0.0005582, -0.0654445, 0.8957555]"
739,739,99,12.389800000000037,-4.187744,-5.409983,-3.580179512192397,-1.161916217986528,-0.04542208,-4.092805,False,6,"[-0.0390393, -0.050566, 0.5208825]","[-0.0007075, -0.063858, 0.8924361]"
740,740,99,12.406500000000051,-4.151192,-5.667717,-3.6153638733254274,-1.4198774639280245,-0.0294711,-4.045163,False,6,"[-0.0396172, -0.051339, 0.5204031]","[-0.0004581, -0.0629796, 0.8905625]"
741,741,99,12.42330000000004,-4.113687,-5.614538,-3.5762101964419255,-1.372394694504365,-0.04687882,-4.339269,False,6,"[-0.0400667, -0.0488237, 0.5207747]","[-0.0007257, -0.0672981, 0.8869051]"
742,742,99,12.440200000000004,-4.218816,-5.988213,-3.739176615962191,-1.7262396361881507,0.1228182,-4.368834,False,6,"[-0.0386733, -0.0471151, 0.5206054]","[0.0018978, -0.0676371, 0.8853171]"
743,743,99,12.456500000000005,-4.23651,-6.070416,-3.7711802881780994,-1.8047729581839471,-0.03544477,-4.699103,False,6,"[-0.0369817, -0.0461748, 0.5210257]","[-0.0005455, -0.0724827, 0.8817928]"
744,744,99,12.473600000000033,-3.897161,-6.156603,-3.551335124814952,-1.9327419010466569,-0.09198857,-4.918069,False,6,"[-0.0384367, -0.0487185, 0.5205823]","[-0.001411, -0.0756221, 0.8788364]"
745,745,99,12.48980000000006,-3.933824,-6.217173,-3.591643769085949,-1.987595898777049,-0.06130131,-4.909089,False,6,"[-0.0381135, -0.0492962, 0.5205312]","[-0.0009378, -0.0752849, 0.8765265]"
746,746,99,12.506899999999973,-4.500347,-6.179354,-3.9837917602345483,-1.8782001821283432,-0.161665,-4.847971,False,6,"[-0.037693, -0.0515412, 0.5193372]","[-0.0024667, -0.0741474, 0.8742197]"
747,747,99,12.523000000000025,-4.627073,-6.229955,-4.08550468576697,-1.911774323430392,-0.2160287,-4.816988,False,6,"[-0.0374285, -0.0511601, 0.5204111]","[-0.0032881, -0.0734908, 0.8720772]"
748,748,99,12.540200000000027,-5.104739,-6.155112,-4.4059684129531185,-1.7773199543180764,-0.3775694,-4.789722,False,6,"[-0.0383526, -0.0545382, 0.5199246]","[-0.0057363, -0.0729376, 0.8704638]"
749,749,99,12.556400000000053,-5.080779,-6.112062,-4.3788046561838705,-1.7380650934515574,-0.4782397,-4.65867,False,6,"[-0.0384987, -0.0552705, 0.5197181]","[-0.0072472, -0.0707515, 0.8682359]"
750,750,99,12.573399999999992,-5.234638,-6.082702,-4.480783404487339,-1.6895942659547307,-0.6869376,-4.581728,False,6,"[-0.0353852, -0.0560299, 0.519428]","[-0.0103927, -0.069462, 0.8667889]"
751,751,99,12.589800000000082,-5.276818,-6.041293,-4.5008367306189,-1.6435198570687817,-0.8834698,-4.427165,False,6,"[-0.0357037, -0.056561, 0.5192035]","[-0.0133365, -0.0669585, 0.8648429]"
752,752,99,12.607000000000085,-5.117625,-5.841635,-4.340821153636354,-1.4675916755123106,-1.016949,-4.294396,False,6,"[-0.0408503, -0.0561936, 0.5190122]","[-0.0153319, -0.0648585, 0.8637203]"
753,753,99,12.623500000000035,-5.145083,-5.859988,-4.364610200799275,-1.482128340212232,-1.009551,-4.087867,False,6,"[-0.041972, -0.056612, 0.5185969]","[-0.0152031, -0.0616586, 0.8627434]"
754,754,99,12.639900000000011,-5.186324,-5.695523,-4.354843562674102,-1.3152341229256104,-0.8950736,-3.895886,False,6,"[-0.0463118, -0.0559085, 0.5184294]","[-0.0134609, -0.0586753, 0.8615914]"
755,755,99,12.656299999999987,-5.253221,-5.602842,-4.380249303899344,-1.2156183354231649,-0.8671919,-3.849648,False,6,"[-0.0460992, -0.0555216, 0.5184953]","[-0.0130249, -0.057903, 0.8604954]"
756,756,99,12.673200000000065,-5.778242,-5.633384,-4.7592096278292235,-1.1786990326271525,-0.8768288,-3.780216,False,6,"[-0.0475006, -0.0552502, 0.5184706]","[-0.0131473, -0.0567592, 0.8590358]"
757,757,99,12.689700000000016,-5.87686,-5.831154,-4.8758897195026,-1.3604945171887737,-0.7859526,-3.693713,False,6,"[-0.0478668, -0.0548499, 0.5182683]","[-0.0117846, -0.0554572, 0.8590441]"
758,758,99,12.706999999999994,-5.61391,-5.584565,-4.631293192037652,-1.1516707080912445,-0.9237469,-3.506131,False,6,"[-0.0463758, -0.0529796, 0.5178313]","[-0.0138539, -0.0526443, 0.859218]"
759,759,99,12.723100000000045,-5.433417,-5.409796,-4.46209368410247,-1.0029190338535017,-0.9275087,-3.390884,False,6,"[-0.046582, -0.0530971, 0.517343]","[-0.0139218, -0.0509517, 0.859926]"
760,760,99,12.740099999999984,-5.404425,-4.929755,-4.327832759990673,-0.5348306505205569,-0.8320612,-3.16227,False,6,"[-0.0469192, -0.0515548, 0.5169216]","[-0.0125091, -0.0475862, 0.8613173]"
761,761,99,12.756500000000074,-5.091685,-4.502796,-4.005249735069815,-0.15508690745049725,-0.8471918,-3.279432,False,6,"[-0.0474935, -0.050674, 0.5165495]","[-0.0127535, -0.0494183, 0.8624564]"
762,762,99,12.773500000000013,-5.586369,-4.67736,-4.396853448436215,-0.2635802538708374,-0.5984897,-2.998748,False,6,"[-0.0522609, -0.0509421, 0.5164493]","[-0.0090305, -0.0452871, 0.8644903]"
763,763,99,12.789800000000014,-5.577689,-4.759348,-4.410132923967707,-0.3452647489573182,-0.4889849,-2.737253,False,6,"[-0.0530709, -0.0526553, 0.5155928]","[-0.0073981, -0.0414438, 0.8668357]"
764,764,99,12.806699999999978,-5.261151,-4.929961,-4.226441045116691,-0.5532994029774114,-0.3878388,-2.363822,False,6,"[-0.0506764, -0.0504098, 0.5155492]","[-0.0058887, -0.0359108, 0.8699341]"
765,765,99,12.823200000000043,-5.031983,-4.578584,-3.980935794100943,-0.23718293738345242,-0.5021289,-2.326982,False,6,"[-0.0490203, -0.0488059, 0.5153717]","[-0.0076492, -0.035467, 0.8728001]"
766,766,99,12.840100000000007,-3.154203,-4.121019,-2.5430254679075697,-0.026889748875119412,-0.5072363,-2.32018,False,6,"[-0.0487655, -0.0444602, 0.51546]","[-0.007757, -0.0355004, 0.8761871]"
767,767,99,12.856499999999983,-2.96927,-4.198489,-2.430444277037609,-0.12660480610381075,-0.6360877,-2.646749,False,6,"[-0.0459491, -0.0406113, 0.5156943]","[-0.0097649, -0.0406586, 0.8795355]"
768,768,99,12.87360000000001,-3.122917,-4.188659,-2.5369000855886354,-0.09735510467021147,-0.5126543,-2.616849,False,6,"[-0.0503578, -0.0421235, 0.5148495]","[-0.0079082, -0.0403943, 0.8838167]"
769,769,99,12.889800000000037,-3.166672,-4.312213,-2.597152522810731,-0.21320564834610867,-0.3635239,-2.521096,False,6,"[-0.0502778, -0.0428642, 0.5148369]","[-0.0056307, -0.0390745, 0.887455]"
770,770,99,12.906500000000051,-4.000159,-4.188966,-3.15807564597427,0.01418455362404858,-0.46822,-2.462211,False,6,"[-0.0474378, -0.0444363, 0.5151616]","[-0.0072804, -0.038308, 0.8908793]"
771,771,99,12.923600000000079,-4.224776,-4.25422,-3.332568800909452,-0.021310242441506144,-0.8159992,-2.582437,False,6,"[-0.0453879, -0.0412799, 0.5154713]","[-0.0127469, -0.0403653, 0.8949672]"
772,772,99,12.940900000000056,-4.996122,-4.759879,-3.998499027665578,-0.4199317833068239,-1.179692,-2.688261,False,6,"[-0.0284319, -0.0371733, 0.5159404]","[-0.0184892, -0.0421579, 0.8978652]"
773,773,99,12.956500000000005,-5.26412,-5.010753,-4.24768485511484,-0.632323313568838,-1.677498,-2.657493,False,6,"[-0.0267649, -0.037879, 0.5160007]","[-0.0264165, -0.0418672, 0.9020124]"
774,774,99,12.973400000000083,-6.372382,-5.14284,-5.063648730245463,-0.6208439193994799,-2.349226,-2.828729,False,6,"[-0.028168, -0.0378108, 0.5162838]","[-0.0371324, -0.0447228, 0.9051229]"
775,775,99,12.990000000000009,-6.426221,-5.048903,-5.079511598176715,-0.5216585253597863,-2.939738,-2.991791,False,6,"[-0.0285585, -0.0389234, 0.5161933]","[-0.04663, -0.0474571, 0.9080249]"
776,776,99,13.006700000000023,-7.449341,-5.434122,-5.8951669242343865,-0.7698123668456107,-3.538912,-3.073735,False,6,"[-0.0361585, -0.0378711, 0.5170696]","[-0.0562688, -0.0488572, 0.909845]"
777,777,99,13.023599999999988,-7.512736,-5.332829,-5.9160527830299126,-0.6621791768280936,-4.084378,-3.249249,False,6,"[-0.0381719, -0.0384389, 0.5167433]","[-0.0651258, -0.0517773, 0.9120386]"
778,778,99,13.040100000000052,-7.93677,-5.134463,-6.16927832730862,-0.4131639698078535,-4.369583,-3.314535,False,6,"[-0.0451659, -0.0430201, 0.5166517]","[-0.0698141, -0.0529136, 0.9136561]"
779,779,99,13.057000000000016,-7.840643,-5.05373,-6.082090987175451,-0.3460749485528516,-4.511551,-2.966156,False,6,"[-0.0475803, -0.0452782, 0.5164163]","[-0.0723215, -0.0474925, 0.916569]"
780,780,99,13.073800000000006,-10.17765,-5.467947,-7.834871879650797,-0.4552179019724196,-4.705753,-2.664309,False,6,"[-0.0577128, -0.0465099, 0.5167694]","[-0.075578, -0.0427254, 0.9181445]"
781,781,99,13.090100000000007,-10.20972,-5.489187,-7.86261030889506,-0.47200391898502136,-4.858266,-2.575275,False,6,"[-0.0582334, -0.0456787, 0.5170265]","[-0.0781817, -0.0413711, 0.919822]"
782,782,99,13.107000000000085,-10.05903,-5.14935,-7.675402990660545,-0.15722365266732474,-4.889017,-2.340611,False,6,"[-0.0675677, -0.0491585, 0.5167577]","[-0.0787873, -0.0376487, 0.9210885]"
783,783,99,13.123800000000074,-10.20549,-5.273852,-7.808596986810122,-0.26091182074502894,-4.909475,-2.154324,False,6,"[-0.068189, -0.0482649, 0.5170587]","[-0.0792444, -0.0347044, 0.9225526]"
784,784,99,13.1404,-10.44124,-5.018664,-7.915051539596456,0.019943375340586655,-5.010382,-1.964958,False,6,"[-0.0721404, -0.0464948, 0.5174483]","[-0.080887, -0.0316535, 0.9226166]"
785,785,99,13.1567,-10.31948,-4.948503,-7.812220361978256,0.07337422391742399,-5.021334,-1.840613,False,6,"[-0.0713108, -0.0457953, 0.5178492]","[-0.0811909, -0.0296952, 0.9240538]"
786,786,99,13.173700000000053,-10.12369,-4.62948,-7.598012820138655,0.36194858507162087,-5.245304,-1.78289,False,6,"[-0.0929429, -0.0495579, 0.5177135]","[-0.0848113, -0.0287563, 0.9238257]"
787,787,99,13.190000000000055,-10.12606,-4.656045,-7.605984754657574,0.3361426405204986,-5.205246,-1.569393,False,6,"[-0.0932633, -0.0497629, 0.5178317]","[-0.084271, -0.0253443, 0.9250441]"
788,788,99,13.207300000000032,-9.719393,-4.341822,-7.2436098172940815,0.5931144179444585,-5.126337,-1.511373,False,6,"[-0.0919524, -0.0467129, 0.5183649]","[-0.0830056, -0.0244125, 0.9252555]"
789,789,99,13.223799999999983,-10.02512,-4.278122,-7.444977760490118,0.6946965837789212,-4.92746,-1.392115,False,6,"[-0.0933163, -0.0478468, 0.5183449]","[-0.0798138, -0.0224979, 0.9257737]"
790,790,99,13.240599999999972,-9.360007,-4.27047,-6.972253057687235,0.6174203570491845,-4.685086,-1.33838,False,6,"[-0.0955786, -0.0455475, 0.5186641]","[-0.0758482, -0.021623, 0.925509]"
791,791,99,13.256600000000049,-9.279723,-4.232299,-6.906366875244992,0.6446992712374273,-4.504203,-1.268223,False,6,"[-0.0945794, -0.0449741, 0.519433]","[-0.0728726, -0.0204794, 0.9250662]"
792,792,99,13.273599999999988,-8.993158,-3.867132,-6.6169563286961735,0.9670508975300582,-4.388805,-1.130847,False,6,"[-0.0928412, -0.0421044, 0.5199618]","[-0.0709135, -0.0182386, 0.9239634]"
793,793,99,13.290100000000052,-8.957157,-3.916336,-6.60312467991656,0.9141033305134725,-4.223087,-1.070518,False,6,"[-0.0929049, -0.042366, 0.5201945]","[-0.0681631, -0.0172495, 0.9231121]"
794,794,99,13.306800000000067,-8.345366,-3.829739,-6.14944879083243,0.9212124362807277,-4.073347,-1.045556,False,6,"[-0.0889943, -0.0394488, 0.5195793]","[-0.0656138, -0.0168154, 0.9213694]"
795,795,99,13.327600000000075,-8.330969,-3.721867,-6.113697805627802,1.0253936108260149,-3.919073,-1.042006,False,6,"[-0.0922744, -0.0390471, 0.5219759]","[-0.0630828, -0.0167482, 0.9208139]"
796,796,99,13.34030000000007,-8.482604,-3.855401,-6.252695706561811,0.9134885581318355,-3.68908,-1.010448,False,6,"[-0.0858588, -0.0388957, 0.5208869]","[-0.0593098, -0.0162243, 0.9198775]"
797,797,99,13.356700000000046,-8.41016,-3.782429,-6.184115129347454,0.9759694572671522,-3.559469,-1.01758,False,6,"[-0.0851979, -0.0385869, 0.5214297]","[-0.0570608, -0.0162932, 0.9173099]"
798,798,99,13.373699999999985,-8.207893,-3.64585,-6.008547439555023,1.0844119607919565,-3.539047,-0.8406702,False,6,"[-0.0825857, -0.035274, 0.5218288]","[-0.0566043, -0.0134297, 0.915235]"
799,799,99,13.390300000000025,-8.284554,-3.463305,-6.019575169142858,1.2735909831043832,-3.474889,-0.743702,False,6,"[-0.0822732, -0.0357345, 0.5219787]","[-0.0554146, -0.0118461, 0.9125841]"
800,800,99,13.407100000000014,-8.436462,-3.190351,-6.062458882694496,1.561217428310445,-3.487674,-0.6971976,False,6,"[-0.0765992, -0.034955, 0.5221741]","[-0.0555004, -0.0110816, 0.9106379]"
801,801,99,13.423600000000079,-8.328537,-3.027095,-5.947366526200943,1.7079059608944016,-3.556467,-0.6544908,False,6,"[-0.0765, -0.0339831, 0.5224118]","[-0.0564001, -0.0103663, 0.9074557]"
802,802,99,13.440500000000043,-8.353573,-2.988743,-5.956005879678284,1.7487902243780205,-3.561337,-0.5212821,False,6,"[-0.077847, -0.0351762, 0.5219705]","[-0.0563456, -0.008237, 0.9053353]"
803,803,99,13.456999999999994,-8.381655,-3.019092,-5.983078891212404,1.722543437469996,-3.55303,-0.4564772,False,6,"[-0.0772351, -0.0345365, 0.5223943]","[-0.0560014, -0.0071857, 0.901914]"
804,804,99,13.474199999999996,-8.520081,-3.286593,-6.14446481952283,1.4772914804157056,-3.471976,-0.3851053,False,6,"[-0.0753723, -0.0332951, 0.5225376]","[-0.0545976, -0.0060485, 0.8998862]"
805,805,99,13.490200000000073,-8.259036,-2.733609,-5.828624199060898,1.987483383567402,-3.361981,-0.3910579,False,6,"[-0.0761214, -0.0316385, 0.5227799]","[-0.0526498, -0.0061172, 0.8962413]"
806,806,99,13.507299999999987,-7.614038,-3.043128,-5.445287249963264,1.6010557772674137,-3.380382,-0.630253,False,6,"[-0.0775791, -0.0291553, 0.5230612]","[-0.0527559, -0.009825, 0.8931486]"
807,807,99,13.523700000000076,-7.682286,-3.255282,-5.543872785494489,1.401251753918297,-3.419891,-0.8820998,False,6,"[-0.0766391, -0.0276846, 0.5235163]","[-0.053124, -0.0136872, 0.8889662]"
808,808,99,13.540399999999977,-7.583855,-3.865612,-5.618784795547137,0.7888698305824842,-3.444797,-1.295365,False,6,"[-0.0767604, -0.0272933, 0.5227515]","[-0.0533513, -0.0200412, 0.8862987]"
809,809,99,13.55720000000008,-7.491965,-3.793903,-5.5367353442314675,0.8476302420867534,-3.29867,-1.684817,False,6,"[-0.0770659, -0.0275865, 0.5230477]","[-0.0508479, -0.0259497, 0.8822197]"
810,810,99,13.574100000000044,-7.754123,-4.412813,-5.868983555652554,0.27278811837059536,-3.020029,-1.622895,False,6,"[-0.0782557, -0.0299969, 0.5223684]","[-0.0464416, -0.0249402, 0.8802698]"
811,811,99,13.590700000000083,-7.801266,-4.565606,-5.938562228835143,0.12863340796468536,-3.046047,-1.964453,False,6,"[-0.075953, -0.0249838, 0.5232573]","[-0.0466512, -0.0300697, 0.8766758]"
812,812,99,13.607500000000073,-7.767889,-5.054487,-6.030759223460841,-0.35609448505796637,-3.446273,-2.73839,False,6,"[-0.0697845, -0.0277527, 0.5220345]","[-0.0526498, -0.0418167, 0.8742704]"
813,813,99,13.624099999999999,-7.692728,-5.096951,-5.987604723703275,-0.40741056388183505,-3.49843,-3.046375,False,6,"[-0.0703809, -0.0296761, 0.521763]","[-0.0532752, -0.0463772, 0.8714336]"
814,814,99,13.640800000000013,-7.941424,-5.510647,-6.261701119607468,-0.7822845218592507,-3.433275,-3.017445,False,6,"[-0.069297, -0.0351686, 0.5204755]","[-0.0522381, -0.0458986, 0.8707256]"
815,815,99,13.657500000000027,-8.055264,-5.535604,-6.348214805575478,-0.7922985844226149,-3.47011,-3.29482,False,6,"[-0.0685138, -0.0345477, 0.5209783]","[-0.0526286, -0.0499641, 0.8678997]"
816,816,99,13.674200000000042,-8.05713,-5.882447,-6.431712006080171,-1.1329382288441172,-3.527343,-3.890839,False,6,"[-0.0708843, -0.0401726, 0.5205675]","[-0.0533508, -0.0588648, 0.8654995]"
817,817,99,13.690699999999993,-8.276811,-5.959967,-6.60561651717555,-1.1811173590880104,-3.675713,-4.134066,False,6,"[-0.0713286, -0.041574, 0.5206259]","[-0.0554076, -0.0623395, 0.8624896]"
818,818,99,13.707300000000032,-8.16713,-6.370073,-6.625125106281621,-1.598153279790588,-3.510113,-4.105304,False,6,"[-0.0709592, -0.0460086, 0.5201825]","[-0.0528026, -0.0617845, 0.8608208]"
819,819,99,13.723900000000071,-8.155991,-6.581615,-6.667358245630786,-1.8074770402273916,-3.397629,-4.121225,False,6,"[-0.0702999, -0.0464207, 0.520447]","[-0.0509569, -0.0618434, 0.8583018]"
820,820,99,13.741600000000062,-7.634006,-6.273778,-6.224849136135954,-1.5714835559509979,-3.459049,-4.345013,False,6,"[-0.0726281, -0.0502293, 0.5206372]","[-0.0516986, -0.0649858, 0.8552963]"
821,821,99,13.75750000000005,-7.452916,-6.084389,-6.051763087125773,-1.408439448172567,-3.361047,-4.721981,False,6,"[-0.0736414, -0.0504298, 0.5203438]","[-0.0500643, -0.0704149, 0.8524675]"
822,822,99,13.773800000000051,-6.982587,-5.85057,-5.66336410816147,-1.2386051772365603,-3.183251,-4.724954,False,6,"[-0.0736121, -0.0535773, 0.5200148]","[-0.0472795, -0.0702649, 0.8501148]"
823,823,99,13.79060000000004,-6.987495,-5.820051,-5.659608321705218,-1.2079853515852434,-2.81776,-4.612682,False,6,"[-0.0755564, -0.0542234, 0.5193921]","[-0.0417612, -0.0684561, 0.8484799]"
824,824,99,13.80860000000007,-6.398224,-5.623616,-5.195853539172069,-1.0900562611972608,-2.554083,-4.653008,False,6,"[-0.0745235, -0.0579705, 0.5192672]","[-0.0377061, -0.0687984, 0.8453]"
825,825,99,13.824100000000044,-6.295625,-5.630378,-5.124813727685301,-1.1097825160664092,-2.093371,-4.385011,False,6,"[-0.0743711, -0.0598727, 0.518923]","[-0.0308553, -0.0647307, 0.8441377]"
826,826,99,13.840700000000083,-6.050235,-5.383282,-4.8925298688939245,-0.8982216666703096,-1.864705,-4.215286,False,6,"[-0.0695766, -0.0570689, 0.5191019]","[-0.0274203, -0.0620756, 0.8422322]"
827,827,99,13.857200000000034,-5.864652,-5.513133,-4.791898874508135,-1.0494996774061427,-1.637722,-4.339707,False,6,"[-0.0679457, -0.0553644, 0.5193969]","[-0.0240288, -0.0637773, 0.8404208]"
828,828,99,13.874300000000062,-4.450288,-5.656878,-3.8245610837701527,-1.3710925258704814,-1.527875,-4.423917,False,6,"[-0.0636434, -0.0532465, 0.5196394]","[-0.0223541, -0.0648391, 0.8380855]"
829,829,99,13.890899999999988,-4.364548,-5.630293,-3.757556978793989,-1.3558959372461832,-1.216485,-4.449977,False,6,"[-0.0636734, -0.0529542, 0.5195156]","[-0.017778, -0.0651543, 0.8372086]"
830,830,25,13.907600000000002,-4.259158,-5.390351,-3.626090558627425,-1.1335171575359304,-1.151604,-4.573057,False,6,"[-0.058289, -0.0511835, 0.5198034]","[-0.0167819, -0.0667745, 0.8348392]"
831,831,25,13.92450000000008,-4.266946,-5.621623,-3.686398893284429,-1.3598185338932431,-1.049738,-4.62666,False,6,"[-0.0573476, -0.0512463, 0.519812]","[-0.0152727, -0.0674528, 0.8335081]"
832,832,25,13.94119999999998,-3.839367,-5.727009,-3.408634069738925,-1.5179048907605397,-0.9576572,-4.583268,False,6,"[-0.055154, -0.0490359, 0.5203664]","[-0.0138857, -0.0665919, 0.8306939]"
833,833,25,13.957899999999995,-3.822601,-5.896677,-3.4369621646854105,-1.6867922522649321,-0.9703612,-4.457247,False,6,"[-0.0534478, -0.0502237, 0.5203426]","[-0.0140372, -0.0646026, 0.8287602]"
834,834,25,13.974699999999984,-4.290317,-5.602932,-3.698517594629707,-1.338469389309064,-1.014508,-4.297063,False,6,"[-0.0404926, -0.0515353, 0.5202786]","[-0.0146312, -0.0620818, 0.8262283]"
835,835,25,13.990599999999972,-4.207809,-5.587627,-3.6364743252299734,-1.3339467383307682,-1.113355,-4.243639,False,6,"[-0.0397188, -0.0513035, 0.5204008]","[-0.016017, -0.0611542, 0.824167]"
836,836,25,14.008000000000038,-4.598227,-5.847707,-3.9745168125684742,-1.5397783555058302,-1.160891,-4.135214,False,6,"[-0.0388729, -0.049252, 0.5219695]","[-0.0166537, -0.0594174, 0.821832]"
837,837,25,14.024000000000001,-4.573575,-5.902454,-3.9700337356202082,-1.5967266795857187,-1.197384,-4.005927,False,6,"[-0.0388348, -0.051234, 0.5205022]","[-0.0171151, -0.0573447, 0.8188502]"
838,838,25,14.041400000000067,-5.291202,-5.85315,-4.466444934297669,-1.4567789386132661,-1.353748,-3.865059,False,6,"[-0.0349272, -0.0521952, 0.5204463]","[-0.0192776, -0.0551125, 0.8157499]"
839,839,25,14.05759999999998,-5.299363,-5.744774,-4.4465460007862525,-1.349226466921662,-1.450926,-3.571078,False,6,"[-0.0347333, -0.0536892, 0.5198346]","[-0.0206224, -0.0508117, 0.8141877]"
840,840,25,14.074500000000057,-5.999155,-6.137288,-5.035007767695333,-1.6457715880478423,-1.600935,-3.370433,False,6,"[-0.0390329, -0.0510424, 0.5202963]","[-0.0226707, -0.0477711, 0.8111491]"
841,841,25,14.090700000000083,-5.946144,-5.952435,-4.953678607212332,-1.4708564104019501,-1.868053,-3.341439,False,6,"[-0.038249, -0.0508616, 0.5198826]","[-0.0264075, -0.0472727, 0.8096671]"
842,842,25,14.108000000000061,-6.627436,-5.375523,-5.299360060756546,-0.8170075791085072,-2.057155,-3.118401,False,6,"[-0.0417912, -0.053218, 0.5196173]","[-0.0289915, -0.0439722, 0.8071226]"
843,843,25,14.124000000000024,-6.45064,-4.962134,-5.0762428704922025,-0.4332686627830018,-2.192506,-2.743259,False,6,"[-0.0415117, -0.0536492, 0.5189352]","[-0.0308829, -0.0386513, 0.8066542]"
844,844,25,14.141000000000076,-7.451335,-5.421238,-5.893526160015154,-0.7568957434338506,-2.382282,-2.45653,False,6,"[-0.0480223, -0.0531564, 0.5185304]","[-0.033474, -0.0345185, 0.8046123]"
845,845,25,14.15809999999999,-7.641285,-4.95548,-5.917664047997309,-0.27493133884792,-2.643602,-2.143969,False,6,"[-0.0480675, -0.0521338, 0.5182149]","[-0.0371634, -0.0301323, 0.8048846]"
846,846,25,14.174600000000055,-7.004383,-4.961733,-5.468207683894778,-0.36227673123490955,-2.713091,-1.773738,False,6,"[-0.0543561, -0.0556172, 0.5172368]","[-0.0380581, -0.0248706, 0.8031205]"
847,847,25,14.191400000000044,-7.378689,-5.245207,-5.800385231874199,-0.5931541399374565,-2.752076,-1.514622,False,6,"[-0.0538437, -0.0539011, 0.5169624]","[-0.0386893, -0.0212815, 0.8048568]"
848,848,25,14.208100000000059,-7.076901,-5.058846,-5.542560279061392,-0.4484739877542596,-2.596743,-1.293114,False,6,"[-0.0600967, -0.0486698, 0.5172311]","[-0.0364829, -0.0181583, 0.8044257]"
849,849,25,14.224500000000035,-7.137617,-5.146047,-5.606208441776136,-0.5264343848316866,-2.886603,-1.583114,False,6,"[-0.0584589, -0.0448915, 0.517047]","[-0.0406482, -0.0222797, 0.8061373]"
850,850,25,14.242000000000075,-7.081604,-5.435472,-5.635122485408967,-0.8180226906065373,-2.906713,-1.965643,False,6,"[-0.0673566, -0.0488748, 0.5150039]","[-0.0408394, -0.0276045, 0.8043166]"
851,851,25,14.257900000000063,-7.092171,-5.339918,-5.619964904404352,-0.7227649436771681,-2.214328,-1.49762,False,6,"[-0.0692458, -0.0447519, 0.5161358]","[-0.031301, -0.0211641, 0.8095104]"
852,852,25,14.275100000000066,-7.42369,-5.464931,-5.884305008930707,-0.8033617722276603,-2.820593,-2.258113,False,6,"[-0.063481, -0.0448563, 0.5166844]","[-0.0397672, -0.0318276, 0.8071526]"
853,853,25,14.291100000000029,-7.470509,-5.606888,-5.951086956914283,-0.9369081616280823,-2.50864,-1.976241,False,6,"[-0.0668351, -0.0473798, 0.5161045]","[-0.0355652, -0.0280105, 0.8117675]"
854,854,25,14.307800000000043,-6.876156,-5.513948,-5.508254659644949,-0.9213419446833653,-2.52527,-2.050543,False,6,"[-0.0641947, -0.0457743, 0.5170853]","[-0.0358238, -0.0290829, 0.8122794]"
855,855,25,14.324700000000007,-6.893426,-5.687443,-5.561587558378784,-1.0896511651774485,-2.672629,-1.934935,False,6,"[-0.0646986, -0.0465297, 0.5166653]","[-0.0380192, -0.0275157, 0.8144643]"
856,856,25,14.341600000000085,-5.137882,-5.749197,-4.3332625243657406,-1.3741609376432375,-2.548091,-1.978984,False,6,"[-0.0642381, -0.0492022, 0.5170876]","[-0.0362001, -0.0281076, 0.8134512]"
857,857,25,14.358000000000061,-4.907275,-5.804706,-4.183140208596402,-1.4581157803562723,-2.570733,-2.03474,False,6,"[-0.064398, -0.0483796, 0.5175949]","[-0.0365987, -0.0289607, 0.8151549]"
858,858,25,14.374700000000075,-4.861588,-5.77898,-4.144697854000818,-1.4386569785866277,-2.439941,-2.234749,False,6,"[-0.0675281, -0.0495826, 0.5182597]","[-0.0346608, -0.0317428, 0.8134269]"
859,859,25,14.391300000000001,-4.858291,-5.730579,-4.1308960763342,-1.3915087829901243,-2.149882,-2.289608,False,6,"[-0.0678943, -0.0508304, 0.5177675]","[-0.0306063, -0.0325976, 0.8152957]"
860,860,25,14.40790000000004,-4.816102,-5.68631,-4.090537053227106,-1.3533799405863567,-1.956351,-2.3448,False,6,"[-0.0625455, -0.0500685, 0.518658]","[-0.0278073, -0.0333343, 0.8140779]"
861,861,25,14.424800000000005,-4.731855,-5.66735,-4.026396577490731,-1.3454868617042743,-1.901434,-2.219071,False,6,"[-0.0626398, -0.0516012, 0.518126]","[-0.0270684, -0.0315944, 0.8153508]"
862,862,25,14.450600000000009,-4.7282,-5.614777,-4.011352875254556,-1.2942840637233948,-1.717216,-2.052493,False,6,"[-0.0464953, -0.0520627, 0.5171076]","[-0.0244059, -0.0291748, 0.8140712]"
863,863,25,14.458100000000059,-4.766425,-5.665674,-4.050475660277674,-1.3394322876668152,-1.785904,-1.928677,False,6,"[-0.0444609, -0.0526434, 0.5178411]","[-0.0254079, -0.0274406, 0.8148787]"
864,864,25,14.480400000000031,-7.327174,-4.413346,-5.566822407065815,0.21783168371029937,-1.704154,-1.734595,False,6,"[-0.0440448, -0.0524083, 0.5178394]","[-0.0242048, -0.0246374, 0.8135546]"
865,865,25,14.491700000000037,-7.358393,-4.485284,-5.605969975200218,0.1511111408739998,-1.909886,-1.681859,False,6,"[-0.0440412, -0.0519975, 0.5181497]","[-0.0271545, -0.0239104, 0.8143201]"
866,866,25,14.508300000000077,-7.050292,-3.382629,-5.1265816593926745,1.1955208240456114,-2.00056,-1.649743,True,6,"[-0.0436737, -0.0516131, 0.5183495]","[-0.0283357, -0.0233637, 0.8111998]"
867,867,25,14.524900000000002,-6.987231,-3.332821,-5.070132560023568,1.236432385548282,-2.34311,-1.564474,True,6,"[-0.0429884, -0.0515384, 0.5193422]","[-0.0332128, -0.0221691, 0.8116961]"
868,868,25,14.54200000000003,-7.073651,-3.678546,-5.213230602380743,0.9076714748381676,-2.502065,-1.494487,True,6,"[-0.0429802, -0.051087, 0.5196458]","[-0.0353597, -0.0211118, 0.8092009]"
869,869,25,14.558700000000044,-7.045961,-3.584891,-5.17143631193653,0.9961854199965665,-2.75655,-1.37239,True,6,"[-0.0432795, -0.051494, 0.5190497]","[-0.0389858, -0.0193984, 0.8097078]"
870,870,25,14.576000000000022,-7.414993,-3.238928,-5.350749938499533,1.3832467449689583,-2.905947,-1.343858,True,6,"[-0.0668333, -0.0401151, 0.5197597]","[-0.0409872, -0.0189418, 0.8074399]"
871,871,25,14.59170000000006,-7.418774,-3.091209,-5.3184285176872,1.5289071295934713,-2.782356,-1.155432,True,6,"[-0.0671824, -0.0408088, 0.5202337]","[-0.0392532, -0.0162901, 0.8076879]"
872,872,25,14.610500000000002,-7.250057,-3.003872,-5.178281518254114,1.593231919021246,-2.795917,-1.122123,False,6,"[-0.0644821, -0.0308171, 0.521381]","[-0.0393087, -0.0157658, 0.8048994]"
873,873,25,14.625499999999988,-7.30436,-3.049834,-5.2276185825432036,1.5549836336804073,-3.056186,-1.203668,False,6,"[-0.0640045, -0.0304122, 0.5222371]","[-0.0429071, -0.0168852, 0.8036363]"
874,874,25,14.64280000000008,-7.132504,-3.006499,-5.095674322750493,1.5756630289954763,-3.059933,-1.209103,False,6,"[-0.0647167, -0.0335299, 0.5215324]","[-0.0428163, -0.0169049, 0.8009521]"
875,875,25,14.658400000000029,-7.158365,-3.054852,-5.125440438360427,1.5314387383765418,-3.112406,-1.255358,False,6,"[-0.0645055, -0.0326966, 0.5218937]","[-0.0434757, -0.017521, 0.7995495]"
876,876,25,14.675299999999993,-7.136358,-3.277634,-5.162641887312755,1.3096827144621548,-3.069256,-1.375494,False,6,"[-0.0679835, -0.0295613, 0.5223734]","[-0.0426739, -0.0191098, 0.7958585]"
877,877,25,14.691900000000032,-7.172573,-3.188408,-5.167142809313506,1.4019912145526274,-3.049355,-1.475634,False,6,"[-0.068115, -0.0282504, 0.5231146]","[-0.0422853, -0.0204478, 0.7937691]"
878,878,25,14.708700000000022,-6.923775,-3.405465,-5.042415826202832,1.1569476758850827,-2.874471,-1.515399,False,6,"[-0.0665931, -0.0274689, 0.5234605]","[-0.0395994, -0.0208638, 0.7886573]"
879,879,25,14.726400000000012,-6.582361,-3.324416,-4.78148609085736,1.1930751204815064,-2.708414,-1.556401,False,6,"[-0.0671568, -0.0279147, 0.5239241]","[-0.0371856, -0.0213582, 0.7860649]"
880,880,25,14.743400000000065,-6.706995,-3.399937,-4.8876220332631055,1.1347428722736534,-2.619294,-1.586913,False,6,"[-0.0656218, -0.0275432, 0.5244178]","[-0.0357087, -0.0216247, 0.780565]"
881,881,25,14.76120000000003,-6.750823,-3.345875,-4.90584435091597,1.1934627653605459,-2.636894,-1.541717,False,6,"[-0.0659391, -0.0280197, 0.52503]","[-0.035792, -0.0209168, 0.7771567]"
882,882,25,14.778400000000033,-6.358081,-3.037457,-4.554703913412239,1.4465047114492844,-2.42317,-1.398807,False,6,"[-0.0660165, -0.0301965, 0.527284]","[-0.0326343, -0.0188311, 0.7711765]"
883,883,25,14.794700000000034,-6.368798,-2.997685,-4.5528687275081765,1.4869589933146066,-2.335345,-1.308105,False,6,"[-0.0664479, -0.0294138, 0.5280216]","[-0.0312988, -0.0175249, 0.7674662]"
884,884,25,14.811599999999999,-6.376359,-2.943721,-4.545436587571633,1.5409588178715636,-2.086499,-1.313278,False,6,"[-0.0640727, -0.0313977, 0.5276326]","[-0.0277426, -0.017457, 0.7614807]"
885,885,25,14.82770000000005,-6.046653,-2.458275,-4.196984258488071,1.976020595651191,-2.174541,-1.275719,False,6,"[-0.0606672, -0.0305393, 0.5257491]","[-0.0287488, -0.0168605, 0.7571231]"
886,886,25,14.84540000000004,-6.074144,-2.907381,-4.322853149875296,1.538143786534552,-2.068913,-1.226539,False,6,"[-0.0617278, -0.0311849, 0.5249107]","[-0.0271059, -0.016065, 0.7503358]"
887,887,25,14.86099999999999,-6.133543,-2.980868,-4.382319653536871,1.4734936112862917,-1.998459,-1.208634,False,6,"[-0.0622561, -0.0307477, 0.5259342]","[-0.0260251, -0.0157355, 0.7458376]"
888,888,25,14.878100000000018,-5.988307,-3.442217,-4.388795461351662,1.00156305438452,-1.747989,-1.304441,False,6,"[-0.0585821, -0.0278977, 0.5257428]","[-0.0225391, -0.0168175, 0.7385588]"
889,889,25,14.894600000000082,-5.94758,-3.29531,-4.325153974439539,1.1407509888188359,-1.685322,-1.407094,False,6,"[-0.0587835, -0.0275795, 0.5266553]","[-0.0215775, -0.0180137, 0.7333574]"
890,890,25,14.910900000000083,-6.068729,-3.976824,-4.5723978242221754,0.48640408380300926,-1.352936,-1.360205,False,6,"[-0.0587722, -0.0270446, 0.5259247]","[-0.0171551, -0.0172473, 0.7263717]"
891,891,25,14.927999999999997,-6.209705,-3.961886,-4.668672124304554,0.5190584795078106,-1.356542,-1.916752,False,6,"[-0.0559267, -0.0226665, 0.5279711]","[-0.0170625, -0.0241132, 0.7205265]"
892,892,25,14.946500000000015,-5.806812,-3.49403,-4.27256963109147,0.927502032475469,-1.356823,-2.228389,False,6,"[-0.0558578, -0.0266589, 0.5249158]","[-0.0168879, -0.0277448, 0.7130075]"
893,893,25,14.961300000000051,-5.98093,-3.402634,-4.374194182955955,1.0395247458221615,-1.287367,-2.22013,False,6,"[-0.0565193, -0.0273878, 0.52595]","[-0.0159315, -0.0274838, 0.7089297]"
894,894,25,14.981100000000083,-5.667182,-3.043324,-4.066925266622317,1.3526544920835089,-0.9792866,-1.941537,False,6,"[-0.0554029, -0.0317691, 0.5281604]","[-0.0120348, -0.0238671, 0.7040615]"
895,895,25,14.994500000000016,-5.68271,-3.110271,-4.093780833281658,1.2888386298547352,-1.002762,-1.974793,False,6,"[-0.0547126, -0.0302384, 0.5251771]","[-0.0122377, -0.0241074, 0.6991655]"
896,896,25,15.01150000000007,-5.460475,-3.309509,-3.9836391431308913,1.0646941881708285,-1.076968,-1.892596,False,6,"[-0.0556699, -0.0364023, 0.5236209]","[-0.0130402, -0.0229216, 0.6936678]"
897,897,25,15.027900000000045,-5.515181,-3.454657,-4.056761256447142,0.9290172114969466,-0.8807042,-1.608766,False,6,"[-0.0569959, -0.0362796, 0.5238298]","[-0.0106103, -0.0193853, 0.6902193]"
898,898,25,15.045299999999997,-5.350224,-3.661877,-3.989064542944768,0.7043305440496881,-0.7024066,-2.043353,False,6,"[-0.0532601, -0.0319771, 0.5237164]","[-0.0083999, -0.0244449, 0.6851473]"
899,899,25,15.063600000000065,-5.365005,-3.640119,-3.9943747213391205,0.7275987817111367,-0.7424849,-2.44087,False,6,"[-0.0549254, -0.0311709, 0.5242586]","[-0.0088287, -0.0290397, 0.6812503]"
900,900,25,15.078399999999988,-5.506175,-4.150597,-4.215270959211529,0.2438986961750893,-0.5072713,-2.789515,False,6,"[-0.0519846, -0.0278513, 0.5238547]","[-0.0059919, -0.0329751, 0.6767637]"
901,901,25,15.095100000000002,-5.296353,-3.994223,-4.029664250715967,0.37083253722226406,-0.4683919,-3.30893,False,6,"[-0.052164, -0.0284848, 0.5242166]","[-0.0055004, -0.0388997, 0.6728191]"
902,902,25,15.111700000000042,-4.873288,-4.055481,-3.7446403591613517,0.25669070892071577,-0.2441949,-3.462462,False,6,"[-0.0500374, -0.0302687, 0.5234433]","[-0.0028495, -0.0404518, 0.6685686]"
903,903,25,15.128500000000031,-5.001271,-4.18073,-3.8649292966283744,0.14991271816857354,-0.1471283,-3.418003,False,6,"[-0.0505617, -0.0316118, 0.5236491]","[-0.0017086, -0.0397392, 0.6653556]"
904,904,25,15.14510000000007,-4.776129,-4.31291,-3.7368416318900257,-0.008697693285874664,-0.001849077,-3.601325,False,6,"[-0.0489978, -0.0334839, 0.523194]","[-2.14e-05, -0.0416434, 0.6616588]"
905,905,25,15.161699999999996,-4.796916,-4.162588,-3.715944041588113,0.14168905131888954,0.08888473,-3.732147,False,6,"[-0.0491533, -0.0332974, 0.5233991]","[0.0010211, -0.0429373, 0.6582385]"
906,906,25,15.182800000000043,-4.421706,-3.820915,-3.3693376036466,0.429649225383796,0.2931789,-3.76341,False,6,"[-0.0504384, -0.0379702, 0.5232317]","[0.0033554, -0.0431337, 0.6557407]"
907,907,25,15.194799999999987,-4.410225,-3.953516,-3.392625444950779,0.2978651330422153,0.536152,-3.607421,False,6,"[-0.0484043, -0.0364589, 0.5221437]","[0.0061133, -0.0411858, 0.6532798]"
908,908,25,15.211700000000064,-3.94167,-4.157678,-3.1092514683045014,0.037477539726385345,0.6989686,-3.676963,False,6,"[-0.0444606, -0.0369719, 0.5214664]","[0.0079368, -0.0418073, 0.6505615]"
909,909,25,15.228200000000015,-3.907946,-4.274854,-3.113136293129335,-0.08198265735260257,1.006082,-3.658978,False,6,"[-0.0456267, -0.0381116, 0.521382]","[0.0113933, -0.041488, 0.6487755]"
910,910,25,15.245300000000043,-3.522185,-4.338077,-2.8549898513049965,-0.1932997257240645,1.331887,-3.778912,False,6,"[-0.0435381, -0.0392987, 0.521085]","[0.0150334, -0.0427079, 0.6465972]"
911,911,25,15.26150000000007,-3.541981,-4.308648,-2.862033280777077,-0.16185305124750515,1.508887,-3.96154,False,6,"[-0.0437334, -0.0379283, 0.5211433]","[0.0169709, -0.0446175, 0.6442738]"
912,912,25,15.283599999999979,-3.328588,-4.448792,-2.7441509921845744,-0.32679258345094686,1.673827,-4.213072,False,6,"[-0.0403597, -0.0348583, 0.5219359]","[0.0187746, -0.0473282, 0.6424809]"
913,913,25,15.295500000000061,-3.401631,-4.585564,-2.8282715351285144,-0.45189979976605077,1.874076,-4.240717,False,6,"[-0.0402049, -0.0360274, 0.5212928]","[0.0209663, -0.047513, 0.6407698]"
914,914,25,15.313300000000027,-3.225258,-4.876545,-2.772337230215278,-0.7603622861880179,1.990235,-4.359245,False,6,"[-0.0358975, -0.0378715, 0.5209798]","[0.0222078, -0.0487167, 0.6390721]"
915,915,25,15.329000000000065,-3.176644,-4.850445,-2.7317338977096544,-0.7409090861760292,2.082177,-4.28547,False,6,"[-0.0355894, -0.0389427, 0.5209796]","[0.0231774, -0.0477712, 0.6374986]"
916,916,25,15.34540000000004,-3.326821,-4.766007,-2.818056328284565,-0.6387769872200417,2.177975,-4.249517,False,6,"[-0.0320294, -0.0394746, 0.5203694]","[0.0242211, -0.0473226, 0.6368754]"
917,917,25,15.36220000000003,-3.476084,-4.808405,-2.933782345753507,-0.6614159260885852,2.206472,-4.245111,False,6,"[-0.0322223, -0.0392208, 0.5205696]","[0.0244784, -0.0471578, 0.6353188]"
918,918,25,15.379099999999994,-3.002161,-4.74988,-2.584370414590728,-0.6643189281774076,2.284661,-4.174664,False,6,"[-0.0302627, -0.0404832, 0.5203326]","[0.0253322, -0.046346, 0.6349562]"
919,919,25,15.396000000000072,-3.212794,-4.782062,-2.7411270420693334,-0.6690933881422705,2.376069,-4.099682,False,6,"[-0.0309022, -0.0416978, 0.5198936]","[0.0262957, -0.0454223, 0.6337228]"
920,920,25,15.412800000000061,-3.158639,-4.530279,-2.643130468622071,-0.4285452102785401,2.608876,-3.952332,False,6,"[-0.0292814, -0.0443334, 0.5196264]","[0.0288615, -0.043763, 0.6334131]"
921,921,25,15.429500000000075,-3.029855,-4.371926,-2.51443121882727,-0.28933470615034107,2.509859,-3.68456,False,6,"[-0.0288185, -0.0440635, 0.5192545]","[0.0277396, -0.0407528, 0.6328422]"
922,922,25,15.446800000000053,-3.154358,-4.34626,-2.596500604572879,-0.24823700097970036,2.70723,-3.663692,False,6,"[-0.0301575, -0.043255, 0.5188006]","[0.029913, -0.0405063, 0.6326066]"
923,923,25,15.463300000000004,-3.114916,-3.933051,-2.4706751180030744,0.15283655381391403,2.748815,-3.536325,False,6,"[-0.0314842, -0.0436005, 0.5183121]","[0.0303813, -0.0391049, 0.6327754]"
924,924,25,15.480800000000045,-2.675415,-2.843146,-1.9012740856311545,1.1679630730611614,2.93613,-3.467623,False,6,"[-0.0271782, -0.0430594, 0.5182167]","[0.0324744, -0.0383661, 0.6331521]"
925,925,25,15.499500000000012,-2.749981,-3.40941,-2.0882306557293915,0.6209449871668147,2.980895,-3.296158,False,6,"[-0.0290204, -0.0432504, 0.5169966]","[0.0330131, -0.036512, 0.6339723]"
926,926,25,15.517400000000066,-3.578502,-4.127427,-2.8449548713709496,0.020907212174651857,3.031079,-3.164321,False,6,"[-0.0285283, -0.0409606, 0.5169607]","[0.0336365, -0.0351181, 0.6352304]"
927,927,25,15.530899999999974,-2.637366,-3.851868,-2.113326943052228,0.17173943642283396,2.829063,-3.068829,False,6,"[-0.0273819, -0.0395507, 0.5173203]","[0.0314668, -0.0341385, 0.6367645]"
928,928,25,15.550299999999993,-2.232724,-3.776361,-1.8089437099153391,0.1943591323831808,2.872568,-2.86146,False,6,"[-0.0283926, -0.0391565, 0.5152014]","[0.0321266, -0.0320021, 0.6402546]"
929,929,25,15.566599999999994,-2.193527,-3.939534,-1.8198514280532758,0.028995287349778742,2.75541,-2.946752,False,6,"[-0.0280096, -0.0353871, 0.5147012]","[0.0309452, -0.0330978, 0.6429762]"
930,930,25,15.583899999999971,-2.292098,-3.833491,-1.8645171185648577,0.14578144094923617,2.697496,-3.179752,False,6,"[-0.024133, -0.0256484, 0.5164481]","[0.0304182, -0.0358667, 0.6456156]"
931,931,25,15.599100000000021,-2.620374,-3.408144,-1.9961666634426276,0.6056653511497441,2.208912,-3.944448,False,6,"[-0.0248071, -0.0307684, 0.5164586]","[0.0249927, -0.0446778, 0.6479502]"
932,932,25,15.616100000000074,-2.549285,-3.585601,-1.9878785299912094,0.422197204504033,2.266945,-3.564736,False,6,"[-0.0322347, -0.0371954, 0.515442]","[0.0258932, -0.040748, 0.6540943]"
933,933,25,15.638000000000034,-2.416929,-3.559455,-1.8879734843908555,0.43101917436609627,2.624544,-3.09345,False,6,"[-0.0236175, -0.0345209, 0.512718]","[0.0301656, -0.0355647, 0.6580762]"
934,934,25,15.650899999999979,-2.373363,-3.747674,-1.9017219158455578,0.24048309014764202,2.538888,-3.253899,False,6,"[-0.0200754, -0.033987, 0.5149117]","[0.0294694, -0.0377846, 0.6646079]"
935,935,25,15.666900000000055,-2.422685,-4.092789,-2.0184093945072012,-0.09240801208485205,2.210721,-3.39976,False,6,"[-0.0198114, -0.0356197, 0.5172293]","[0.0258019, -0.0397064, 0.6683827]"
936,936,25,15.684399999999982,-2.505334,-4.329239,-2.132947440433556,-0.3142541483727612,2.169566,-3.565299,False,6,"[-0.0207019, -0.0346567, 0.51721]","[0.0254895, -0.0419216, 0.6728265]"
937,937,25,15.700500000000034,-2.371334,-4.602307,-2.1027699165933242,-0.5997095052851593,2.243559,-3.994453,False,6,"[-0.023617, -0.0307319, 0.516038]","[0.0264896, -0.0472147, 0.6761417]"
938,938,25,15.718900000000076,-2.641303,-4.673563,-2.3107951166225282,-0.6353210518701466,2.17071,-4.275972,False,6,"[-0.0229692, -0.0323274, 0.5158975]","[0.025753, -0.0507996, 0.6794236]"
939,939,25,15.736899999999991,-2.78736,-4.433475,-2.357323020727676,-0.380741290567836,2.124946,-4.468243,False,6,"[-0.0218205, -0.0321578, 0.5169708]","[0.0253123, -0.0533093, 0.682193]"
940,940,25,15.753199999999993,-2.989304,-4.304513,-2.4697485189716977,-0.22825109228033202,1.769053,-4.590597,False,6,"[-0.0214126, -0.0338406, 0.5166289]","[0.021157, -0.0550016, 0.6850123]"
941,941,25,15.770399999999995,-3.212001,-4.006402,-2.556791753128583,0.09312470473673695,1.650576,-4.374021,False,6,"[-0.0218193, -0.0369014, 0.5157116]","[0.0198296, -0.0526361, 0.6881464]"
942,942,25,15.786699999999996,-3.192213,-4.115261,-2.5685730004986174,-0.01638480972293399,1.226094,-4.071178,False,6,"[-0.0225772, -0.0390631, 0.5160007]","[0.0148124, -0.049259, 0.6920804]"
943,943,25,15.803300000000036,-3.716748,-3.917033,-2.892987722930644,0.24530784899462255,0.9749904,-3.742224,False,6,"[-0.0213632, -0.0415275, 0.5158789]","[0.0118313, -0.0454712, 0.6952022]"
944,944,25,15.820299999999975,-3.663115,-4.041822,-2.884580340022399,0.11582735099646202,0.6735166,-3.471723,False,6,"[-0.0237999, -0.0421757, 0.515908]","[0.0082071, -0.0423541, 0.6981385]"
945,945,25,15.837200000000053,-3.592031,-3.48039,-2.7012339126477602,0.6585404711959582,0.6898779,-3.296317,False,6,"[-0.0251907, -0.040116, 0.5174015]","[0.0084361, -0.0403513, 0.7006028]"
946,946,25,15.853700000000003,-3.725267,-3.665201,-2.8393538386645485,0.4938946206333825,0.4314015,-3.251438,False,6,"[-0.0269974, -0.0389135, 0.5169883]","[0.0052835, -0.0398634, 0.7017056]"
947,947,25,15.870400000000018,-3.989426,-3.47624,-2.9816133469877686,0.7132837960518175,0.3851968,-3.326724,False,6,"[-0.0290656, -0.0362753, 0.5179299]","[0.0047277, -0.0408759, 0.7032103]"
948,948,25,15.887100000000032,-4.201301,-3.546073,-3.148169823987155,0.6716642519024019,0.1059881,-3.307061,False,6,"[-0.0288697, -0.0372431, 0.5176339]","[0.0013031, -0.0407059, 0.7044575]"
949,949,25,15.903500000000008,-4.323831,-3.476496,-3.218438644080966,0.7556661769784916,-0.05028602,-3.141354,False,6,"[-0.0336517, -0.0354707, 0.5180328]","[-0.0006197, -0.0387538, 0.7061293]"
950,950,25,15.920799999999986,-4.459747,-3.393818,-3.295081024198642,0.8542503826161463,-0.3106805,-2.941739,False,6,"[-0.0331473, -0.0365851, 0.5177599]","[-0.0038359, -0.036353, 0.7074194]"
951,951,25,15.938400000000001,-5.386263,-3.313342,-3.9320038732961597,1.0514656732959597,-0.4289169,-2.813594,False,6,"[-0.0325023, -0.0314896, 0.5177585]","[-0.0053085, -0.0348497, 0.7091064]"
952,952,25,15.954400000000078,-5.470531,-3.424846,-4.018085274452141,0.9526229633949921,-0.6257998,-2.666283,False,6,"[-0.0337044, -0.0331595, 0.5176541]","[-0.0077664, -0.033112, 0.7110299]"
953,953,25,15.971099999999979,-5.863063,-3.376329,-4.284509933971676,1.0503502132621056,-0.5672814,-2.679034,False,6,"[-0.0361844, -0.0315175, 0.5188375]","[-0.0070531, -0.0333322, 0.712348]"
954,954,25,15.987799999999993,-5.904026,-3.315069,-4.298998389458637,1.1157790411024062,-0.6199828,-2.425942,False,6,"[-0.038071, -0.0321169, 0.5182668]","[-0.0077103, -0.0301867, 0.7125211]"
955,955,25,16.00490000000002,-5.768717,-3.320309,-4.20443871946049,1.0933783440542508,-0.4069003,-2.378357,False,6,"[-0.0392858, -0.0315657, 0.5195932]","[-0.0050672, -0.0296348, 0.7135065]"
956,956,25,16.021000000000072,-5.926041,-3.464514,-4.349992767565934,0.9717111273017744,-0.3859922,-2.38792,False,6,"[-0.0404917, -0.0307875, 0.5191588]","[-0.0048009, -0.0297176, 0.7126304]"
957,957,25,16.038099999999986,-5.751499,-3.407809,-4.212979075009261,1.0051881243917733,-0.23183,-2.36811,False,6,"[-0.0490752, -0.0301331, 0.520493]","[-0.0028852, -0.0294888, 0.7130662]"
958,958,25,16.054300000000012,-5.745719,-3.21531,-4.163278762094023,1.1936393730824757,-0.3285937,-2.356558,False,6,"[-0.0497851, -0.0311105, 0.5198408]","[-0.004083, -0.0292979, 0.7119272]"
959,959,25,16.071300000000065,-5.591472,-3.271186,-4.067307626253518,1.1190591352039743,-0.1654431,-2.293647,False,6,"[-0.0534845, -0.0307278, 0.5208428]","[-0.0020558, -0.028516, 0.7119549]"
960,960,25,16.087600000000066,-5.67078,-3.226932,-4.112974178127568,1.1726631368060594,-0.1467189,-2.174391,False,6,"[-0.0538214, -0.030147, 0.5204614]","[-0.0018198, -0.026982, 0.7106401]"
961,961,25,16.104400000000055,-5.208252,-3.220067,-3.7838696926407236,1.1204414222212757,-0.02033627,-2.194552,False,6,"[-0.0526643, -0.0302434, 0.5213007]","[-0.0002519, -0.0272019, 0.7098451]"
962,962,25,16.12110000000007,-5.271513,-3.181494,-3.8195206604091787,1.1664162681490389,-0.03900111,-1.933581,False,6,"[-0.0540621, -0.0315317, 0.5208325]","[-0.0004822, -0.023914, 0.708349]"
963,963,25,16.13810000000001,-5.511053,-3.155514,-3.982963878507846,1.2224888753273495,0.1172773,-1.819883,False,6,"[-0.0525209, -0.0310511, 0.5214482]","[0.0014476, -0.0224714, 0.7072325]"
964,964,25,16.154600000000073,-5.538578,-3.093184,-3.9876844821820985,1.2872560617961724,0.04453128,-1.715841,False,6,"[-0.0524913, -0.0293064, 0.5216829]","[0.0005479, -0.0211158, 0.7048941]"
965,965,25,16.171400000000062,-5.46927,-3.118475,-3.9446052837758394,1.2535638304121246,0.1364037,-1.755101,False,6,"[-0.0511753, -0.0298765, 0.5227267]","[0.0016744, -0.0215513, 0.703329]"
966,966,25,16.188100000000077,-5.334379,-3.098591,-3.8443890424950284,1.255908309927066,0.1134354,-1.675725,False,6,"[-0.0518401, -0.0294341, 0.522065]","[0.0013861, -0.0204821, 0.700116]"
967,967,25,16.204600000000028,-6.897874,-3.183376,-4.971458856957073,1.3719147299339634,0.2488615,-1.753446,False,6,"[-0.0475696, -0.0293604, 0.5218695]","[0.0030316, -0.0213669, 0.6979682]"
968,968,25,16.221200000000067,-6.892152,-2.942367,-4.910306340702276,1.6080490353148869,0.1656934,-1.641331,False,6,"[-0.0481804, -0.0290258, 0.5221911]","[0.0020109, -0.0199246, 0.6953385]"
969,969,25,16.238699999999994,-5.473755,-9.043726,-5.351625308299508,-4.5692052219917985,0.3148886,-1.661093,False,6,"[-0.0504566, -0.0288304, 0.5229539]","[0.0038097, -0.0201024, 0.6931934]"
970,970,25,16.25470000000007,-5.446703,-9.307291,-5.39491735123617,-4.831686004393867,0.3369575,-1.61177,False,6,"[-0.0506965, -0.0282522, 0.5228137]","[0.004052, -0.0193869, 0.6889907]"
971,971,25,16.271600000000035,-5.575009,-9.236141,-5.468902997096122,-4.74540173974811,0.4299996,-1.528734,False,6,"[-0.0500156, -0.0284594, 0.5223684]","[0.0051416, -0.0182836, 0.6850914]"
972,972,25,16.28780000000006,-5.339006,-9.281014,-5.3124402757298395,-4.81959146125778,0.5898066,-1.707185,False,6,"[-0.0488441, -0.0283178, 0.5231111]","[0.0070176, -0.0203175, 0.6816845]"
973,973,25,16.304399999999987,-4.673856,-3.62759,-3.5020605839506835,0.6517962910846244,0.8315495,-1.845006,False,6,"[-0.063188, -0.0290502, 0.5223199]","[0.0098481, -0.0218567, 0.6785137]"
974,974,25,16.32140000000004,-4.751378,-3.473703,-3.520487735019951,0.8129199814738302,0.8376251,-2.170765,False,6,"[-0.0632216, -0.0268836, 0.5230361]","[0.0098656, -0.0255779, 0.6747879]"
975,975,25,16.33839999999998,-4.741741,-2.909383,-3.3799626269453613,1.3663054339056284,0.7685599,-2.44513,True,6,"[-0.0494921, -0.0822056, 0.5164741]","[0.0089962, -0.0286366, 0.6706237]"
976,976,25,16.35469999999998,-4.83005,-2.727319,-3.399351307472937,1.5564967564404397,0.9779425,-1.877023,True,6,"[-0.0492892, -0.0847177, 0.5169277]","[0.0114073, -0.0219005, 0.6682678]"
977,977,25,16.371399999999994,-3.673714,-1.982097,-2.40408271892305,2.141477819266632,0.9633672,-2.035638,True,6,"[-0.0503624, -0.0839002, 0.515953]","[0.0111834, -0.0236387, 0.6650633]"
978,978,25,16.387800000000084,-3.741372,-2.194976,-2.502422295209712,1.9408860450995016,1.025136,-1.817601,True,6,"[-0.0482917, -0.0844442, 0.5167433]","[0.0118596, -0.0210322, 0.6627712]"
979,979,25,16.404600000000073,-3.520846,-2.609454,-2.4444865066875696,1.5054214637925263,1.055832,-1.636858,True,6,"[-0.0426899, -0.0331043, 0.5221652]","[0.0121862, -0.0188953, 0.6612215]"
980,980,25,16.421100000000024,-3.617923,-2.391481,-2.4615753190910925,1.7320220270738762,1.05486,-1.921759,True,6,"[-0.0433425, -0.0316535, 0.5214581]","[0.0121221, -0.0220899, 0.6583477]"
981,981,25,16.43820000000005,-3.49812,-2.727285,-2.456313296057373,1.386719689783011,1.20748,-2.136051,False,6,"[-0.0432191, -0.0264801, 0.5210357]","[0.0138413, -0.0244931, 0.6566807]"
982,982,25,16.454500000000053,-3.415815,-2.812656,-2.418266491528289,1.2923237779699317,1.287552,-2.443331,False,6,"[-0.0440855, -0.0248529, 0.5217182]","[0.0147029, -0.0279133, 0.6541666]"
983,983,25,16.471400000000017,-3.738697,-2.973691,-2.6850259871018607,1.1752233536514765,1.377778,-2.673958,False,6,"[-0.0335402, -0.0180785, 0.5223804]","[0.0156922, -0.0304712, 0.6524432]"
984,984,25,16.488000000000056,-3.627167,-3.016323,-2.616161396756857,1.119105406059619,1.169771,-2.744809,False,6,"[-0.0341411, -0.0200111, 0.5220971]","[0.0132644, -0.0311438, 0.6496049]"
985,985,25,16.504999999999995,-3.692364,-3.102112,-2.6826476474203393,1.0431040154379216,1.206328,-2.69185,False,6,"[-0.0321117, -0.0237859, 0.5219049]","[0.0136606, -0.0305008, 0.6487281]"
986,986,25,16.521299999999997,-3.669152,-3.034947,-2.6503000232813108,1.1061544793326332,1.140929,-2.948777,False,6,"[-0.0329844, -0.0217867, 0.5216674]","[0.0128662, -0.0332781, 0.6460349]"
987,987,25,16.538400000000024,-3.911834,-2.955673,-2.803341111679306,1.215005047241449,1.186695,-3.17159,False,6,"[-0.0317747, -0.0247609, 0.519792]","[0.0133272, -0.0356499, 0.6433679]"
988,988,25,16.554500000000075,-3.711106,-2.899887,-2.6480050035633584,1.2442403437472134,1.37175,-3.090736,False,6,"[-0.0311034, -0.0256014, 0.5211002]","[0.0153946, -0.0347131, 0.6428835]"
989,989,25,16.572099999999978,-3.788973,-3.254158,-2.7870721384129316,0.9059899787444348,1.385208,-3.020327,False,6,"[-0.0339845, -0.0270166, 0.520076]","[0.015498, -0.0338169, 0.640914]"
990,990,25,16.58789999999999,-3.606384,-3.187032,-2.6418920244917574,0.9486828134703966,1.545495,-3.077578,False,6,"[-0.0329997, -0.0274309, 0.5205755]","[0.0172739, -0.0344226, 0.6402346]"
991,991,25,16.60469999999998,-3.575094,-3.217191,-2.6268835958879073,0.9150533008941024,1.583273,-3.098027,False,6,"[-0.0335105, -0.0281421, 0.5192744]","[0.0176582, -0.0345771, 0.6388552]"
992,992,25,16.62130000000002,-3.604104,-3.36055,-2.681388627352197,0.7778585190453713,1.868031,-3.259898,False,6,"[-0.0333577, -0.02758, 0.5201865]","[0.020821, -0.036361, 0.6383885]"
993,993,25,16.638300000000072,-3.458903,-3.648774,-2.6468714444914885,0.4760797962469048,2.069646,-3.561779,False,6,"[-0.0355768, -0.0268629, 0.5202755]","[0.0230136, -0.0396394, 0.6368287]"
994,994,25,16.654499999999985,-3.247126,-3.662757,-2.500242522283608,0.4353374108096353,2.337277,-3.810019,False,6,"[-0.0337584, -0.0263647, 0.5204675]","[0.0259439, -0.0423303, 0.6356319]"
995,995,25,16.671699999999987,-2.836744,-3.953214,-2.2785015647202282,0.0975556255792247,2.577385,-3.918928,False,6,"[-0.0345088, -0.0296265, 0.5210707]","[0.0285513, -0.0434509, 0.6342725]"
996,996,25,16.687999999999988,-3.038297,-3.999749,-2.432229987244676,0.07751739932485568,2.914994,-4.15568,False,6,"[-0.032819, -0.0289944, 0.5207176]","[0.0322113, -0.0459621, 0.6325841]"
997,997,25,16.70519999999999,-3.014894,-4.237348,-2.4719535724582036,-0.1589787615181617,3.080522,-4.271924,False,6,"[-0.0325664, -0.029299, 0.5212443]","[0.0339474, -0.0471187, 0.6307926]"
998,998,25,16.721499999999992,-2.889273,-4.291686,-2.395885758214286,-0.22839786458247735,3.162799,-4.438877,False,6,"[-0.0328105, -0.030588, 0.5209127]","[0.0348019, -0.0488914, 0.6298138]"
999,999,25,16.73829999999998,-2.592447,-4.384063,-2.2076142000395413,-0.357028999497345,3.169669,-4.450264,False,6,"[-0.0315147, -0.0332492, 0.5213974]","[0.0348202, -0.0489367, 0.6287773]"
1000,1000,25,16.75490000000002,-2.757855,-4.514381,-2.355601674915947,-0.4640174171669864,3.420272,-4.52209,False,6,"[-0.0295498, -0.0333419, 0.5208503]","[0.0374939, -0.0496165, 0.6273448]"
1001,1001,25,16.771799999999985,-2.158207,-4.610404,-1.95379062555793,-0.6348392400417957,3.681281,-4.53666,False,6,"[-0.025852, -0.0360544, 0.521724]","[0.0403397, -0.0497486, 0.6269865]"
1002,1002,25,16.78830000000005,-2.378057,-4.709776,-2.1329920932301887,-0.7044729851138003,3.732078,-4.426863,False,6,"[-0.0276229, -0.036389, 0.5204194]","[0.0407757, -0.0483947, 0.6251131]"
1003,1003,25,16.809799999999996,-2.233902,-4.409866,-1.9598714049850559,-0.42809984197932227,4.10199,-4.428067,False,6,"[-0.0274538, -0.0386203, 0.5212562]","[0.0448055, -0.0483809, 0.6247649]"
1004,1004,25,16.82159999999999,-2.170297,-4.426401,-1.9187555093596163,-0.4524595832562168,4.066143,-4.376614,False,6,"[-0.0262378, -0.0390132, 0.519868]","[0.0443309, -0.0477285, 0.623615]"
1005,1005,25,16.838799999999992,-2.168161,-4.352852,-1.899817531310283,-0.3804478972889562,4.312436,-4.343368,False,6,"[-0.023574, -0.0399166, 0.520655]","[0.0470273, -0.0473659, 0.6236327]"
1006,1006,25,16.85480000000007,-2.098071,-4.161818,-1.8049316991981645,-0.20163546515871067,4.172687,-4.207625,False,6,"[-0.0250157, -0.0410019, 0.5193119]","[0.0454545, -0.0458364, 0.6230381]"
1007,1007,25,16.871800000000007,-1.796294,-4.164102,-1.5918093935869404,-0.2423543493708955,4.378751,-4.121999,False,6,"[-0.0195858, -0.0419102, 0.5197139]","[0.0477639, -0.0449533, 0.6237718]"
1008,1008,25,16.888199999999983,-1.863901,-3.411572,-1.4613826049926288,0.5058520192248226,4.150756,-3.758228,False,6,"[-0.0215331, -0.0427184, 0.51851]","[0.0452749, -0.0409804, 0.6238667]"
1009,1009,25,16.906200000000013,-1.844456,-3.101235,-1.3740883737246432,0.8083723584552232,4.085224,-3.481301,False,6,"[-0.0202244, -0.0399831, 0.5184596]","[0.0446202, -0.0380063, 0.6247433]"
1010,1010,25,16.922500000000014,-2.228837,-3.819983,-1.8165268205625615,0.15099183848699838,3.914423,-3.471967,False,6,"[-0.0196372, -0.0401116, 0.5181747]","[0.0428273, -0.0379738, 0.6258922]"
1011,1011,25,16.939300000000003,-2.505857,-3.306957,-1.8911127992361925,0.6905119992640856,3.734258,-2.836034,False,6,"[-0.019604, -0.0394144, 0.5178061]","[0.0409894, -0.0311113, 0.6280214]"
1012,1012,25,16.955900000000042,-2.590215,-3.494849,-1.9953562065360506,0.5166065834694415,3.565432,-2.72758,False,6,"[-0.0189616, -0.0376624, 0.517586]","[0.0392677, -0.030024, 0.63021]"
1013,1013,25,16.973299999999995,-2.351522,-3.511419,-1.8302832080392992,0.46989011667949176,3.352429,-2.467047,False,6,"[-0.0162465, -0.0377162, 0.5180405]","[0.0370722, -0.0272671, 0.6328709]"
1014,1014,25,16.989000000000033,-3.043682,-3.339063,-2.279509133108023,0.7275266099261293,3.022058,-2.420323,False,6,"[-0.0168483, -0.0308638, 0.5177304]","[0.033519, -0.026836, 0.6349037]"
1015,1015,25,17.005600000000072,-3.900105,-2.453365,-2.6760270705737303,1.7071783490543169,2.316429,-2.933949,False,6,"[-0.0166805, -0.0280641, 0.5179817]","[0.0257558, -0.0326325, 0.6367094]"
1016,1016,25,17.022199999999998,-4.02145,-2.153049,-2.690788878017338,2.0177996476974385,2.094804,-2.353266,False,6,"[-0.0201138, -0.0345066, 0.5167956]","[0.0234341, -0.0263285, 0.6406688]"
1017,1017,25,17.038900000000012,-4.507502,-2.081589,-3.0179915610911876,2.1499983503324716,2.055471,-1.947705,False,6,"[-0.0226123, -0.0298554, 0.5166947]","[0.0231182, -0.0219052, 0.6441386]"
1018,1018,25,17.055600000000027,-4.706328,-2.001085,-3.1396904085095767,2.2544664719031857,1.890637,-1.718316,False,6,"[-0.0233736, -0.0315545, 0.5166731]","[0.0213725, -0.0194233, 0.6474593]"
1019,1019,25,17.073200000000043,-4.862322,-2.115317,-3.2772014174856263,2.1620871762297584,1.683831,-1.415168,False,6,"[-0.021212, -0.0316968, 0.5165483]","[0.0191551, -0.0160975, 0.6516049]"
1020,1020,25,17.08890000000008,-4.761356,-2.26618,-3.2414590370175356,2.0009465516245273,1.337938,-1.202667,False,6,"[-0.0274828, -0.0301558, 0.516864]","[0.01529, -0.0137436, 0.654659]"
1021,1021,25,17.105800000000045,-4.879315,-2.599867,-3.4040351359768604,1.688037567452998,1.200529,-1.094577,False,6,"[-0.035256, -0.0221571, 0.517139]","[0.0137947, -0.0125769, 0.6582612]"
1022,1022,25,17.12250000000006,-4.783198,-2.683317,-3.355754057214593,1.593768695642054,1.18466,-1.473128,False,6,"[-0.0364067, -0.019469, 0.5178533]","[0.013679, -0.0170111, 0.6614846]"
1023,1023,25,17.13900000000001,-4.262471,-2.544014,-2.954065679083751,1.6642872310637504,1.350289,-1.727239,False,6,"[-0.0408543, -0.0188361, 0.5182357]","[0.0156616, -0.0200361, 0.6644334]"
1024,1024,25,17.155500000000075,-4.526701,-2.299966,-3.0833239276078537,1.9378250007992863,1.298905,-1.702411,False,6,"[-0.0426746, -0.0181114, 0.5183603]","[0.0151323, -0.0198356, 0.6673827]"
1025,1025,25,17.173700000000053,-5.077377,-2.49212,-3.5187384895693947,1.8191827246792989,1.164016,-1.563638,False,6,"[-0.0441052, -0.0191502, 0.5184705]","[0.0136131, -0.0182886, 0.6699768]"
1026,1026,25,17.190400000000068,-5.179111,-2.297653,-3.5446937169862274,2.0232753050741015,1.107043,-1.414043,False,6,"[-0.0432096, -0.0205291, 0.5187656]","[0.0129942, -0.016599, 0.6724399]"
1027,1027,25,17.207300000000032,-5.404411,-1.490915,-3.5130730852323486,2.8448619375672717,0.893604,-0.9839296,False,6,"[-0.0442524, -0.0235383, 0.518381]","[0.0105297, -0.0115943, 0.6750852]"
1028,1028,25,17.223700000000008,-5.446215,-1.569932,-3.561392217668585,2.772533651862563,0.7781579,-0.6015724,False,6,"[-0.0434156, -0.0243168, 0.5188475]","[0.0092075, -0.0071179, 0.677909]"
1029,1029,25,17.240400000000022,-6.034529,-1.763327,-4.023749173010904,2.6574702657259914,0.4406819,-0.3629686,False,6,"[-0.038682, -0.0230595, 0.5190008]","[0.0052307, -0.0043082, 0.6800558]"
1030,1030,25,17.257299999999987,-5.973091,-1.748011,-3.97662122943004,2.6646899849379024,0.154088,-0.2429298,False,6,"[-0.04111, -0.0208552, 0.5192575]","[0.0018362, -0.0028948, 0.6827518]"
1031,1031,25,17.274099999999976,-6.642486,-1.37466,-4.362108240491751,3.116962149241776,-0.1316952,-0.0969509,False,6,"[-0.0461192, -0.0225916, 0.5190696]","[-0.0015739, -0.0011587, 0.684738]"
1032,1032,25,17.29079999999999,-6.655062,-1.357504,-4.3669475722790665,3.1354264181001996,-0.3233893,-0.008811751,False,6,"[-0.0470764, -0.0208392, 0.5193809]","[-0.0038768, -0.0001056, 0.6868557]"
1033,1033,25,17.307300000000055,-6.97991,-1.157158,-4.549478564381212,3.3737421443614393,-0.5713491,-0.07001049,False,6,"[-0.0491961, -0.0135345, 0.5200132]","[-0.0068629, -0.0008409, 0.6881966]"
1034,1034,25,17.323800000000006,-6.952864,-1.210267,-4.542912408779285,3.318098431874702,-0.8221181,0.1521428,False,6,"[-0.0495986, -0.0142578, 0.520219]","[-0.0099001, 0.001832, 0.6899182]"
1035,1035,25,17.340400000000045,-7.311396,-1.169637,-4.78713310143837,3.4037396029984226,-1.04796,0.1598485,False,6,"[-0.0549427, -0.0160003, 0.519732]","[-0.0126456, 0.0019287, 0.6913025]"
1036,1036,25,17.357000000000085,-7.315899,-1.205574,-4.798835705790192,3.368994790785125,-1.146537,0.1243619,False,6,"[-0.0544361, -0.0158778, 0.5202751]","[-0.0138622, 0.0015034, 0.6926395]"
1037,1037,25,17.3741,-7.870843,-1.595332,-5.284089563949867,3.056691300405719,-1.371566,0.1219888,False,6,"[-0.0605952, -0.0124863, 0.5203297]","[-0.0166085, 0.0014769, 0.6936696]"
1038,1038,25,17.3904,-7.90171,-1.618886,-5.3115244941510396,3.037477709631751,-1.343913,0.01751179,False,6,"[-0.0607718, -0.0123428, 0.5208506]","[-0.0162942, 0.0002123, 0.6945528]"
1039,1039,25,17.407100000000014,-7.476201,-1.910122,-5.0792579186753075,2.6970017504611206,-1.555979,-0.03162943,False,6,"[-0.0637939, -0.0105251, 0.5210696]","[-0.0188858, -0.0003838, 0.6952589]"
1040,1040,25,17.42380000000003,-7.483062,-2.007997,-5.107304736057434,2.6016848544892057,-1.606046,-0.1910044,False,6,"[-0.0635872, -0.0110157, 0.5214221]","[-0.019503, -0.0023189, 0.6955881]"
1041,1041,25,17.440600000000018,-7.857107,-2.348696,-5.452855567745106,2.314533400075495,-1.797644,-0.2929045,False,6,"[-0.0669084, -0.010647, 0.5214785]","[-0.0218422, -0.0035578, 0.6959413]"
1042,1042,25,17.456999999999994,-7.909075,-2.319372,-5.482702218435385,2.3499785546074703,-1.753334,-0.4876753,False,6,"[-0.0669888, -0.0109805, 0.5217807]","[-0.0213024, -0.0059234, 0.695906]"
1043,1043,25,17.473700000000008,-7.943517,-2.66957,-5.590058687994095,2.010194794740255,-1.824286,-0.4713141,False,6,"[-0.0721263, -0.0145309, 0.5217364]","[-0.0221642, -0.0057244, 0.6958806]"
1044,1044,25,17.490599999999972,-7.950679,-2.720682,-5.60723925962053,1.960874983196027,-1.776506,-0.611647,False,6,"[-0.0724566, -0.0147544, 0.5220519]","[-0.0215623, -0.0074217, 0.6952027]"
1045,1045,25,17.50750000000005,-7.963184,-3.012621,-5.685260888322946,1.675551416513271,-1.911954,-0.6525848,False,6,"[-0.0684948, -0.017407, 0.5219451]","[-0.023188, -0.0079119, 0.6946198]"
1046,1046,25,17.523700000000076,-8.01076,-3.043857,-5.726346149178587,1.6509182153409203,-1.807938,-0.6386687,False,6,"[-0.0685932, -0.018309, 0.5222102]","[-0.0218956, -0.0077325, 0.6936672]"
1047,1047,25,17.540399999999977,-8.014502,-2.811646,-5.673978784806206,1.87961242485879,-1.869756,-0.6635874,False,6,"[-0.0720424, -0.0214122, 0.5220519]","[-0.0226027, -0.0080193, 0.6923777]"
1048,1048,25,17.55740000000003,-8.146281,-2.70119,-5.741110772267101,2.0049694338548534,-1.839033,-0.6155989,False,6,"[-0.0725848, -0.021162, 0.5224825]","[-0.0221838, -0.0074236, 0.6909086]"
1049,1049,25,17.57389999999998,-7.980856,-2.397247,-5.551975026919727,2.2825944563933724,-1.887176,-0.4918877,False,6,"[-0.0729084, -0.0243627, 0.5225069]","[-0.0227087, -0.005917, 0.6891999]"
1050,1050,25,17.590400000000045,-8.018941,-2.418002,-5.5838572733709855,2.2670519623836602,-1.801366,-0.3113712,False,6,"[-0.0730201, -0.0248452, 0.52283]","[-0.0216129, -0.0037346, 0.6872102]"
1051,1051,25,17.607500000000073,-7.758682,-1.917175,-5.28093049137751,2.726084137965103,-1.787832,0.05093331,False,6,"[-0.0730575, -0.0274862, 0.5222659]","[-0.0213862, 0.0006091, 0.6851535]"
1052,1052,25,17.624199999999973,-7.858963,-1.357227,-5.219265107364104,3.2891864565180637,-1.67087,0.1756419,False,6,"[-0.0735741, -0.0277998, 0.5227944]","[-0.0199227, 0.0020937, 0.6829753]"
1053,1053,25,17.640700000000038,-7.662839,-1.553979,-5.127021468790732,3.070814202218066,-1.57261,0.6324576,False,6,"[-0.0736268, -0.0256817, 0.5229213]","[-0.0186847, 0.0075128, 0.6805776]"
1054,1054,25,17.65719999999999,-7.667129,-1.282275,-5.065685189260707,3.338392025581029,-1.30834,0.8351215,False,6,"[-0.0748937, -0.0246844, 0.5232005]","[-0.0154855, 0.0098835, 0.678035]"
1055,1055,25,17.67439999999999,-7.344228,-1.464117,-4.880148633367748,3.1185102705618846,-1.271236,1.042534,False,6,"[-0.0733807, -0.0219117, 0.5233994]","[-0.0149785, 0.0122831, 0.6749839]"
1056,1056,25,17.691100000000006,-7.362075,-1.633832,-4.932994478935822,2.9539895996399554,-1.117293,1.089447,False,6,"[-0.0737717, -0.0221125, 0.5236568]","[-0.0131084, 0.0127817, 0.6721268]"
1057,1057,25,17.707899999999995,-7.274593,-1.370256,-4.8086077356565395,3.2018790187626918,-1.125662,1.317034,False,6,"[-0.071386, -0.0175381, 0.5239399]","[-0.0131542, 0.0153912, 0.669457]"
1058,1058,25,17.72440000000006,-7.344262,-1.414407,-4.868395126698739,3.167369628287794,-0.9006393,0.9706932,False,6,"[-0.0723725, -0.0124224, 0.5243186]","[-0.0104723, 0.0112871, 0.666162]"
1059,1059,25,17.741300000000024,-7.122018,-1.188526,-4.65752542444974,3.3610312916633367,-0.995147,0.8254486,False,6,"[-0.0702938, -0.0141736, 0.522456]","[-0.0115051, 0.0095429, 0.6623433]"
1060,1060,25,17.758000000000038,-7.156292,-1.252742,-4.697006445843526,3.302289424066344,-0.5303627,1.016867,False,6,"[-0.0703958, -0.0117048, 0.5229179]","[-0.0061027, 0.0117015, 0.6592586]"
1061,1061,25,17.774700000000053,-7.416324,-1.346063,-4.903223841208513,3.2437254914784286,-0.537231,0.7558218,False,6,"[-0.0673662, -0.0133591, 0.5226736]","[-0.0061579, 0.0086637, 0.656724]"
1062,1062,25,17.791400000000067,-7.471605,-1.365244,-4.946908238126395,3.231922279013433,-0.3506838,1.160594,False,6,"[-0.0675183, -0.0149055, 0.5225704]","[-0.0040021, 0.0132467, 0.6538686]"
1063,1063,25,17.80830000000003,-7.252392,-1.083911,-4.72504653043818,3.4804686354215395,-0.2716354,1.214402,False,6,"[-0.0666984, -0.0124982, 0.5225005]","[-0.0030899, 0.0138158, 0.6517361]"
1064,1064,25,17.82490000000007,-7.239378,-1.060533,-4.710293538374154,3.501785368782948,0.0006757693,1.233305,False,6,"[-0.0674824, -0.0129276, 0.523573]","[7.7e-06, 0.0139805, 0.6493927]"
1065,1065,25,17.84120000000007,-6.515684,-1.795893,-4.372131132190623,2.6868078137725866,-0.01171331,1.054212,False,6,"[-0.0653866, -0.010857, 0.523315]","[-0.0001324, 0.0119159, 0.6475477]"
1066,1066,25,17.85800000000006,-6.592199,-1.927092,-4.45738952520329,2.567620398167384,0.07570528,0.8098698,False,6,"[-0.0657014, -0.0114433, 0.5232902]","[0.000853, 0.0091261, 0.6455969]"
1067,1067,25,17.874599999999987,-5.947769,-1.84381,-3.9813900567371174,2.567310306685661,0.5488032,0.8476495,False,6,"[-0.0679981, -0.0122749, 0.5223913]","[0.0061744, 0.0095371, 0.6446005]"
1068,1068,25,17.89160000000004,-6.063456,-1.684315,-4.025510021997255,2.7388112773887032,1.051011,0.6151806,False,6,"[-0.0685223, -0.012452, 0.5224795]","[0.0117934, 0.0069025, 0.6428461]"
1069,1069,25,17.90790000000004,-5.462669,-2.44384,-3.7800932526667177,1.9157540083608007,1.363803,0.4057212,False,6,"[-0.0664642, -0.0098815, 0.5222772]","[0.015278, 0.0045443, 0.6417328]"
1070,1070,25,17.92450000000008,-5.534943,-2.394947,-3.819680509775371,1.9730204433716634,1.57001,0.06896835,False,6,"[-0.0663706, -0.0096723, 0.5224892]","[0.0175466, 0.0007706, 0.6401843]"
1071,1071,25,17.94130000000007,-5.063485,-2.378586,-3.4820035796573423,1.9289929002943178,1.768665,0.1234142,False,6,"[-0.0595796, -0.0163562, 0.5216538]","[0.0197526, 0.0013779, 0.6396815]"
1072,1072,25,17.957899999999995,-5.162115,-2.550804,-3.592638240656866,1.7723114692261115,2.259584,0.07656621,False,6,"[-0.0602123, -0.0175307, 0.521021]","[0.0252273, 0.0008544, 0.6393524]"
1073,1073,25,17.97460000000001,-4.379442,-2.446384,-3.0137521508320466,1.7751509360013156,2.564729,0.1957398,False,6,"[-0.0542457, -0.0167615, 0.5206788]","[0.0286557, 0.0021855, 0.6397373]"
1074,1074,25,17.99580000000003,-4.583229,-2.311317,-3.126036093882392,1.9338761004290337,2.91031,0.1662906,False,6,"[-0.055267, -0.0152992, 0.5202867]","[0.0325109, 0.001856, 0.6394968]"
1075,1075,25,18.008300000000077,-3.927617,-2.235645,-2.6439225769857506,1.924661279522588,3.131642,0.2776087,False,6,"[-0.0496783, -0.0221707, 0.5194765]","[0.0350283, 0.0031021, 0.6402314]"
1076,1076,25,18.02449999999999,-3.989519,-2.294253,-2.701636030534009,1.8749533085424024,3.778371,0.3092548,False,6,"[-0.0503334, -0.0217239, 0.5194122]","[0.042306, 0.0034577, 0.6406039]"
1077,1077,25,18.041500000000042,-3.411634,-2.709704,-2.3909142894060684,1.3929720318015013,4.060942,0.3270215,False,6,"[-0.0459836, -0.021557, 0.5189713]","[0.0456013, 0.0036661, 0.6423097]"
1078,1078,25,18.05810000000008,-3.395511,-2.90536,-2.42585486621986,1.198625622987393,4.578245,0.4182856,False,6,"[-0.0468577, -0.0231068, 0.5186784]","[0.0515069, 0.0046959, 0.643225]"
1079,1079,25,18.07490000000007,-2.789388,-2.68088,-1.943523987363251,1.3419688631468158,4.971676,0.5389736,False,6,"[-0.0396948, -0.022144, 0.5183111]","[0.0561507, 0.0060721, 0.6454805]"
1080,1080,25,18.091300000000047,-2.836919,-2.74251,-1.9917785088146767,1.2874586802346908,5.553313,0.4814089,False,6,"[-0.0415598, -0.0209252, 0.5184382]","[0.0628851, 0.0054345, 0.6467782]"
1081,1081,25,18.107799999999997,-1.726668,-2.47504,-1.142330667110034,1.4087802120952029,6.126924,0.332054,False,6,"[-0.0355796, -0.0202309, 0.5182194]","[0.0696618, 0.003761, 0.6489556]"
1082,1082,25,18.124700000000075,-1.679786,-2.517256,-1.1191394410462292,1.36131321543711,6.697766,0.3135514,False,6,"[-0.0361377, -0.0207592, 0.518156]","[0.0763987, 0.0035603, 0.65057]"
1083,1083,25,18.141399999999976,-0.2154566,-2.31054,-0.03339202800206542,1.377783493385997,7.175203,0.5827169,False,6,"[-0.0308582, -0.0244985, 0.5176271]","[0.0822826, 0.0066476, 0.6536089]"
1084,1084,25,18.158000000000015,-0.3049952,-2.36281,-0.10917104685565637,1.3378279599681484,7.7346,0.7492971,False,6,"[-0.0307002, -0.0262603, 0.5174283]","[0.089083, 0.008578, 0.6558885]"
1085,1085,25,18.175200000000018,0.5746626,-1.772354,0.6535364398301902,1.8059791590578338,8.221384,1.156495,False,6,"[-0.0252056, -0.0242236, 0.517329]","[0.0953126, 0.0133172, 0.6596797]"
1086,1086,25,18.191400000000044,0.5586988,-1.895122,0.613146886519909,1.6873579397645297,8.825787,1.426685,False,6,"[-0.025622, -0.0247681, 0.5170521]","[0.1028492, 0.0164972, 0.6623934]"
1087,1087,25,18.208200000000033,2.918079,-0.7304306,2.5595751132568596,2.5312152567840562,9.277494,1.816122,False,6,"[-0.0155909, -0.0223555, 0.5171951]","[0.1087903, 0.0211169, 0.665983]"
1088,1088,25,18.22460000000001,3.157161,-0.6187605,2.7553069131050707,2.610483656150171,9.842913,2.161524,False,6,"[-0.0151537, -0.0227168, 0.5167287]","[0.1161406, 0.0252653, 0.6693929]"
1089,1089,25,18.241499999999974,3.984226,-0.4741959,3.375134612349187,2.6471176371264464,10.07661,2.502146,False,6,"[-0.001943, -0.0208474, 0.5166842]","[0.1196998, 0.0294346, 0.6735832]"
1090,1090,25,18.2577,4.153951,-0.4208385,3.5079446512024903,2.6779187397690913,10.52452,2.792467,False,6,"[-0.0027471, -0.0212937, 0.5160576]","[0.1260467, 0.0330931, 0.6784667]"
1091,1091,25,18.27449999999999,4.34899,-0.04728192,3.7345408813842425,3.0201844882665942,10.91946,3.196368,False,6,"[0.0051773, -0.0159723, 0.5161802]","[0.1318884, 0.0381777, 0.6836363]"
1092,1092,25,18.29110000000003,4.691363,0.4816932,4.102274839720691,3.496411774070449,11.35274,3.670248,False,6,"[0.0050271, -0.0170578, 0.5155253]","[0.1384231, 0.0442244, 0.689437]"
1093,1093,25,18.30810000000008,5.019609,0.7022526,4.386935005395413,3.6713289532756717,11.78114,4.038727,False,6,"[0.0263038, -0.0065788, 0.5160212]","[0.1451212, 0.0491277, 0.6958001]"
1094,1094,25,18.32510000000002,4.519741,-0.001240262,3.8663440586571216,3.04366486768128,12.03596,4.146368,False,6,"[0.0284403, -0.0055685, 0.5156077]","[0.1497954, 0.0509319, 0.7025634]"
1095,1095,25,18.341600000000085,5.521526,0.8419875,4.77540789965908,3.7446700857215554,12.38668,4.641542,False,6,"[0.0358731, -0.0042628, 0.5150467]","[0.1560306, 0.0576804, 0.7104552]"
1096,1096,25,18.357799999999997,5.413248,0.3379731,4.579331171821098,3.2631289624129196,12.75343,4.800828,False,6,"[0.037374, -0.0037798, 0.5145989]","[0.1624964, 0.0602968, 0.717931]"
1097,1097,25,18.374900000000025,5.889275,0.7280628,5.008788988931583,3.585819737642394,13.45454,5.364365,False,6,"[0.0391616, -0.0004249, 0.5149428]","[0.1734424, 0.0680752, 0.7249728]"
1098,1098,25,18.391700000000014,6.170318,0.9057046,5.249860312439334,3.7245754764378542,13.7704,5.209765,False,6,"[0.0422667, 0.0043302, 0.5150509]","[0.1796797, 0.0668488, 0.7331597]"
1099,1099,25,18.408700000000067,6.905867,0.7535146,5.734584260334731,3.4812263897700912,13.94272,5.058233,False,6,"[0.0452089, 0.0063089, 0.5147112]","[0.1842703, 0.0656967, 0.7422278]"
1100,1100,25,18.42450000000008,7.230577,0.8373209,5.984340544145715,3.5221933378972654,14.99922,5.730628,False,6,"[0.0406756, -1.11e-05, 0.5145652]","[0.2005249, 0.0751053, 0.7484097]"
1101,1101,25,18.44150000000002,7.154914,0.5425572,5.860932692175388,3.2421457967570735,15.31407,5.307737,False,6,"[0.0497495, 0.0075634, 0.514642]","[0.2070008, 0.0702292, 0.7559382]"
1102,1102,25,18.457899999999995,7.323003,0.3145794,5.925928859542673,2.9966590437655762,15.45567,5.416678,False,6,"[0.0487903, 0.0030372, 0.514877]","[0.211856, 0.0726551, 0.7662299]"
1103,1103,25,18.47550000000001,7.616695,-0.2564342,5.9985801526724964,2.3980230814805736,15.97396,5.512298,False,6,"[0.0530906, 0.0065406, 0.5146889]","[0.2215656, 0.0746972, 0.7740188]"
1104,1104,25,18.4914,7.585424,-0.6003105,5.894966580643383,2.064048015543525,16.04753,4.841027,False,6,"[0.0556838, 0.0081425, 0.5150627]","[0.2254871, 0.0663923, 0.7839124]"
1105,1105,25,18.508300000000077,7.47552,-1.153356,5.686121885723109,1.5345263947046033,15.97937,4.603051,False,6,"[0.0623732, 0.0067731, 0.5149824]","[0.2273034, 0.0639085, 0.7937796]"
1106,1106,25,18.524800000000027,7.656503,-1.029054,5.843711390243851,1.6336165947101655,15.87393,4.162885,False,6,"[0.0653482, 0.0075278, 0.5150734]","[0.2285153, 0.0584891, 0.8035967]"
1107,1107,25,18.54200000000003,7.308517,-1.591289,5.464123206634526,1.1254170882856687,15.70874,3.818506,False,6,"[0.0646526, 0.0048772, 0.5150371]","[0.2287906, 0.0542947, 0.813472]"
1108,1108,25,18.557999999999993,7.407252,-1.679305,5.5131760726227395,1.0263269742817194,15.73614,3.584589,False,6,"[0.0662566, 0.0028307, 0.5155711]","[0.2315113, 0.0514712, 0.8216381]"
1109,1109,25,18.57510000000002,6.629148,-1.717646,4.953180732415092,1.0878474840649828,15.17613,3.355181,False,6,"[0.0688931, -0.0023058, 0.5151848]","[0.2256752, 0.0487764, 0.8319926]"
1110,1110,25,18.59140000000002,6.633144,-1.60511,4.982672647704692,1.1979384858724371,14.48103,3.293367,False,6,"[0.0685632, -0.0053945, 0.5148561]","[0.2174947, 0.0484597, 0.84214]"
1111,1111,25,18.609000000000037,5.805825,-1.229624,4.4858784928963145,1.6724429836766777,14.29087,3.572494,False,6,"[0.067557, -0.0103652, 0.5148457]","[0.2169264, 0.0531679, 0.8516032]"
1112,1112,25,18.624599999999987,5.578168,-1.343464,4.297721689567357,1.5895854084283538,13.60485,3.452725,False,6,"[0.0691996, -0.0092462, 0.5147541]","[0.2083303, 0.0519368, 0.8608154]"
1113,1113,25,18.6413,4.487721,-1.40823,3.5103212277065703,1.6649566579787758,12.87943,3.528608,False,6,"[0.0659675, -0.0142888, 0.5143499]","[0.1990611, 0.0536834, 0.8705822]"
1114,1114,25,18.65790000000004,4.476088,-1.477608,3.4856474233057173,1.5982550257163068,12.1881,3.537019,False,6,"[0.066888, -0.015084, 0.5144995]","[0.1899446, 0.0543575, 0.879413]"
1115,1115,25,18.67470000000003,4.744774,-0.8621441,3.8217011041386626,2.1688780518449304,11.5394,3.467276,False,6,"[0.0598131, -0.0154333, 0.5146563]","[0.181536, 0.0538729, 0.8891481]"
1116,1116,25,18.69130000000007,4.520312,-0.897155,3.6544830612339796,2.163086434483557,10.8608,3.387993,False,6,"[0.0598857, -0.0144303, 0.5149676]","[0.1721009, 0.0531037, 0.8970121]"
1117,1117,25,18.708500000000072,3.213346,-0.4897469,2.8256535296362033,2.7301151724080768,9.995274,3.293204,False,6,"[0.0523837, -0.0110581, 0.5151872]","[0.1599411, 0.0522186, 0.9075089]"
1118,1118,25,18.725000000000023,3.233533,-0.5546655,2.8245653937453423,2.6637394446762017,9.42021,3.133498,False,6,"[0.0503156, -0.0120821, 0.5151798]","[0.1517332, 0.0500662, 0.9145436]"
1119,1119,25,18.741700000000037,2.609971,0.5031962,2.633707170131113,3.7829058638616626,8.871408,3.347353,False,6,"[0.0404759, -0.0126778, 0.515708]","[0.1442475, 0.0540532, 0.9241621]"
1120,1120,25,18.758300000000077,2.277141,0.3935267,2.3720741247765638,3.7175557799864842,7.996844,3.224991,False,6,"[0.0403231, -0.013287, 0.5151013]","[0.1307937, 0.0524593, 0.9310175]"
1121,1121,25,18.774800000000027,0.7664407,0.186493,1.2534200245169536,3.706685187206441,7.391398,3.464749,False,6,"[0.0428436, -0.0077676, 0.516177]","[0.1218744, 0.0568812, 0.939485]"
1122,1122,25,18.79169999999999,0.7322196,0.19952,1.2322773133323484,3.723851050059989,6.919143,3.440716,False,6,"[0.0407831, -0.0080782, 0.5158607]","[0.1147468, 0.0568514, 0.9455676]"
1123,1123,25,18.808400000000006,-0.4337653,0.02512041,0.36541966355115507,3.7011048116565464,6.454007,3.374344,False,6,"[0.0290175, -0.004418, 0.5168558]","[0.1079409, 0.0562608, 0.9541946]"
1124,1124,25,18.824700000000007,-1.521711,-0.2906289,-0.47967424390264424,3.5294905915876646,5.768345,3.21018,False,6,"[0.0291472, -0.0049946, 0.515918]","[0.0969926, 0.0538519, 0.9601504]"
1125,1125,25,18.84140000000002,-2.623299,-0.9311091,-1.411364251826876,3.040469908963035,5.220807,3.321135,False,6,"[0.0235966, 0.0045463, 0.5176502]","[0.088534, 0.0562266, 0.9689267]"
1126,1126,25,18.858100000000036,-2.517548,-0.7249873,-1.2876551136979177,3.2295641476746497,5.029825,3.521114,False,6,"[0.0205462, 0.0035489, 0.516697]","[0.0857487, 0.0599493, 0.9742708]"
1127,1127,25,18.874700000000075,-1.90663,0.07062876,-0.6666124480948168,3.933608985323001,4.805876,3.67977,False,6,"[0.0069236, 0.0016846, 0.5175453]","[0.0825402, 0.063138, 0.981737]"
1128,1128,25,18.8913,-3.263411,-0.4827915,-1.7583568635944284,3.5626859509179574,4.472494,3.581801,False,6,"[0.0066065, 0.0018001, 0.5169295]","[0.0772131, 0.061791, 0.9871433]"
1129,1129,99,18.924800000000005,-4.131149,-0.3132585,-2.3325639539927914,3.839932796368518,3.905028,3.650613,False,6,"[-0.0039139, 0.0002267, 0.5169759]","[0.0681959, 0.0637404, 0.9990416]"
1130,1130,99,18.941599999999994,-4.41375,0.02132053,-2.4533800622544986,4.204786682514356,4.096324,3.965624,False,6,"[-0.0137644, -0.0026282, 0.5181363]","[0.0719166, 0.0696145, 1.004191]"
1131,1131,99,18.98980000000006,-4.184745,-0.08647527,-2.3167800803235035,4.0696485782098675,4.158377,4.214185,False,6,"[-0.023369, -0.0082895, 0.510049]","[0.0733407, 0.0743285, 1.008743]"
1132,1132,99,18.996500000000083,-3.982285,0.2839221,-2.085678149333715,4.407863334416026,3.941547,4.295046,False,6,"[-0.0226239, -0.0065112, 0.5145567]","[0.0701236, 0.0764353, 1.017734]"
1133,1133,99,19.013000000000034,-2.646509,0.9465699,-0.9829268273331981,4.888813242473139,4.775344,4.916904,False,6,"[-0.0174332, 0.0006456, 0.5236887]","[0.0859387, 0.0884987, 1.028726]"
1134,1134,99,19.029800000000023,-0.2902642,1.835777,0.8960121551435678,5.4623241340725714,4.718829,4.462179,False,6,"[-0.0294208, -0.0043479, 0.515983]","[0.0845337, 0.0799169, 1.024082]"
1135,1135,99,19.0548,-1.097907,1.128722,0.15666725384156843,4.870398015946466,5.922339,4.882869,False,6,"[-0.0374223, -0.0028328, 0.5181181]","[0.1065361, 0.0877367, 1.027012]"
1136,1136,99,19.073200000000043,1.118417,2.508229,2.0527045134094215,5.943614783622282,6.719208,5.118583,False,6,"[-0.0400624, 0.0001931, 0.5190289]","[0.1209952, 0.0919941, 1.027011]"
1137,1137,99,19.089000000000055,0.8343362,1.976098,1.725494752602146,5.45685410484275,7.652051,5.629642,False,6,"[-0.0380687, -0.0007853, 0.520294]","[0.137938, 0.1012033, 1.026682]"
1138,1138,99,19.105800000000045,1.030731,2.370439,1.9579752775170989,5.819373942231647,8.923581,6.035865,False,6,"[-0.0363118, 0.0025847, 0.5216002]","[0.1608465, 0.1083156, 1.024386]"
1139,1139,99,19.122400000000084,1.451112,2.313305,2.2420759314968963,5.70962737268702,10.00667,6.246427,False,6,"[-0.0241657, 0.0086379, 0.522805]","[0.1804672, 0.1119485, 1.022784]"
1140,1140,99,19.13930000000005,4.380185,2.552218,4.372515972702565,5.570997725315955,10.42984,6.074822,True,6,"[-0.0026548, 0.0167957, 0.5240266]","[0.1881823, 0.1088007, 1.022325]"
1141,1141,99,19.157100000000014,4.624751,2.642839,4.5671434674691485,5.6288798879987025,11.46862,6.465309,True,6,"[-0.0100382, 0.01032, 0.5237924]","[0.2070659, 0.1156593, 1.020622]"
1142,1142,99,19.17420000000004,5.647692,3.840296,5.575112159564129,6.675324628784279,12.46418,6.811447,True,6,"[0.0102562, 0.0230129, 0.5253497]","[0.2248275, 0.1214927, 1.01714]"
1143,1143,99,19.190200000000004,5.702639,3.801136,5.6047375931264,6.629832847720277,13.36257,7.219255,True,6,"[0.0076498, 0.0181241, 0.5252898]","[0.2410506, 0.1285411, 1.014765]"
1144,1144,99,19.207100000000082,8.206614,7.181611,8.178517692984983,9.632929159745572,13.99479,7.696825,False,6,"[0.0094675, 0.0217831, 0.5262181]","[0.2519999, 0.1366501, 1.011108]"
1145,1145,99,19.223700000000008,8.075945,7.235569,8.098785773829102,9.702618378394561,14.2738,8.126335,False,6,"[0.0133111, 0.021227, 0.525462]","[0.2571528, 0.1443295, 1.010782]"
1146,1146,99,19.246899999999982,8.064064,7.681519,8.196030856400474,10.142413085355571,14.85872,8.909066,False,6,"[0.0402135, 0.0234012, 0.5249944]","[0.2673309, 0.1579532, 1.007625]"
1147,1147,99,19.258000000000038,8.332818,7.721614,8.395812971534014,10.147554482039766,14.95355,8.981646,False,6,"[0.0424585, 0.0242276, 0.5248731]","[0.2695564, 0.1595213, 1.009271]"
1148,1148,99,19.274800000000027,8.056314,7.512202,8.150428161550757,9.976996281917398,14.93277,9.112306,False,6,"[0.0519533, 0.0352654, 0.5253578]","[0.2691192, 0.1618542, 1.009102]"
1149,1149,99,19.291200000000003,7.963652,7.714172,8.132673724242949,10.187306208145902,14.03138,8.973783,False,6,"[0.052442, 0.0348913, 0.5251568]","[0.2537661, 0.1603521, 1.01543]"
1150,1150,99,19.30810000000008,5.849817,5.561655,6.126054508483682,8.341308135880112,13.83973,9.161727,False,6,"[0.0760572, 0.0664503, 0.527369]","[0.2505016, 0.1639912, 1.016815]"
1151,1151,99,19.324400000000082,5.878889,5.535008,6.14032463717828,8.311412996736081,14.09106,9.357527,False,6,"[0.0748382, 0.0669623, 0.527428]","[0.2555799, 0.167783, 1.018179]"
1152,1152,99,19.341300000000047,6.615726,3.955169,6.287713694951557,6.664805258033405,14.14968,9.244629,False,6,"[0.0747933, 0.0712013, 0.5278986]","[0.2568379, 0.16582, 1.018775]"
1153,1153,99,19.35800000000006,6.539529,3.858516,6.210865288677412,6.57952913307804,13.5728,9.207494,False,6,"[0.0773055, 0.0715632, 0.527793]","[0.247205, 0.1659811, 1.02395]"
1154,1154,99,19.374700000000075,5.524498,3.914118,5.505378965576013,6.763583197567959,12.95586,9.401686,False,6,"[0.0745769, 0.0694798, 0.5268844]","[0.236499, 0.1702157, 1.028002]"
1155,1155,99,19.391399999999976,5.433398,3.880532,5.432921168757069,6.742189378585685,12.62592,9.388991,False,6,"[0.0737219, 0.0713838, 0.5269843]","[0.231427, 0.1708329, 1.03315]"
1156,1156,99,19.408999999999992,6.097974,6.336923,6.485435001872913,9.071604028220918,12.33046,9.123389,False,6,"[0.0537508, 0.0510859, 0.5246295]","[0.2268637, 0.1666695, 1.037839]"
1157,1157,99,19.425299999999993,6.029611,6.407348,6.453718287166635,9.149533506595521,11.84513,8.882252,False,6,"[0.0540258, 0.0508453, 0.5246875]","[0.2189698, 0.1631611, 1.04404]"
1158,1158,99,19.443100000000072,5.439789,6.09935,5.963141238926598,8.922030469383893,11.43213,8.936033,False,6,"[0.0606232, 0.0361394, 0.5226944]","[0.2120752, 0.1649042, 1.048741]"
1159,1159,99,19.459400000000073,5.201419,5.919084,5.751661412267943,8.775255196868288,11.00649,8.907248,False,6,"[0.0599303, 0.0352603, 0.522794]","[0.2050733, 0.1652469, 1.054372]"
1160,1160,99,19.476600000000076,4.551941,5.209315,5.123656965352054,8.160497003549327,10.64034,8.90011,False,6,"[0.0505519, 0.0357607, 0.5226595]","[0.1991144, 0.1659672, 1.059831]"
1161,1161,99,19.493299999999977,4.412203,5.437662,5.078821279525568,8.402732079542194,10.02099,8.704746,False,6,"[0.0496916, 0.0354375, 0.5224314]","[0.188564, 0.1633818, 1.067114]"
1162,1162,99,19.510400000000004,3.477816,5.320244,4.389439438148133,8.40646049760301,9.64461,8.396892,False,6,"[0.055955, 0.0581653, 0.5237595]","[0.1824015, 0.1584374, 1.073339]"
1163,1163,99,19.52660000000003,3.433831,5.237668,4.338732900443966,8.330912484346783,9.236183,8.100106,False,6,"[0.0553211, 0.058815, 0.5237409]","[0.1756595, 0.1537418, 1.080232]"
1164,1164,99,19.54309999999998,2.951023,4.484002,3.8183334263196356,7.651763189085376,8.798269,8.043749,False,6,"[0.0498278, 0.0559127, 0.5232447]","[0.1681724, 0.15355, 1.086545]"
1165,1165,99,19.560100000000034,2.705633,4.554535,3.6613040580880565,7.752368344503151,8.548571,8.012405,False,6,"[0.0476329, 0.0542492, 0.5232538]","[0.1642792, 0.1538354, 1.092879]"
1166,1166,99,19.576599999999985,2.359147,3.734497,3.2216977306067256,6.990608630112674,8.419485,7.984916,False,6,"[0.0416075, 0.0476475, 0.5226162]","[0.1626426, 0.1541351, 1.098827]"
1167,1167,99,19.593500000000063,2.438457,3.746886,3.2807858840431607,6.992673153803713,8.086511,7.713811,False,6,"[0.0403048, 0.0497233, 0.5223528]","[0.1571401, 0.1498072, 1.10599]"
1168,1168,99,19.610500000000002,1.837073,3.889753,2.8888442660912754,7.209754619050377,7.842702,7.466931,False,6,"[0.0317028, 0.048578, 0.521651]","[0.1534337, 0.1459962, 1.113919]"
1169,1169,99,19.626800000000003,1.676531,3.858583,2.767792719860013,7.1995885492822005,7.671926,7.370273,False,6,"[0.0312854, 0.047796, 0.5213921]","[0.1510498, 0.1450432, 1.121326]"
1170,1170,99,19.643500000000017,1.499504,3.259639,2.500549219092087,6.633515498986997,7.373385,7.488013,False,6,"[0.0268305, 0.0408155, 0.5204676]","[0.1460877, 0.1483847, 1.128919]"
1171,1171,99,19.660100000000057,1.404501,3.19423,2.4177883410697394,6.581343614659646,7.45098,7.550427,False,6,"[0.0245875, 0.041446, 0.5202899]","[0.1485947, 0.150601, 1.1362]"
1172,1172,99,19.676600000000008,1.435322,3.789629,2.5806755106915302,7.162572738652155,7.51428,7.554938,False,6,"[0.0213976, 0.0339011, 0.5193833]","[0.1508347, 0.1516604, 1.143501]"
1173,1173,99,19.693300000000022,1.748411,3.848963,2.8164058031792143,7.1809698781863425,7.225078,7.502378,False,6,"[0.0221035, 0.0339917, 0.5190455]","[0.146058, 0.1517272, 1.152113]"
1174,1174,99,19.71010000000001,1.763721,3.353838,2.7099376891581803,6.692408776377215,7.031789,7.428609,False,6,"[0.016635, 0.0352645, 0.518645]","[0.1431317, 0.1512977, 1.160391]"
1175,1175,99,19.726499999999987,1.345977,3.345446,2.412179280729397,6.737420150463521,7.114686,7.51632,False,6,"[0.0151757, 0.0349702, 0.5184846]","[0.1459649, 0.1542975, 1.169432]"
1176,1176,99,19.743600000000015,1.503045,3.385946,2.532981690917267,6.7571986581706565,7.196827,7.47475,False,6,"[0.0135466, 0.0294728, 0.517495]","[0.1488688, 0.1546822, 1.178943]"
1177,1177,99,19.75980000000004,1.261296,3.313922,2.3447547901476695,6.717234495084568,7.343874,7.431074,False,6,"[0.0126806, 0.0288633, 0.517193]","[0.1531317, 0.1549704, 1.18816]"
1178,1178,99,19.776500000000055,0.8379246,3.699235,2.136290937443306,7.149896869087094,7.422182,7.447068,False,6,"[0.0129669, 0.0342789, 0.5175105]","[0.1559572, 0.1564861, 1.197175]"
1179,1179,99,19.79340000000002,0.7424083,3.56638,2.037186939502587,7.031504450144729,6.952759,7.282351,False,6,"[0.0157754, 0.0347695, 0.516801]","[0.1474422, 0.1545057, 1.209061]"
1180,1180,99,19.81020000000001,0.5493543,4.04103,2.012958108529001,7.522603653903949,6.420957,7.669949,False,6,"[0.0158927, 0.030246, 0.5161214]","[0.137256, 0.1642501, 1.219638]"
1181,1181,99,19.82680000000005,0.5699238,4.4705,2.1292741815928866,7.942064624598513,6.721266,7.811173,False,6,"[0.0121221, 0.0301583, 0.5159193]","[0.1450037, 0.1687906, 1.230417]"
1182,1182,99,19.843399999999974,0.4681142,4.130247,1.97657648845412,7.6206436509440225,6.459179,7.69764,False,6,"[0.0135235, 0.0304933, 0.5153955]","[0.140565, 0.1678171, 1.241587]"
1183,1183,99,19.859800000000064,-0.09338786,3.962446,1.5392667377784293,7.527315756916855,6.314744,7.778386,False,6,"[0.011347, 0.0298414, 0.5153649]","[0.138744, 0.1712633, 1.25377]"
1184,1184,99,19.876899999999978,-1.129041,4.010357,0.8173573794821808,7.706440260030031,6.366919,7.659511,False,6,"[0.0075339, 0.0333042, 0.5151163]","[0.1410993, 0.1700598, 1.264519]"
1185,1185,99,19.893300000000067,-1.45833,4.697332,0.7469770240866345,8.423581502262572,6.114615,7.540152,False,6,"[0.0066807, 0.0321323, 0.5155554]","[0.136881, 0.169129, 1.277743]"
1186,1186,99,19.910000000000082,-0.3522666,4.934489,1.586278040652801,8.515645282077577,6.231204,7.875156,False,6,"[0.0049409, 0.0364041, 0.5152991]","[0.1406108, 0.1781295, 1.287812]"
1187,1187,99,19.926500000000033,-0.2654252,4.453527,1.53381100022179,8.031883902043564,6.119875,7.660857,False,6,"[0.0051304, 0.0403235, 0.5157537]","[0.1395007, 0.1750065, 1.30107]"
1188,1188,99,19.943300000000022,0.7925919,3.660002,2.0948992773334876,7.117118207776214,5.465229,7.388368,False,6,"[0.0042078, 0.0371893, 0.5150049]","[0.1255108, 0.1701053, 1.311823]"
1189,1189,99,19.95990000000006,0.6773087,3.538165,1.9844104131635119,7.012074409530324,5.687159,7.674147,False,6,"[-0.0008407, 0.0357298, 0.5158181]","[0.1317871, 0.1783143, 1.323338]"
1190,1190,99,19.976800000000026,2.217636,3.838536,3.146154962753822,7.11089975959047,6.853177,7.84971,False,6,"[-0.0101754, 0.0361974, 0.5163062]","[0.1599918, 0.1835314, 1.331221]"
1191,1191,99,19.993299999999977,2.409129,3.795642,3.271572694340813,7.044329671676671,8.449739,7.687775,False,6,"[-0.013168, 0.0425005, 0.5172387]","[0.1988883, 0.1807254, 1.338825]"
1192,1192,99,20.01049999999998,3.256845,3.474163,3.7956039345067016,6.620302836215497,8.081409,6.711665,False,6,"[-0.003177, 0.0446131, 0.5167344]","[0.1917417, 0.1589129, 1.350388]"
1193,1193,99,20.02690000000007,3.238368,3.581058,3.8078480708407887,6.727714988019152,7.985341,7.168984,False,6,"[-0.0023993, 0.0403391, 0.5179278]","[0.1908009, 0.1710781, 1.360144]"
1194,1194,99,20.043600000000083,3.82925,3.054069,4.10134569260293,6.134457072222291,8.531218,7.057035,False,6,"[0.0071511, 0.0330651, 0.5169158]","[0.2053069, 0.1694309, 1.368639]"
1195,1195,99,20.06000000000006,3.829983,2.938502,4.074483870843677,6.0207842915917125,9.066472,6.838323,False,6,"[0.0061245, 0.0320327, 0.5180673]","[0.2198336, 0.1652069, 1.377629]"
1196,1196,99,20.07680000000005,4.174077,2.61521,4.241512296899133,5.659183438042779,9.11875,6.711479,False,6,"[0.0200767, 0.0347858, 0.5184522]","[0.2225345, 0.163149, 1.386424]"
1197,1197,99,20.093399999999974,4.062571,2.671665,4.175939723685959,5.728883579957039,9.108032,6.457769,False,6,"[0.0218182, 0.0344051, 0.5185906]","[0.2239264, 0.1580985, 1.396765]"
1198,1198,99,20.110300000000052,4.048528,2.669279,4.165431726898381,5.728328988290348,8.93854,6.476608,False,6,"[0.0294913, 0.0314638, 0.5182643]","[0.2209966, 0.1595065, 1.405071]"
1199,1199,99,20.126600000000053,4.064135,2.808018,4.209352600738496,5.862692006789684,9.129667,6.34773,False,6,"[0.0293781, 0.0324946, 0.5192268]","[0.2271356, 0.1572292, 1.413368]"
1200,1200,99,20.143300000000067,3.981613,2.507621,4.07975378181453,5.577982522392529,9.021769,6.364536,False,6,"[0.0347558, 0.0277049, 0.5192642]","[0.2254359, 0.1583724, 1.419855]"
1201,1201,99,20.160000000000082,3.918317,2.467151,4.025350710994354,5.546278314494896,8.84537,6.451766,False,6,"[0.0348118, 0.0266925, 0.5200011]","[0.222186, 0.1614547, 1.427755]"
1202,1202,99,20.176900000000046,3.938513,2.433366,4.0316452989409,5.510499563332955,8.62321,6.463933,False,6,"[0.0379431, 0.0237472, 0.5199077]","[0.2174481, 0.1624557, 1.433879]"
1203,1203,99,20.193300000000022,3.90148,2.501215,4.021500456638337,5.581903021268088,8.613273,6.477336,False,6,"[0.036968, 0.0242881, 0.5204975]","[0.218264, 0.1635977, 1.440946]"
1204,1204,99,20.21010000000001,3.928329,2.316091,3.9966493792470095,5.3965399897747375,8.656512,6.412797,False,6,"[0.0368556, 0.0242768, 0.5207207]","[0.2200949, 0.1624842, 1.445664]"
1205,1205,99,20.226800000000026,3.939629,2.338949,4.010065627656967,5.417564188138259,8.557893,6.160333,False,6,"[0.0370397, 0.0255692, 0.5213059]","[0.2185321, 0.1567415, 1.452193]"
1206,1206,99,20.243600000000015,3.572659,2.347359,3.7522369342019766,5.472615298469606,8.310641,6.197552,False,6,"[0.0362953, 0.0228366, 0.5214515]","[0.2127794, 0.1581805, 1.456656]"
1207,1207,99,20.25999999999999,3.526081,2.254065,3.6971551364774444,5.386864214145128,8.316163,6.200016,False,6,"[0.0357382, 0.0224812, 0.5217692]","[0.2137093, 0.1588284, 1.462036]"
1208,1208,99,20.27679999999998,3.213809,1.947953,3.40353523050529,5.125829321474623,8.199646,6.286156,False,6,"[0.0359488, 0.0221889, 0.5221441]","[0.2112367, 0.1614834, 1.465945]"
1209,1209,99,20.293600000000083,3.038349,1.839814,3.2536855384703247,5.041919990673547,8.064017,6.269251,False,6,"[0.0356305, 0.0228217, 0.5224477]","[0.208291, 0.1615072, 1.470147]"
1210,1210,99,20.31020000000001,2.695302,2.009166,3.0509260562119125,5.252095019674248,7.834726,6.270729,False,6,"[0.0358907, 0.021139, 0.5226552]","[0.2027127, 0.1618808, 1.473198]"
1211,1211,99,20.326900000000023,2.626159,2.147983,3.0348609139541054,5.397339647593972,7.61654,6.139287,False,6,"[0.0360423, 0.0213764, 0.5233529]","[0.1975333, 0.1588907, 1.47719]"
1212,1212,99,20.343600000000038,1.955457,2.17636,2.5667152984927997,5.510737753937981,7.385709,5.988223,False,6,"[0.0326919, 0.0214639, 0.5236101]","[0.1918914, 0.1552858, 1.480373]"
1213,1213,99,20.360200000000077,2.247613,2.14507,2.766153497797426,5.442738353487462,7.210315,6.084348,False,6,"[0.0322824, 0.0206213, 0.5238987]","[0.1876209, 0.1580799, 1.483025]"
1214,1214,99,20.376899999999978,1.809131,2.400868,2.516305634379096,5.750039775632409,6.969708,6.298877,False,6,"[0.0294394, 0.0178319, 0.5242945]","[0.1814815, 0.1638649, 1.484536]"
1215,1215,99,20.393400000000042,1.727501,2.414135,2.461653447146028,5.7734857683519945,6.991058,6.615963,False,6,"[0.0278482, 0.0168529, 0.5246555]","[0.1821432, 0.1722807, 1.485354]"
1216,1216,99,20.410100000000057,1.654668,2.645648,2.4649377895028515,6.010302535983253,6.960896,6.832816,False,6,"[0.0247177, 0.0184193, 0.5250517]","[0.1813753, 0.1780059, 1.485565]"
1217,1217,99,20.426699999999983,1.714695,2.744387,2.530831777411394,6.0996903296037805,6.85865,6.904568,False,6,"[0.0241151, 0.0197196, 0.525759]","[0.1787543, 0.1799627, 1.486138]"
1218,1218,99,20.44870000000003,2.162834,3.059,2.92266202402969,6.351758049137818,6.985235,6.682071,False,6,"[0.0179918, 0.0200262, 0.5269634]","[0.1820244, 0.1740507, 1.485635]"
1219,1219,99,20.46010000000001,1.871176,3.027499,2.708699612450162,6.357982919543567,7.068091,6.803438,False,6,"[0.0206679, 0.0197241, 0.5265923]","[0.1841365, 0.1771753, 1.485079]"
1220,1220,99,20.47720000000004,2.279081,3.34828,3.073504834770949,6.621242068830496,7.245112,7.024731,False,6,"[0.0166368, 0.022084, 0.5267176]","[0.1885712, 0.1827765, 1.483301]"
1221,1221,99,20.493400000000065,2.499424,3.290996,3.215939514109145,6.536851333236099,7.548827,7.268125,False,6,"[0.0159106, 0.0222411, 0.5275452]","[0.196265, 0.1888865, 1.481027]"
1222,1222,99,20.510200000000054,3.151567,3.019886,3.613435330670308,6.1872611885021005,7.668818,7.348186,False,6,"[0.0152444, 0.0243849, 0.5277189]","[0.1990821, 0.1906645, 1.478503]"
1223,1223,99,20.526700000000005,3.098808,2.7074,3.502045045778763,5.886876080605553,7.752863,7.402914,False,6,"[0.0158197, 0.0253314, 0.5284508]","[0.2010584, 0.1918788, 1.476797]"
1224,1224,99,20.54410000000007,4.005301,2.826324,4.172034252859312,5.888184023558143,7.959321,7.343123,False,6,"[0.0199727, 0.0282618, 0.5288465]","[0.2060975, 0.1899582, 1.474053]"
1225,1225,99,20.560400000000072,4.036581,3.360762,4.320803171648853,6.409442114984043,8.474833,7.401663,False,6,"[0.0173031, 0.028012, 0.5296361]","[0.2190094, 0.1909426, 1.469842]"
1226,1226,99,20.576900000000023,4.352494,4.393964,4.78926731693586,7.384597372990549,8.981094,7.416739,False,6,"[0.0211111, 0.0310341, 0.53045]","[0.2313117, 0.1905194, 1.46357]"
1227,1227,99,20.593700000000013,4.085417,4.522783,4.630692624350791,7.545250970260971,8.882285,7.538023,False,6,"[0.023186, 0.0305432, 0.5311683]","[0.2281843, 0.1932127, 1.460108]"
1228,1228,99,20.61200000000008,5.198597,8.59941,6.384701647006431,11.409841259199654,9.086034,8.021403,False,6,"[0.0292524, 0.0280278, 0.5312742]","[0.2323815, 0.2047698, 1.453074]"
1229,1229,99,20.62710000000004,5.606653,8.271799,6.595993016010544,11.035841043113301,9.38792,8.923599,False,6,"[0.0288049, 0.0251608, 0.5320722]","[0.2389268, 0.2269113, 1.445131]"
1230,1230,99,20.643800000000056,5.254242,5.42937,5.673035169818108,8.287229420517313,9.232005,9.668608,False,6,"[0.0372267, 0.0262473, 0.5316591]","[0.2338058, 0.2450709, 1.438469]"
1231,1231,99,20.66039999999998,5.340753,5.799535,5.821988107228359,8.639998378657165,9.22919,9.798861,False,6,"[0.0375696, 0.0312636, 0.5323848]","[0.2328283, 0.2474754, 1.4329]"
1232,1232,99,20.677099999999996,5.918818,7.654433,6.6707414419360065,10.389294748895406,8.937432,10.13335,False,6,"[0.0405341, 0.0409219, 0.5325604]","[0.2244623, 0.2550953, 1.427285]"
1233,1233,99,20.694000000000074,5.946804,7.8012,6.725328906293259,10.529969467399315,9.168279,10.7796,False,6,"[0.0380666, 0.042158, 0.5329582]","[0.2292352, 0.2704171, 1.420323]"
1234,1234,99,20.7106,4.417066,9.437456,6.029918581733235,12.333112444812155,9.368611,11.22334,False,6,"[0.0487626, 0.08105, 0.5359556]","[0.2333297, 0.2806256, 1.414238]"
1235,1235,99,20.72670000000005,4.33096,9.617557,6.011624578844207,12.52109366458592,8.787091,11.96747,False,6,"[0.0525956, 0.0778912, 0.5357705]","[0.2177023, 0.2985228, 1.40837]"
1236,1236,99,20.74350000000004,3.031625,10.84807,5.383212679657928,13.89609758589516,8.198227,12.81352,False,6,"[0.048924, 0.0505643, 0.5320032]","[0.2020833, 0.3190264, 1.402668]"
1237,1237,99,20.760200000000054,3.162087,11.12667,5.541589594311775,14.15327299462389,7.639162,13.13403,False,6,"[0.0496696, 0.0539644, 0.5313129]","[0.187789, 0.3266931, 1.400113]"
1238,1238,99,20.77679999999998,2.324535,11.28271,4.985557885654438,14.413410435250839,7.087624,12.98206,False,6,"[0.0551136, 0.0714467, 0.5316151]","[0.1740561, 0.3227241, 1.399871]"
1239,1239,99,20.793600000000083,2.341533,11.22128,4.983038420648137,14.350869878192185,6.47539,12.93842,False,6,"[0.0553596, 0.072812, 0.5314578]","[0.158786, 0.3213988, 1.398989]"
1240,1240,99,20.810299999999984,1.22431,11.33855,4.2198090947368225,14.608559963742561,6.042594,13.12914,False,6,"[0.0411749, 0.0886021, 0.5330393]","[0.1479101, 0.325906, 1.397278]"
1241,1241,99,20.826900000000023,1.178457,11.37457,4.19587842686405,14.649806337922463,5.997431,13.29847,False,6,"[0.0403381, 0.0902554, 0.5326295]","[0.146556, 0.3297219, 1.394989]"
1242,1242,99,20.843500000000063,0.1175609,10.17274,3.1600007775258017,13.603902783043381,5.818065,13.323,False,6,"[0.0282564, 0.1022403, 0.5335302]","[0.1419911, 0.3300017, 1.393506]"
1243,1243,99,20.860300000000052,0.1714343,10.16411,3.19609942662602,13.58855278293423,5.521801,12.87361,False,6,"[0.0294451, 0.1048265, 0.5329915]","[0.1348741, 0.3188573, 1.395156]"
1244,1244,99,20.876899999999978,-0.451701,9.639465,2.6306067198295056,13.152376102403363,4.717856,12.49054,False,6,"[0.0216287, 0.1063002, 0.5328175]","[0.1153008, 0.3094874, 1.397099]"
1245,1245,99,20.893400000000042,-0.568644,9.691773,2.560202123518171,13.218693744056491,4.193852,12.16003,False,6,"[0.0217841, 0.1056922, 0.5327457]","[0.1025738, 0.3014195, 1.398844]"
1246,1246,99,20.91039999999998,-1.265658,8.949803,1.890912103099515,12.57834884720394,3.961436,11.94351,False,6,"[0.0113858, 0.1068277, 0.532755]","[0.0969352, 0.2960894, 1.399776]"
1247,1247,99,20.926699999999983,-1.213525,9.023638,1.9453166006386136,12.644267394309175,3.793216,11.58848,False,6,"[0.010964, 0.1072225, 0.5329854]","[0.0928583, 0.2871996, 1.400556]"
1248,1248,99,20.94360000000006,-1.846319,8.279665,1.321020911771777,11.99376640840162,3.460372,11.57937,False,6,"[0.0010921, 0.0955086, 0.5322675]","[0.0846751, 0.2869187, 1.400319]"
1249,1249,99,20.960000000000036,-1.934212,8.399355,1.2871487595612816,12.12260348313307,3.129599,11.37763,False,6,"[0.0015931, 0.0954538, 0.5324233]","[0.0765754, 0.2818264, 1.400525]"
1250,1250,99,20.976999999999975,-2.162031,7.787671,0.9809251919176132,11.550485127909353,2.716438,11.09805,False,6,"[-0.0041921, 0.0903134, 0.5317369]","[0.0664833, 0.274861, 1.401231]"
1251,1251,99,20.99350000000004,-2.341288,7.689719,0.8308007195083482,11.477071675181687,2.419909,10.85737,False,6,"[-0.0052736, 0.0907462, 0.5313467]","[0.05927, 0.2689954, 1.402492]"
1252,1252,99,21.01049999999998,-3.259542,6.413208,-0.12177765689846964,10.339585847638999,2.067166,10.68044,False,6,"[-0.0117253, 0.0835797, 0.5307103]","[0.0506232, 0.2645129, 1.402519]"
1253,1253,99,21.026700000000005,-3.343783,6.311677,-0.205477081025494,10.250541166873855,1.69702,10.39721,False,6,"[-0.0112412, 0.0842738, 0.5306667]","[0.0415945, 0.2575979, 1.403925]"
1254,1254,99,21.04340000000002,-4.242136,5.668706,-0.9938632553965518,9.733161678126258,1.378743,10.24273,False,6,"[-0.0170838, 0.077122, 0.5299689]","[0.0337955, 0.2537283, 1.404153]"
1255,1255,99,21.060299999999984,-4.240799,5.734601,-0.9773044131809527,9.797752873650413,1.069728,9.859137,False,6,"[-0.017893, 0.0782325, 0.5298308]","[0.0262502, 0.2443226, 1.405824]"
1256,1256,99,21.07740000000001,-4.935179,5.184359,-1.5993042139856137,9.345502576124975,0.6237129,9.411574,False,6,"[-0.0199913, 0.0724214, 0.5295365]","[0.0153151, 0.23319, 1.406823]"
1257,1257,99,21.093399999999974,-4.984234,5.171574,-1.6370651158526517,9.339191591479509,0.3028333,9.28851,False,6,"[-0.0216363, 0.0714522, 0.529187]","[0.0074431, 0.2303126, 1.408206]"
1258,1258,99,21.110300000000052,-5.612803,4.318264,-2.2842741813734277,8.580695471099961,-0.01297876,9.184335,False,6,"[-0.0300782, 0.0593637, 0.5281402]","[-0.0003191, 0.2277798, 1.408795]"
1259,1259,99,21.126800000000003,-5.712398,4.417643,-2.3312437551940244,8.691062792663812,-0.2397322,9.017941,False,6,"[-0.0308575, 0.0584165, 0.5281429]","[-0.0059009, 0.2238215, 1.410295]"
1260,1260,99,21.14370000000008,-6.192901,4.091884,-2.748629059678726,8.432166929085204,-0.4535953,8.879441,False,6,"[-0.0391293, 0.0523634, 0.5275285]","[-0.0111666, 0.2203555, 1.410471]"
1261,1261,99,21.160300000000007,-6.307291,4.014064,-2.8480567615313483,8.370269193531513,-0.7181736,8.660653,False,6,"[-0.0390985, 0.0529511, 0.5272795]","[-0.0176982, 0.2150563, 1.411883]"
1262,1262,99,21.17700000000002,-7.179597,3.450955,-3.599079835401696,7.928057349264787,-1.009203,8.627492,False,6,"[-0.0454991, 0.0478087, 0.5269224]","[-0.0248724, 0.214229, 1.411941]"
1263,1263,99,21.193399999999997,-7.258377,3.627027,-3.6131414748122,8.11114485826731,-1.194016,8.532285,False,6,"[-0.0459394, 0.0476753, 0.5267588]","[-0.0294626, 0.2120751, 1.413579]"
1264,1264,99,21.210500000000025,-7.892051,3.711634,-4.041748277333913,8.27508507268923,-1.446845,8.540121,False,6,"[-0.0516857, 0.0397128, 0.5259211]","[-0.0357237, 0.2123923, 1.414374]"
1265,1265,99,21.227600000000052,-7.934126,3.797559,-4.051180274712588,8.364896451049958,-1.804133,8.479941,False,6,"[-0.0525552, 0.0405889, 0.525385]","[-0.0446081, 0.2111455, 1.416199]"
1266,1266,99,21.243900000000053,-8.121058,3.005009,-4.371306938035366,7.609810096377722,-2.057527,8.395373,False,6,"[-0.0569531, 0.0375482, 0.5248675]","[-0.0509291, 0.2092175, 1.41761]"
1267,1267,99,21.260700000000043,-8.139131,2.786184,-4.435948219410032,7.397052896084455,-2.186605,8.33441,False,6,"[-0.0579679, 0.0368028, 0.5244544]","[-0.0542353, 0.2080913, 1.420442]"
1268,1268,99,21.277300000000082,-8.247818,2.921103,-4.480934748430478,7.543508112358225,-2.12747,8.335949,False,6,"[-0.0659218, 0.0315582, 0.5233232]","[-0.0528648, 0.2085155, 1.42307]"
1269,1269,99,21.293900000000008,-8.292726,2.949978,-4.505889174136551,7.577611895523761,-1.956804,8.306061,False,6,"[-0.0666054, 0.0331489, 0.5229505]","[-0.0487386, 0.2082614, 1.426524]"
1270,1270,99,21.31090000000006,-8.086187,2.635068,-4.434266205012112,7.241786045972072,-2.083035,8.213559,False,6,"[-0.0724985, 0.0339276, 0.5230014]","[-0.0519977, 0.206356, 1.429615]"
1271,1271,99,21.327600000000075,-8.176902,2.635228,-4.498456118513424,7.253508735109293,-1.989577,7.982694,False,6,"[-0.0728348, 0.0346891, 0.5226054]","[-0.0498236, 0.2011276, 1.43424]"
1272,1272,99,21.343900000000076,-8.110564,2.188121,-4.557418806715459,6.805634093341685,-2.104889,7.900871,False,6,"[-0.0743739, 0.0273609, 0.5212052]","[-0.0528716, 0.1996356, 1.438535]"
1273,1273,99,21.360500000000002,-8.417456,2.087326,-4.79858469251003,6.7456989856045935,-1.907613,7.852781,False,6,"[-0.0745184, 0.0253573, 0.5210421]","[-0.0480747, 0.1990768, 1.443406]"
1274,1274,99,21.377500000000055,-8.264015,1.911228,-4.731667906989074,6.553067240078359,-1.666084,7.862997,False,6,"[-0.0755133, 0.0265824, 0.5209461]","[-0.0421145, 0.1999581, 1.447888]"
1275,1275,99,21.39370000000008,-8.236699,1.915174,-4.711392787682118,6.553462798906258,-1.560863,7.697006,False,6,"[-0.0758991, 0.0268346, 0.520732]","[-0.0396038, 0.1964308, 1.453406]"
1276,1276,99,21.41039999999998,-8.342424,1.759673,-4.823090146105296,6.414115403278958,-1.582626,7.490404,False,6,"[-0.073944, 0.023953, 0.520457]","[-0.040295, 0.1917573, 1.458429]"
1277,1277,99,21.427200000000084,-8.125364,2.10284,-4.5881027333094035,6.723706748795536,-1.427381,7.345659,False,6,"[-0.0747209, 0.023934, 0.5200123]","[-0.0364896, 0.1887814, 1.464409]"
1278,1278,99,21.44380000000001,-7.494866,2.188661,-4.1213658123288335,6.7276682074971745,-1.36554,7.299025,False,6,"[-0.0740959, 0.019866, 0.5199377]","[-0.035035, 0.1882518, 1.469734]"
1279,1279,99,21.460500000000025,-7.689088,2.056695,-4.290144561575743,6.622733690103539,-0.9902759,7.264939,False,6,"[-0.076811, 0.0189184, 0.5190687]","[-0.0255179, 0.1881977, 1.47628]"
1280,1280,99,21.477100000000064,-7.969417,1.759158,-4.559116621229968,6.366053835019295,-0.792747,7.149486,False,6,"[-0.0753357, 0.0173084, 0.5186875]","[-0.0205016, 0.1858496, 1.481655]"
1281,1281,99,21.49380000000008,-7.779993,1.938394,-4.382535460266653,6.518057048531965,-0.7719322,7.049334,False,6,"[-0.0750472, 0.0173359, 0.5184393]","[-0.0200541, 0.1840542, 1.488405]"
1282,1282,99,21.512100000000032,-6.777322,1.641874,-3.742879914373826,6.098804405731782,-0.5153449,7.213505,False,6,"[-0.0758755, 0.0158962, 0.5174253]","[-0.0134456, 0.1891989, 1.49483]"
1283,1283,99,21.528400000000033,-6.870762,1.595459,-3.8200339930145892,6.0651005679072565,-0.05167347,6.665584,False,6,"[-0.0739918, 0.0190291, 0.5182489]","[-0.0013556, 0.1756525, 1.503049]"
1284,1284,99,21.545900000000074,-5.613074,2.11175,-2.8072460490044566,6.412166508837532,0.006316441,6.617145,False,6,"[-0.0681333, 0.0197924, 0.5178823]","[0.0001664, 0.1750866, 1.509273]"
1285,1285,99,21.562400000000025,-6.70159,2.208502,-3.5550115547144987,6.646031575355831,0.411678,6.513911,False,6,"[-0.0699211, 0.0185982, 0.5178906]","[0.0108963, 0.1731539, 1.516479]"
1286,1286,99,21.579799999999977,-5.167351,2.198272,-2.471167005371716,6.440374253778354,1.061613,6.741317,False,6,"[-0.072474, 0.0158995, 0.5176843]","[0.0282137, 0.1799694, 1.52253]"
1287,1287,99,21.596700000000055,-5.12822,2.140386,-2.457176250733126,6.378494960943103,1.488046,6.618114,False,6,"[-0.070828, 0.017545, 0.5184033]","[0.0397126, 0.1773725, 1.528753]"
1288,1288,99,21.613000000000056,-3.580678,2.778034,-1.2104139583740188,6.807876567179528,1.725055,6.738215,False,6,"[-0.0615814, 0.0148531, 0.5181815]","[0.0462194, 0.1813192, 1.534663]"
1289,1289,99,21.62970000000007,-3.593002,2.824265,-1.2081862533923866,6.8548836385112395,2.285825,6.901285,False,6,"[-0.0624743, 0.0144413, 0.5184783]","[0.0614665, 0.1863814, 1.539883]"
1290,1290,99,21.64670000000001,-1.681052,2.573807,0.08616815242573317,6.364974920925738,2.876891,6.877429,False,6,"[-0.0510427, 0.0191505, 0.5193533]","[0.0776779, 0.1864352, 1.545722]"
1291,1291,99,21.670900000000074,-1.40148,2.568301,0.2828055512139013,6.3239204137442115,3.648035,6.662356,False,6,"[-0.0609038, 0.0199891, 0.5183254]","[0.0988308, 0.1810662, 1.550132]"
1292,1292,99,21.679700000000025,0.3617654,2.394164,1.4899568853017078,5.927978682510556,4.405123,6.644715,False,6,"[-0.0470462, 0.0199697, 0.5202348]","[0.1196826, 0.1809862, 1.553598]"
1293,1293,99,21.69659999999999,0.6222246,2.274241,1.6459537501603378,5.7769117971702535,5.264396,6.641863,False,6,"[-0.0467328, 0.019462, 0.5207344]","[0.1434083, 0.1812352, 1.556409]"
1294,1294,99,21.713100000000054,2.296633,2.38068,2.8566826003517125,5.668046367225513,5.860573,6.620049,False,6,"[-0.0326462, 0.0253151, 0.5217037]","[0.1600608, 0.1809782, 1.55937]"
1295,1295,99,21.72969999999998,2.411001,2.236798,2.9035678121333204,5.5120580259238885,6.727623,6.541173,False,6,"[-0.0327852, 0.0257578, 0.5221235]","[0.1841694, 0.17902, 1.561263]"
1296,1296,99,21.747400000000084,3.638616,2.151349,3.7524958375170483,5.271567539546532,7.314607,6.47729,False,6,"[-0.0153234, 0.0234703, 0.5221226]","[0.2007384, 0.1775497, 1.563845]"
1297,1297,99,21.764800000000037,3.577209,2.161161,3.7113433128492046,5.289039684171525,7.893821,6.339909,False,6,"[-0.0127897, 0.023449, 0.52277]","[0.2170501, 0.1739295, 1.565436]"
1298,1298,99,21.781200000000013,3.989627,1.922167,3.9467187044766563,5.0015761977642965,8.090212,6.346609,False,6,"[0.0032999, 0.021851, 0.522622]","[0.2229191, 0.1744258, 1.568232]"
1299,1299,99,21.797900000000027,4.06936,1.930086,4.00504729125759,4.99919367317262,8.393001,6.325595,False,6,"[0.005679, 0.0207669, 0.5229137]","[0.2316196, 0.1740231, 1.569852]"
1300,1300,99,21.814399999999978,4.212251,2.086734,4.143330587707186,5.134929971796413,8.375806,6.327691,False,6,"[0.020975, 0.0217435, 0.5229989]","[0.2316136, 0.1744393, 1.57308]"
1301,1301,99,21.831300000000056,4.205982,2.060364,4.132644292871507,5.1098127648730065,8.315177,6.347303,False,6,"[0.0220232, 0.0204303, 0.5230576]","[0.230255, 0.1752445, 1.575419]"
1302,1302,99,21.847600000000057,4.296172,2.412205,4.279860599706192,5.4441038396724455,8.485233,6.42636,False,6,"[0.0332608, 0.0196484, 0.5230395]","[0.2353664, 0.1776973, 1.577655]"
1303,1303,99,21.86480000000006,4.318935,2.387272,4.290069935755668,5.416697568258286,8.506811,6.578829,False,6,"[0.0327087, 0.0197446, 0.523211]","[0.2361553, 0.1820901, 1.578868]"
1304,1304,99,21.880999999999972,4.436731,2.377318,4.371113224544433,5.391896716906867,8.578266,6.683846,False,6,"[0.0364961, 0.0175617, 0.5232798]","[0.2384632, 0.1852518, 1.58082]"
1305,1305,99,21.89790000000005,4.395375,2.414276,4.350588748426581,5.433491626412714,8.593943,6.799814,False,6,"[0.0372428, 0.0176411, 0.5234897]","[0.2389686, 0.1885458, 1.581237]"
1306,1306,99,21.91470000000004,4.20046,2.487714,4.22998484067584,5.530516656813899,8.543158,6.812987,False,6,"[0.0385902, 0.0190915, 0.523965]","[0.2379253, 0.1892248, 1.583833]"
1307,1307,99,21.93100000000004,4.128818,2.537594,4.191078896445438,5.588672541146048,8.47677,6.918781,False,6,"[0.0385315, 0.0188495, 0.5239506]","[0.236095, 0.1922291, 1.584142]"
1308,1308,99,21.94760000000008,4.005239,2.287473,4.044322675884565,5.35860878590875,8.315666,6.857264,False,6,"[0.0394021, 0.022095, 0.5244997]","[0.2318407, 0.1907478, 1.586174]"
1309,1309,99,21.964800000000082,4.014452,2.183704,4.026260093898971,5.255449955427295,8.158859,6.900595,False,6,"[0.0396188, 0.0218703, 0.5245944]","[0.2274466, 0.1919969, 1.586439]"
1310,1310,99,21.98090000000002,3.645168,2.080471,3.7403419455499973,5.201073263357167,8.06965,6.905378,False,6,"[0.0407355, 0.021796, 0.5250049]","[0.2251675, 0.1923372, 1.588139]"
1311,1311,99,21.998199999999997,3.661125,2.058845,3.7465160269068907,5.1777848247416225,7.803786,6.849145,False,6,"[0.0403393, 0.022127, 0.5248097]","[0.217681, 0.1907787, 1.58833]"
1312,1312,99,22.014800000000037,3.349337,2.071246,3.528702734407025,5.229723026556691,7.706257,6.840857,False,6,"[0.0386076, 0.0228387, 0.525678]","[0.215003, 0.1906128, 1.588889]"
1313,1313,99,22.031299999999987,3.293069,2.111275,3.4983478980026788,5.276237278426287,7.620377,6.857223,False,6,"[0.0379521, 0.0233004, 0.5257508]","[0.2124277, 0.1909379, 1.587764]"
1314,1314,99,22.048200000000065,2.889536,2.279327,3.25245525635024,5.492846150453932,7.382123,6.83427,False,6,"[0.0368518, 0.0210237, 0.5263131]","[0.2056969, 0.1902798, 1.587657]"
1315,1315,99,22.06529999999998,2.805912,2.333839,3.206163284667254,5.557081977351695,7.209081,6.862687,False,6,"[0.0369247, 0.0200624, 0.5261407]","[0.2006311, 0.1908957, 1.586137]"
1316,1316,99,22.08159999999998,-0.2893121,1.741619,0.874377803536377,5.3696642002066834,7.050949,6.880606,False,6,"[0.0335597, 0.0191367, 0.5267891]","[0.196106, 0.1913218, 1.585498]"
1317,1317,99,22.098600000000033,-0.3367717,1.720554,0.8357847277875405,5.355012224920568,6.822972,6.951736,False,6,"[0.033696, 0.0189314, 0.5266161]","[0.1894428, 0.193053, 1.583316]"
1318,1318,99,22.115300000000047,-2.761979,1.729604,-0.8791606808699886,5.673101213859561,6.732403,7.002956,False,6,"[0.0308734, 0.0190788, 0.5275369]","[0.1866608, 0.1942359, 1.58125]"
1319,1319,99,22.132000000000062,-2.793947,1.784037,-0.8888980096731622,5.730673670332709,6.612619,7.036573,False,6,"[0.0303492, 0.0194451, 0.5274615]","[0.1829652, 0.1948108, 1.578278]"
1320,1320,99,22.148300000000063,-7.238266,0.3831173,-4.3674682857990454,4.920464128810634,6.554112,7.006237,False,6,"[0.0266758, 0.0210357, 0.5284975]","[0.1809795, 0.1935854, 1.575209]"
1321,1321,99,22.165300000000002,-7.250892,0.3455511,-4.38530811700646,4.885153755586441,6.395179,7.025662,False,6,"[0.0258858, 0.0215254, 0.5281557]","[0.1761751, 0.1937111, 1.57183]"
1322,1322,99,22.18240000000003,-7.1948,0.4258232,-4.326575462793101,4.956893948090213,6.384432,6.962667,False,6,"[-0.0026588, 0.0160101, 0.5265391]","[0.1753497, 0.1913818, 1.567121]"
1323,1323,99,22.199600000000032,-7.054117,0.5404296,-4.1998162071384,5.051593235075627,6.357427,7.035612,False,6,"[-0.003092, 0.0158014, 0.5260417]","[0.1740614, 0.1928084, 1.56227]"
1324,1324,99,22.216300000000047,-7.356917,0.6777353,-4.381672696629279,5.225141965468256,6.403476,7.098025,False,6,"[-0.0254174, 0.0159094, 0.5268619]","[0.1747833, 0.1939268, 1.557375]"
1325,1325,99,22.232600000000048,-7.756812,0.4202765,-4.725804037500921,5.023094707625976,6.467416,7.125128,False,6,"[-0.0256813, 0.0163908, 0.5262324]","[0.1759385, 0.1940081, 1.55204]"
1326,1326,99,22.2509,-7.674616,-0.001126725,-4.767449095429297,4.598459985146074,6.615494,7.126276,False,6,"[-0.0671535, 0.0035355, 0.5287348]","[0.179397, 0.193387, 1.54682]"
1327,1327,99,22.267900000000054,-7.899286,-0.4091325,-5.02318649828865,4.226115260388449,6.613733,7.221154,False,6,"[-0.0671104, 0.0031812, 0.5274655]","[0.1787021, 0.1952822, 1.541241]"
1328,1328,99,22.283999999999992,-7.88124,-0.5127649,-5.034962796264782,4.121964543233863,6.662723,7.213471,False,6,"[-0.0667694, 0.003931, 0.5289202]","[0.1794239, 0.1944071, 1.535986]"
1329,1329,99,22.30079999999998,-8.061295,-0.4761907,-5.153779545292691,4.180865273227274,6.38482,7.034304,False,6,"[-0.065333, 0.0049801, 0.5279711]","[0.1713434, 0.1889412, 1.531223]"
1330,1330,99,22.31720000000007,-8.146544,-0.3376283,-5.181308341207747,4.3279130669933625,6.362569,7.141337,False,6,"[-0.068295, 0.0062572, 0.5289559]","[0.170229, 0.1912702, 1.526628]"
1331,1331,99,22.334400000000073,-8.169403,0.04591116,-5.106622540753564,4.707770258994415,6.23791,6.820005,False,6,"[-0.0723254, 0.0038948, 0.5309642]","[0.1663421, 0.1820057, 1.521827]"
1332,1332,99,22.35080000000005,-8.784562,0.4466193,-5.447227895206877,5.180014381100262,6.292624,7.154709,False,6,"[-0.0711067, -1.04e-05, 0.527677]","[0.167274, 0.1904159, 1.516939]"
1333,1333,99,22.367700000000013,-9.003807,0.04450366,-5.697728777604405,4.812766840813511,6.547249,7.506333,False,6,"[-0.0729761, -0.0037558, 0.5259585]","[0.1733218, 0.1989852, 1.510153]"
1334,1334,99,22.38409999999999,-5.459605,1.443171,-2.8569908716208614,5.73552052002262,6.702271,7.893475,True,6,"[-0.0729937, -0.0047192, 0.5273056]","[0.1768061, 0.2086008, 1.504564]"
1335,1335,99,22.400800000000004,-5.499571,1.249771,-2.9311089462133424,5.550542211009177,6.629631,8.153289,True,6,"[-0.0744241, -0.0043674, 0.5254757]","[0.1743006, 0.214854, 1.499643]"
1336,1336,99,22.417599999999993,2.754331,5.388532,3.8933784705729666,8.56581257555048,6.662882,8.094067,True,6,"[-0.0753973, -0.0031037, 0.5267017]","[0.1748196, 0.2128302, 1.496534]"
1337,1337,5,22.434399999999982,2.714841,5.236122,3.82930899907228,8.42105858118012,6.399752,7.636862,True,6,"[-0.0754351, 0.0004211, 0.5254707]","[0.1675785, 0.2003278, 1.494054]"
1338,1338,5,22.450699999999983,1.138075,8.448917,3.4741247126968435,11.779620893668053,6.153051,7.241091,True,6,"[-0.0814292, 0.0041076, 0.5269395]","[0.1609434, 0.1896852, 1.492902]"
1339,1339,5,22.467399999999998,0.9178781,8.348472,3.2944234123650182,11.708976830431677,6.15279,7.137078,True,6,"[-0.0831756, 0.0004077, 0.5249244]","[0.160419, 0.1863309, 1.488101]"
1340,1340,5,22.4846,1.461318,2.281188,2.2416926152235694,5.676761578646801,6.385947,6.801531,True,6,"[-0.0504122, 0.0132882, 0.5274481]","[0.1660865, 0.1769942, 1.48398]"
1341,1341,5,22.501500000000078,1.194781,2.322111,2.062675426031792,5.750962079532325,6.342083,6.598927,True,6,"[-0.050594, 0.0114639, 0.5254801]","[0.164437, 0.1711545, 1.479488]"
1342,1342,5,22.51819999999998,0.3392934,2.647578,1.5340866157641264,6.179899141391925,6.188274,6.588616,False,6,"[0.0255311, 0.0500579, 0.5306905]","[0.1599731, 0.1704114, 1.47539]"
1343,1343,5,22.534700000000043,0.3610725,2.571383,1.5314540452016305,6.10223797971366,6.201215,6.558968,False,6,"[0.0250739, 0.0484589, 0.5287796]","[0.159787, 0.1690841, 1.470574]"
1344,1344,5,22.551300000000083,0.3157443,2.566694,1.4982499344438147,6.103408612207879,6.113447,6.626621,True,6,"[0.0105984, 0.0792459, 0.5335003]","[0.1569944, 0.1702865, 1.465778]"
1345,1345,5,22.568300000000022,0.2160179,2.465204,1.4035962876696773,6.016378491612966,6.166991,6.693099,True,6,"[0.0085138, 0.0779826, 0.5314034]","[0.1578293, 0.1714122, 1.460681]"
1346,1346,5,22.584500000000048,0.3061085,2.635879,1.507819326261905,6.1726321667792465,6.320294,6.679798,False,6,"[0.0134764, 0.0210439, 0.5282719]","[0.161213, 0.1704643, 1.455522]"
1347,1347,5,22.60170000000005,0.2013595,2.602927,1.4258480073910509,6.153601582389955,6.494195,6.583619,False,6,"[0.0110631, 0.0215104, 0.5304565]","[0.1651085, 0.167402, 1.450445]"
1348,1348,5,22.61850000000004,-0.008638748,2.330167,1.2125416713058228,5.912305968824178,6.51241,6.509834,True,6,"[0.003131, 0.0244488, 0.5287147]","[0.1649901, 0.1649242, 1.445316]"
1349,1349,5,22.635400000000004,-0.1435945,2.116557,1.066380905698453,5.719575695489281,6.412166,6.375118,True,6,"[0.0033199, 0.023658, 0.5267957]","[0.1619557, 0.1610121, 1.441105]"
1350,1350,5,22.65179999999998,0.01050888,1.839408,1.1098250835094712,5.4275465078402165,6.36981,6.173609,True,6,"[0.0029131, 0.0236963, 0.5286138]","[0.1603643, 0.1553858, 1.436513]"
1351,1351,5,22.668600000000083,-0.1152631,1.592702,0.9623252958428762,5.201118604515882,6.249532,5.911523,True,6,"[0.0019861, 0.0226795, 0.5267875]","[0.1569166, 0.1483674, 1.432904]"
1352,1352,5,22.68520000000001,-0.1035537,1.078429,0.8487712390991013,4.69419788269005,6.177564,5.550166,True,6,"[0.0028256, 0.024348, 0.5288764]","[0.1545886, 0.1387843, 1.428221]"
1353,1353,5,22.701700000000073,-0.3526573,0.8223947,0.6117403724683184,4.474325920226261,6.215682,5.206331,True,6,"[0.0018519, 0.0239553, 0.5269424]","[0.1551191, 0.1297769, 1.424265]"
1354,1354,5,22.7192,0.9062492,-0.08431033,1.2882466275584137,3.4227150120106105,6.125401,4.833372,True,6,"[-7.97e-05, 0.0215154, 0.5287443]","[0.1522943, 0.1199975, 1.419099]"
1355,1355,5,22.735500000000002,0.7604457,-0.3196542,1.1292561512905404,3.2100076775344446,6.018469,4.531569,True,6,"[-0.0013201, 0.0194672, 0.5267426]","[0.1491813, 0.1121457, 1.414978]"
1356,1356,5,22.751800000000003,0.497775,-0.4999528,0.9005632762103635,3.0662985116973265,6.03578,4.361991,True,6,"[9.69e-05, 0.0169748, 0.5285674]","[0.1490629, 0.1075351, 1.409769]"
1357,1357,5,22.768500000000017,0.2149816,-0.6637126,0.6615416419259881,2.9414091743536295,5.938282,4.270488,True,6,"[-0.0010596, 0.0146452, 0.5267086]","[0.1461876, 0.1049479, 1.405444]"
1358,1358,5,22.78570000000002,0.241261,-0.8125231,0.6448908810736732,2.7918076956951836,5.92018,4.10337,False,6,"[-0.0009537, 0.0099332, 0.5276793]","[0.1451859, 0.1004441, 1.400112]"
1359,1359,5,22.802700000000073,0.3195521,-0.5396079,0.7649830018915658,3.050047453805652,6.018215,4.018785,False,6,"[-0.0032353, 0.0075451, 0.5256252]","[0.1470844, 0.0980179, 1.395148]"
1360,1360,5,22.81880000000001,0.8036922,-0.4507832,1.1288075995343458,3.07562041921685,6.080064,3.982866,True,6,"[0.0083336, -0.0007752, 0.5268308]","[0.1480924, 0.0968024, 1.390314]"
1361,1361,5,22.835900000000038,0.7861431,-0.2412353,1.1660298212621756,3.283801613538917,6.09372,3.985866,True,6,"[0.0069632, -0.0029269, 0.5246133]","[0.1479391, 0.0965568, 1.385739]"
1362,1362,5,22.852300000000014,1.134,0.1475182,1.5044243644671549,3.6215198388540073,6.120761,4.098804,False,6,"[0.0045705, -0.0045905, 0.5260633]","[0.1481088, 0.0989733, 1.381153]"
1363,1363,5,22.874900000000025,0.7687468,-0.376339,1.1217033876273,3.1532394919581885,6.101374,4.121211,True,6,"[0.0019776, -0.0061057, 0.5270554]","[0.1471714, 0.099203, 1.376805]"
1364,1364,5,22.88990000000001,0.7412692,0.2176854,1.2429884410134813,3.7405502659419723,6.069187,4.165998,True,6,"[0.0022217, -0.0074829, 0.5276245]","[0.1459225, 0.0999651, 1.372416]"
1365,1365,5,22.910000000000082,0.02569614,-0.4915043,0.5683247757635245,3.1347880035529694,6.072852,4.117469,True,6,"[0.0029365, -0.0049588, 0.526512]","[0.1455554, 0.0984882, 1.368131]"
1366,1366,5,22.919500000000085,0.2490811,-0.4569586,0.7346700374713716,3.140259736060912,6.079852,4.026262,True,6,"[0.0073684, -0.0041327, 0.5252651]","[0.1453397, 0.096045, 1.364519]"
1367,1367,5,22.93730000000005,0.03553975,-0.3005664,0.6205323315082194,3.321186924108385,5.887261,3.82457,True,6,"[0.0071767, -0.0022021, 0.5230179]","[0.1403721, 0.0910047, 1.361313]"
1368,1368,5,22.95270000000005,-0.736047,-0.3647258,0.05903427545933526,3.3565021946533022,5.495987,3.389553,True,6,"[0.0103909, 0.0013515, 0.5249377]","[0.1306994, 0.0804531, 1.358362]"
1369,1369,5,22.96950000000004,-0.5360572,-0.5454323,0.15781656088354212,3.1534066102950087,5.341969,3.317061,True,6,"[0.0070251, -0.003439, 0.5235564]","[0.1267159, 0.0785431, 1.355163]"
1370,1370,5,22.986200000000053,-0.2409525,-0.8750932,0.28865074116706696,2.791792143470131,5.475566,3.428114,True,6,"[0.006799, 0.0019965, 0.52549]","[0.1294277, 0.0808811, 1.350193]"
1371,1371,5,23.00630000000001,-0.375643,-1.198724,0.11661101757917236,2.4908995329191352,5.386788,3.140698,True,6,"[0.0002361, -0.0045154, 0.5263624]","[0.1270295, 0.0739186, 1.347147]"
1372,1372,5,23.019499999999994,0.06262325,-1.094206,0.45167426644171016,2.5377444356492176,5.388379,3.522432,True,6,"[0.0022825, -0.0041874, 0.5250302]","[0.1266412, 0.0826464, 1.34263]"
1373,1373,5,23.036299999999983,-0.110942,-0.9089404,0.37268119716567605,2.7419517867321495,5.598265,3.485439,True,6,"[0.0003252, -0.0027503, 0.5242792]","[0.1312065, 0.0815287, 1.338565]"
1374,1374,5,23.056500000000028,0.5110203,-1.006882,0.7898365991415612,2.5663994666469354,5.555292,3.479985,False,6,"[-0.0067751, -0.003357, 0.5273583]","[0.1296942, 0.0810889, 1.333436]"
1375,1375,5,23.070400000000063,0.2241993,-1.079066,0.5696600184808209,2.532024376981136,5.824935,3.438383,False,6,"[-0.0049126, -0.0049986, 0.5250663]","[0.1356028, 0.0798645, 1.329231]"
1376,1376,5,23.086700000000064,0.5977847,-0.8037469,0.8993952631001414,2.7549790149914726,5.945394,3.372938,False,6,"[-0.0022112, -0.0080314, 0.5258055]","[0.1378448, 0.0780113, 1.323639]"
1377,1377,5,23.10329999999999,0.5881618,-0.6492199,0.9291935061090206,2.9080751025970275,6.030384,3.520263,False,6,"[-0.0034422, -0.0109858, 0.5250168]","[0.1394028, 0.0811785, 1.319597]"
1378,1378,5,23.12080000000003,0.4873899,-0.6221317,0.8642631139571597,2.9475450204173255,5.919458,3.744568,False,6,"[0.0005748, -0.0100446, 0.5258982]","[0.1363665, 0.086079, 1.315223]"
1379,1379,5,23.141700000000014,0.6702713,-0.6898525,0.977701572373361,2.8576730464953597,5.841845,3.944646,False,6,"[-0.0010229, -0.0083815, 0.5282919]","[0.1341342, 0.0904016, 1.311002]"
1380,1380,5,23.153999999999996,0.5126491,-0.712707,0.860687452206473,2.855307204703157,5.850098,3.967492,False,6,"[0.0046934, -0.0092484, 0.5262172]","[0.1338428, 0.0906004, 1.306296]"
1381,1381,5,23.170799999999986,0.06396575,-0.4353434,0.6087262989347556,3.1851039047020184,5.838148,4.067104,False,6,"[0.0020555, -0.0098943, 0.5253019]","[0.1330913, 0.0925515, 1.301639]"
1382,1382,5,23.187400000000025,0.3263464,-0.2181417,0.8459571083145594,3.3651184422674456,5.683034,4.137826,False,6,"[0.0054943, -0.0073875, 0.526589]","[0.1290538, 0.0938191, 1.296838]"
1383,1383,5,23.204799999999977,0.421487,0.5092072,1.0856460199819296,4.067827783421223,5.650511,4.383368,False,6,"[0.0054131, -0.0059751, 0.5272971]","[0.1278472, 0.0990487, 1.292156]"
1384,1384,5,23.221900000000005,0.4050673,0.6196904,1.1001968980319967,4.178504131323142,5.472906,4.587997,False,6,"[0.0044836, -0.0057232, 0.5270642]","[0.123267, 0.1032424, 1.286553]"
1385,1385,5,23.23829999999998,0.2831122,1.017432,1.1080857628300391,4.584953161132572,5.438871,4.74185,False,6,"[0.0061655, -0.0063456, 0.5270123]","[0.1220102, 0.106297, 1.281453]"
1386,1386,5,23.254599999999982,0.1102848,1.097259,1.0046339844949292,4.685441311898989,5.314183,5.073775,False,6,"[0.0047148, -0.0065548, 0.5269267]","[0.1187035, 0.1133047, 1.276151]"
1387,1387,5,23.27120000000002,-0.1241549,1.475478,0.9282563597769644,5.087044408570706,5.274278,5.240789,True,6,"[0.0005874, -0.0039981, 0.5261792]","[0.117342, 0.1165928, 1.271112]"
1388,1388,5,23.288099999999986,0.2028542,1.657412,1.202889426365508,5.224158212375951,5.245886,5.514129,True,6,"[0.0030034, -0.0020076, 0.5272966]","[0.1161919, 0.1221692, 1.265504]"
1389,1389,5,23.30510000000004,0.1718714,1.850919,1.2267998489745582,5.4182870887940355,5.278184,5.697791,True,6,"[0.0038842, 0.0046927, 0.5280015]","[0.1164315, 0.1257466, 1.260311]"
1390,1390,5,23.321900000000028,0.209636,1.71275,1.2208020579189376,5.277679812171513,5.27068,5.812781,True,6,"[0.0037315, 0.0057087, 0.527797]","[0.1157212, 0.1277016, 1.254415]"
1391,1391,5,23.339200000000005,0.4393736,1.701119,1.380704651406067,5.236959140334493,5.282387,5.93311,True,6,"[0.0026138, 0.0093942, 0.5289688]","[0.1154945, 0.1298186, 1.249168]"
1392,1392,5,23.35480000000007,0.2382448,1.620798,1.2192717964206559,5.183661927368206,5.151115,5.87753,True,6,"[0.0010166, 0.0101162, 0.5281735]","[0.1121953, 0.1281218, 1.244582]"
1393,1393,5,23.371600000000058,-0.3790181,1.0236,0.6407471782191587,4.67543142306376,5.104926,5.789594,True,6,"[-0.0011419, 0.0135731, 0.5269522]","[0.1107559, 0.1257059, 1.239791]"
1394,1394,5,23.388300000000072,-0.09185913,1.19649,0.8850228926661607,4.808737351940499,5.057562,5.675309,True,6,"[0.001872, 0.0152991, 0.5287331]","[0.1092079, 0.1226298, 1.233973]"
1395,1395,5,23.406200000000013,-0.2399771,0.8974188,0.7092950850157589,4.533693829193213,4.977661,5.551816,True,6,"[0.001589, 0.0171182, 0.5297143]","[0.1070811, 0.1195062, 1.229464]"
1396,1396,5,23.42240000000004,-0.3954912,0.8142386,0.5794808248643687,4.471771080987298,4.807797,5.348218,True,6,"[0.0019366, 0.0158265, 0.5292791]","[0.1029103, 0.1145421, 1.22353]"
1397,1397,5,23.439500000000066,-0.6081138,0.7248679,0.40776604954685813,4.4110451845773335,4.729183,5.275446,True,6,"[0.0040672, 0.0157511, 0.5303618]","[0.1008027, 0.112509, 1.218487]"
1398,1398,5,23.45569999999998,-0.5670418,0.679105,0.42600334107241977,4.360833020894041,4.632092,5.116592,True,6,"[0.0022006, 0.0149749, 0.5292263]","[0.0982315, 0.1085584, 1.212407]"
1399,1399,5,23.47300000000007,-0.4685274,0.8093853,0.5266200340054155,4.476312788958311,4.508545,5.126804,True,6,"[-0.0034844, 0.009411, 0.5267253]","[0.0951854, 0.1083039, 1.207144]"
1400,1400,5,23.489000000000033,-0.5739096,1.014321,0.5005621212265443,4.69115913156828,4.333009,5.016986,True,6,"[-0.0008483, 0.0110512, 0.5291286]","[0.0909603, 0.1053873, 1.200483]"
1401,1401,5,23.505800000000022,-0.6527343,0.8630984,0.4089243132917979,4.552586976166742,4.33315,5.001909,True,6,"[-0.002222, 0.00831, 0.5305113]","[0.0905403, 0.1045803, 1.1949]"
1402,1402,5,23.52260000000001,-0.7165705,0.8539753,0.361565659276099,4.551759394861305,4.222661,5.041798,True,6,"[-0.0036523, 0.0075198, 0.5291099]","[0.0876847, 0.1047752, 1.187607]"
1403,1403,5,23.5394,-1.165029,0.3194685,-0.08258930351597038,4.083620627588863,4.059639,4.960178,True,6,"[-0.0056124, 0.00669, 0.5287701]","[0.0839161, 0.1026158, 1.182368]"
1404,1404,5,23.555799999999977,-1.296006,0.3033423,-0.179144044091758,4.084470312688313,3.833571,4.961737,True,6,"[-0.0052318, 0.0062658, 0.5286208]","[0.0787746, 0.1020599, 1.175591]"
1405,1405,5,23.572700000000054,-1.58204,-0.1136595,-0.4804596323785031,3.7111077101866368,3.818384,4.786267,True,6,"[-0.0043296, 0.0074798, 0.5294554]","[0.0781166, 0.0980006, 1.170423]"
1406,1406,5,23.589200000000005,-1.415018,-0.423987,-0.43572968467673,3.384823648074083,3.682727,4.436096,True,6,"[-0.0053003, 0.0093684, 0.5291376]","[0.0748723, 0.090245, 1.163257]"
1407,1407,5,23.605999999999995,-1.899317,-0.2303093,-0.7327346919824556,3.636914498753531,3.638631,4.069108,False,6,"[-0.0060455, 0.0079941, 0.53064]","[0.0736259, 0.0823642, 1.157793]"
1408,1408,5,23.62250000000006,-1.722099,-0.5156348,-0.6748621785442246,3.3339025109335525,3.395008,3.714059,False,6,"[-0.0066164, 0.0078853, 0.5290086]","[0.0682929, 0.0747281, 1.151195]"
1409,1409,5,23.63930000000005,-1.701695,-1.026032,-0.7813420281398513,2.8296824357262986,3.400814,3.407332,False,6,"[-0.0107833, 0.0029566, 0.5302442]","[0.0680552, 0.068186, 1.145225]"
1410,1410,5,23.655700000000024,-1.788443,-1.252209,-0.8963483001575674,2.618455200970474,3.476276,3.28499,False,6,"[-0.0119554, 0.0027978, 0.5284524]","[0.0691133, 0.0653017, 1.137723]"
1411,1411,5,23.67259999999999,-1.749885,-1.507917,-0.9296323662944395,2.36222936020944,3.306594,2.810771,False,6,"[-0.0145349, -0.001044, 0.5262659]","[0.0653608, 0.0555428, 1.131297]"
1412,1412,5,23.689200000000028,-1.860278,-1.590469,-1.0273512542494196,2.295171426013355,3.341728,2.682353,False,6,"[-0.0130457, -0.0039082, 0.528127]","[0.0656125, 0.0526449, 1.123687]"
1413,1413,5,23.706000000000017,-1.906433,-1.669642,-1.0787879319226432,2.223244541294405,3.479023,2.242447,False,6,"[-0.017444, -0.0021145, 0.5260311]","[0.067889, 0.0437272, 1.116685]"
1414,1414,5,23.722399999999993,-1.70286,-1.594409,-0.9168300184238047,2.2712296482179264,3.444119,2.116367,False,6,"[-0.0158743, -0.0047518, 0.5279916]","[0.0667226, 0.0409694, 1.108648]"
1415,1415,5,23.739100000000008,-1.211274,-0.9857568,-0.42457306933530026,2.806740153561496,3.632028,2.141099,False,6,"[-0.0157047, -0.0094673, 0.5286182]","[0.0699632, 0.0412076, 1.1022]"
1416,1416,5,23.755499999999984,-1.250168,-0.7626524,-0.39925152966869826,3.0309659906170037,3.549117,2.355146,False,6,"[-0.0164439, -0.0115116, 0.5266376]","[0.0679197, 0.0450383, 1.095071]"
1417,1417,5,23.772699999999986,-0.9784853,-0.9330307,-0.24726238868746653,2.8288806939285323,3.756126,2.560531,False,6,"[-0.0161124, -0.0138833, 0.5273963]","[0.0715156, 0.0487144, 1.089332]"
1418,1418,5,23.788999999999987,-1.111531,-0.8173322,-0.31404913884328356,2.959551529791035,3.94707,2.713195,False,6,"[-0.0170891, -0.0146092, 0.5261525]","[0.0746871, 0.0512966, 1.082444]"
1419,1419,5,23.80600000000004,-0.8849753,-0.9400519,-0.18271916082751216,2.8100584723301814,4.226808,2.836207,False,6,"[-0.0174177, -0.015253, 0.5232769]","[0.0796105, 0.0533657, 1.077189]"
1420,1420,5,23.82260000000008,-1.01008,-1.226597,-0.3391854113095214,2.5443916005857536,4.262599,3.089767,False,6,"[-0.0156458, -0.0146488, 0.5262749]","[0.0798045, 0.057796, 1.070714]"
1421,1421,5,23.839500000000044,-0.7512061,-1.57214,-0.2377661556299706,2.1717873335485733,4.323683,2.915988,False,6,"[-0.0111493, -0.0090731, 0.5273082]","[0.0805934, 0.0542976, 1.065964]"
1422,1422,5,23.85559999999998,-0.8462263,-1.512454,-0.29090098426384525,2.2425610961525133,4.345421,2.546254,False,6,"[-0.0114815, -0.0070035, 0.5261195]","[0.0805481, 0.0471387, 1.060016]"
1423,1423,5,23.87250000000006,-0.3977482,-1.562929,0.01467060118632224,2.1357768397080155,4.56968,2.361614,False,6,"[-0.0089147, -0.0085005, 0.521957]","[0.0843499, 0.0435243, 1.055356]"
1424,1424,5,23.889200000000073,-0.4871205,-1.481345,-0.029277214353030212,2.2273519097972914,4.811248,2.1388,False,6,"[-0.0102092, -0.0075066, 0.5261867]","[0.0882881, 0.0391737, 1.048925]"
1425,1425,5,23.906100000000038,0.5401952,-0.8343556,0.8513688909767398,2.7322389663112814,5.066337,1.964906,False,6,"[-0.0081424, -0.0086492, 0.5271177]","[0.0926348, 0.0358475, 1.044885]"
1426,1426,5,23.92259999999999,0.5106806,-0.7629205,0.8473968480647273,2.8062083096464763,5.273922,2.145036,False,6,"[-0.0092664, -0.0112532, 0.5255715]","[0.0958245, 0.0388823, 1.038094]"
1427,1427,5,23.939399999999978,1.630203,-0.5575331,1.688700037798235,2.865332988757628,5.681137,2.276529,False,6,"[-0.0068991, -0.0144413, 0.5261741]","[0.1028903, 0.0411163, 1.034273]"
1428,1428,5,23.955900000000042,1.608803,-0.6747668,1.6457727771135093,2.752843955665286,6.025466,2.321654,False,6,"[-0.0077502, -0.0138541, 0.5247076]","[0.1084613, 0.0416595, 1.027546]"
1429,1429,5,23.97270000000003,2.108748,-0.9183512,1.9420312460925138,2.44971002452696,6.538046,2.484241,False,6,"[-0.0036483, -0.0143392, 0.5255343]","[0.1173334, 0.044417, 1.023778]"
1430,1430,5,23.989599999999996,2.252524,-0.8588926,2.0579144662172415,2.489815681947069,7.134151,2.508918,False,6,"[-0.0044619, -0.0135714, 0.5248021]","[0.1272832, 0.0445595, 1.016948]"
1431,1431,5,24.00610000000006,2.834432,-1.226635,2.382787958437121,2.0542095503692446,7.426961,2.394453,False,6,"[0.0049602, -0.0076615, 0.5260856]","[0.1321532, 0.042392, 1.013788]"
1432,1432,5,24.022699999999986,3.003562,-1.272106,2.491761733523304,1.9879578896835843,7.720289,2.280703,False,6,"[0.0046833, -0.0069967, 0.5254254]","[0.1366431, 0.0401433, 1.007946]"
1433,1433,5,24.039499999999975,3.52505,-1.735772,2.751130027665977,1.4657810459616893,8.01853,2.103779,False,6,"[0.0149691, -0.0051183, 0.525969]","[0.1415042, 0.0368996, 1.004498]"
1434,1434,5,24.05630000000008,3.54377,-1.963987,2.710314107054269,1.2391045321802174,8.218741,1.951384,False,6,"[0.0147537, -0.0061867, 0.5252988]","[0.1443826, 0.0340586, 0.9996296]"
1435,1435,5,24.073300000000017,3.890352,-2.32115,2.871079168797105,0.8438980357733596,8.383049,1.859359,False,6,"[0.0191918, -0.0083549, 0.5212157]","[0.1469329, 0.0323682, 0.9970686]"
1436,1436,5,24.08929999999998,3.947674,-2.164972,2.9486667473752832,0.9900817850180639,8.518066,1.646353,False,6,"[0.0206647, -0.007876, 0.525362]","[0.1485487, 0.0285072, 0.9918229]"
1437,1437,5,24.116100000000074,3.9198,-1.961655,2.977102496926099,1.1934555890674226,8.58714,1.643306,False,6,"[0.0261971, -0.0113296, 0.5291209]","[0.1494335, 0.0283902, 0.9895853]"
1438,1438,5,24.12360000000001,3.798346,-2.108856,2.85623521256351,1.0642707616873661,8.612437,1.626177,False,6,"[0.0275528, -0.0116607, 0.5251132]","[0.1490538, 0.0279391, 0.984127]"
1439,1439,5,24.14020000000005,3.607052,-1.315652,2.9087261395466233,1.8682206749093204,8.580894,1.677763,False,6,"[0.032377, -0.0159276, 0.5255887]","[0.1481739, 0.0287627, 0.9819691]"
1440,1440,5,24.156799999999976,3.467796,-1.555508,2.7533023690725393,1.650244061716212,8.375982,1.844108,False,6,"[0.0324544, -0.0179706, 0.524055]","[0.1439869, 0.0314858, 0.9779134]"
1441,1441,5,24.17349999999999,2.937318,-1.115674,2.4819225816190604,2.150144952560794,8.156851,2.185847,False,6,"[0.0353811, -0.0210889, 0.520279]","[0.1400373, 0.037291, 0.9770029]"
1442,1442,5,24.189700000000016,2.908496,-0.3907134,2.633277934080011,2.866311316392628,7.82666,2.351019,False,6,"[0.0361039, -0.0197781, 0.5231752]","[0.1338054, 0.0399654, 0.9734342]"
1443,1443,5,24.207100000000082,1.977707,0.09069195,2.0883202143959982,3.458105028026501,7.527591,2.50705,False,6,"[0.0359106, -0.0179503, 0.5240858]","[0.1286273, 0.0426195, 0.9733987]"
1444,1444,5,24.223100000000045,1.228735,-0.3561629,1.4521633922868444,3.114423740124985,7.140565,2.752669,False,6,"[0.0346808, -0.0192354, 0.5223732]","[0.1215991, 0.0466691, 0.9706523]"
1445,1445,5,24.240099999999984,0.2459154,-1.068836,0.5874591511614676,2.539309798145853,6.55523,2.80467,False,6,"[0.0329843, -0.012017, 0.5232421]","[0.1116437, 0.0475964, 0.9715565]"
1446,1446,5,24.256399999999985,-0.1597029,-1.215161,0.26560607228663097,2.447214592414233,5.983973,2.880471,False,6,"[0.0316048, -0.0141627, 0.5215437]","[0.101684, 0.0488101, 0.9700689]"
1447,1447,5,24.273700000000076,4.46545,-0.2946074,3.758398841526864,2.762265108633879,5.407616,2.764395,False,6,"[0.0266469, -0.0101136, 0.5193222]","[0.0919948, 0.0469248, 0.9718249]"
1448,1448,5,24.290200000000027,4.292644,-0.2516553,3.6462256012552516,2.8265098533902107,4.686324,2.139933,False,6,"[0.0264987, -0.0035567, 0.5215604]","[0.0795775, 0.0362736, 0.9707576]"
1449,1449,5,24.30709999999999,-0.121852,-2.55178,-0.024274287641714132,1.1287588095077283,4.272101,1.582505,False,6,"[0.0180497, 0.0008274, 0.522707]","[0.0725598, 0.0268352, 0.97134]"
1450,1450,5,24.32370000000003,-0.4896968,-2.695718,-0.31881751982848894,1.034193728227148,4.045928,1.540983,False,6,"[0.0111962, -0.0032449, 0.5219953]","[0.0686492, 0.0261094, 0.9705483]"
1451,1451,5,24.34050000000002,-0.4852163,-2.924433,-0.3698337207236031,0.8088412370939406,3.835594,1.21168,False,6,"[0.0022379, -0.0097277, 0.5213998]","[0.0651206, 0.0205442, 0.9713116]"
1452,1452,5,24.356899999999996,-0.9089124,-2.947546,-0.6752941050757848,0.8401436474282216,3.667701,1.101133,False,6,"[-0.001453, -0.0110574, 0.5212883]","[0.0622604, 0.0186689, 0.9712858]"
1453,1453,5,24.3741,-0.09189696,-3.131393,-0.14039083794516138,0.5552957156933092,3.603154,1.149318,False,6,"[0.0408783, -0.0026915, 0.5234432]","[0.0612376, 0.0195102, 0.9724892]"
1454,1454,5,24.391200000000026,-0.3478247,-3.351318,-0.37369809302331913,0.37178202226699897,3.892297,0.8761146,False,6,"[0.0392182, -0.0022949, 0.5224822]","[0.0660618, 0.0148481, 0.9709531]"
1455,1455,5,24.40809999999999,-0.1461623,-4.244724,-0.44258844422557764,-0.5319683756360689,4.040197,0.5523492,False,6,"[-0.0011082, -0.0232226, 0.5210781]","[0.0685642, 0.0093584, 0.9707267]"
1456,1456,5,24.424100000000067,-0.137344,-4.20623,-0.42722471212988355,-0.49526070845213255,4.128515,0.2136922,False,6,"[-0.0044509, -0.0245193, 0.5207565]","[0.0700256, 0.0036183, 0.9701366]"
1457,1457,5,24.44130000000007,0.5154845,-3.978259,0.08900159314730605,-0.3544410908263753,4.421368,-0.03553884,False,6,"[-0.004413, -0.0266201, 0.5210901]","[0.0749756, -0.0006015, 0.9696676]"
1458,1458,5,24.45810000000006,0.399029,-3.960461,0.010765847646154736,-0.3221020538414274,4.544761,-0.2878911,False,6,"[-0.0082651, -0.0268245, 0.5209667]","[0.0769943, -0.0048671, 0.9686308]"
1459,1459,5,24.474800000000073,0.8919015,-3.573628,0.45137898006745714,-0.004759632938906577,4.678646,-0.3552538,False,6,"[-0.0008358, -0.0285098, 0.5211311]","[0.0792283, -0.0060026, 0.9680905]"
1460,1460,5,24.49090000000001,0.7975529,-3.571938,0.3849789100177735,0.00892999637666625,4.818614,-0.1658896,False,6,"[-0.0031626, -0.0305066, 0.5209605]","[0.0815557, -0.0028011, 0.967452]"
1461,1461,5,24.507900000000063,1.202931,-3.356004,0.7231540879150872,0.16946759990333105,4.944379,0.255122,False,6,"[-0.0013253, -0.0385594, 0.5195267]","[0.083654, 0.0043057, 0.9669804]"
1462,1462,5,24.524900000000002,1.184224,-3.461063,0.6850180187632438,0.06860053446008907,5.075487,0.646116,False,6,"[-0.0012472, -0.0382634, 0.5202737]","[0.0858883, 0.0109055, 0.9670317]"
1463,1463,5,24.541200000000003,1.675448,-2.683732,1.2169830174630565,0.7699348353160964,5.219618,0.976801,False,6,"[0.0046765, -0.0361482, 0.5197775]","[0.0882618, 0.0164732, 0.9661685]"
1464,1464,5,24.557500000000005,1.818782,-2.635729,1.3298391671077667,0.7988382724760341,5.320293,1.198403,False,6,"[0.0036252, -0.0360375, 0.5205218]","[0.0899491, 0.0202058, 0.9659022]"
1465,1465,5,24.574400000000082,2.696125,-2.009412,2.0994041290161514,1.3025288062021185,5.23827,1.247522,False,6,"[0.0081027, -0.0325051, 0.5204758]","[0.0884868, 0.0210182, 0.9651638]"
1466,1466,5,24.590900000000033,2.466114,-1.771627,1.9928896706447985,1.5655486447793256,5.46455,1.518355,False,6,"[0.0072538, -0.0325273, 0.5210784]","[0.0922497, 0.0255603, 0.9643027]"
1467,1467,5,24.607600000000048,2.293363,-1.372855,1.9650582697116377,1.9794864256937212,5.692167,1.912401,False,6,"[0.0109401, -0.0305518, 0.5210031]","[0.0959885, 0.0321551, 0.9630129]"
1468,1468,5,24.624199999999973,2.206253,-1.344451,1.910112490876081,2.018507729086311,5.807748,2.374587,False,6,"[0.0107778, -0.0315336, 0.5213851]","[0.0978241, 0.0398827, 0.961767]"
1469,1469,5,24.640700000000038,0.4039924,-1.755932,0.5365897197008218,1.8438778053431846,5.784811,2.719172,False,6,"[0.015259, -0.0244528, 0.521668]","[0.0973191, 0.0456239, 0.9606216]"
1470,1470,5,24.657500000000027,0.4136012,-1.870295,0.5162973796573235,1.7302567228513328,5.809364,3.023704,False,6,"[0.016586, -0.0240448, 0.5223202]","[0.0976154, 0.0506805, 0.9594458]"
1471,1471,5,24.67439999999999,-0.1500259,-1.586206,0.18454744246301824,2.08131756465819,5.614468,3.172801,False,6,"[0.0245967, -0.0183258, 0.5223216]","[0.0942271, 0.0531326, 0.9585095]"
1472,1472,5,24.69080000000008,0.0736014,-1.407557,0.3852060682859292,2.2283832254336247,5.513424,3.261714,False,6,"[0.0225339, -0.0161833, 0.5232121]","[0.0923986, 0.0545527, 0.9572453]"
1473,1473,5,24.708799999999997,-0.3969499,-1.154166,0.11208229397515801,2.537407626980152,5.498997,3.377518,False,6,"[0.0209555, -0.0125401, 0.5232569]","[0.0920164, 0.0564088, 0.9558021]"
1474,1474,5,24.724199999999996,-0.3597792,-1.029134,0.16802310681343957,2.6555501959802577,5.313056,3.658547,False,6,"[0.0201807, -0.012294, 0.5238288]","[0.0887846, 0.0610443, 0.954703]"
1475,1475,5,24.74120000000005,-0.747696,-0.08367664,0.11737436214864694,3.634202661815678,5.328561,3.873341,False,6,"[0.0036889, -0.0160383, 0.5231625]","[0.0888599, 0.0645044, 0.9527167]"
1476,1476,5,24.75750000000005,-0.6266704,-0.106093,0.19775161070859987,3.5967420459683237,5.163683,4.229199,False,6,"[0.0037826, -0.0171107, 0.5239944]","[0.0859344, 0.0703197, 0.9509376]"
1477,1477,5,24.77430000000004,-0.9639667,-0.3950976,-0.10953275782397587,3.355710717288087,5.002393,4.558418,False,6,"[-0.0013726, -0.0145161, 0.5242078]","[0.0830726, 0.075667, 0.9490679]"
1478,1478,5,24.791000000000054,-1.282654,-0.3569589,-0.32613295253631225,3.433823554661164,4.961379,4.865428,False,6,"[0.000674, -0.0128921, 0.5246777]","[0.082181, 0.0805839, 0.9466822]"
1479,1479,5,24.807800000000043,-1.528872,0.006716509,-0.41429557288114083,3.8226348394339618,4.883372,4.971053,False,6,"[-0.0036309, -0.0105585, 0.5240791]","[0.0806764, 0.0821322, 0.9442694]"
1480,1480,5,24.824100000000044,-1.469302,0.2145915,-0.3228680220016342,4.019339825707461,4.729773,5.0091,False,6,"[-0.0032985, -0.0094361, 0.5252882]","[0.0779646, 0.0825919, 0.9423057]"
1481,1481,5,24.841000000000008,-1.840196,0.163305,-0.5976186150561968,4.016221452603502,4.625561,5.074455,False,6,"[-0.006862, -0.0007679, 0.5258037]","[0.0760952, 0.083517, 0.9405253]"
1482,1482,5,24.857500000000073,-1.694651,0.1976864,-0.4864243462361808,4.031455686778249,4.574411,5.106207,False,6,"[-0.005756, -0.0009744, 0.5262395]","[0.0750207, 0.0837862, 0.9376583]"
1483,1483,5,24.874599999999987,-1.959476,0.1704118,-0.6803871770547418,4.038413271987901,4.492996,5.220246,False,6,"[-0.0088347, -0.0036208, 0.5250624]","[0.0734932, 0.0854505, 0.9352808]"
1484,1484,5,24.891000000000076,-1.749451,0.2064539,-0.5231464672047397,4.0470589561147605,4.609642,5.505967,False,6,"[-0.0117776, -0.0032772, 0.5260141]","[0.0751736, 0.0898738, 0.9323568]"
1485,1485,5,24.907500000000027,-1.511029,-0.5848868,-0.5418284743588364,3.2389318502634548,4.332299,5.593722,False,6,"[-0.0140595, 6.18e-05, 0.5267674]","[0.0704771, 0.0911139, 0.9303008]"
1486,1486,5,24.92439999999999,-1.461343,-0.6218933,-0.5154177020694641,3.1962272661737012,4.432972,5.443194,False,6,"[-0.0135047, 0.0019719, 0.5265015]","[0.0718944, 0.088368, 0.9273736]"
1487,1487,5,24.94119999999998,0.41269,1.821578,1.3903520309858344,5.358748277118521,4.447423,5.212321,False,6,"[-0.0169072, 0.0014999, 0.5262349]","[0.071962, 0.084402, 0.9252179]"
1488,1488,5,24.957700000000045,0.6287112,1.946631,1.5729271309666544,5.454109468618948,4.622744,4.972431,False,6,"[-0.0155795, 0.0018169, 0.526584]","[0.0745625, 0.0802302, 0.9221453]"
1489,1489,5,24.974699999999984,-0.3730983,1.094221,0.6616704348635668,4.744083064163035,4.651647,4.745952,False,6,"[-0.0180264, 0.0015671, 0.5268941]","[0.0748415, 0.0763657, 0.91982]"
1490,1490,5,24.990999999999985,-0.3915929,1.051895,0.6385478120353424,4.704842955973691,4.937437,4.698578,False,6,"[-0.0160915, 0.0018984, 0.526844]","[0.0791417, 0.0752954, 0.9161141]"
1491,1491,5,25.0077,0.07578957,-0.1642372,0.6813298133067343,3.450039825910715,4.904708,4.470495,False,6,"[-0.01385, -0.00536, 0.5250477]","[0.0782693, 0.0713106, 0.9120915]"
1492,1492,5,25.02449999999999,-0.02217815,0.06873306,0.6671635925619563,3.691493266594198,5.077002,4.367843,False,6,"[-0.0134296, -0.0057141, 0.5264286]","[0.0808051, 0.0694707, 0.9095258]"
1493,1493,5,25.04110000000003,0.1825164,-0.2927594,0.7264440740273966,3.310121295265711,5.243813,4.222112,False,6,"[0.0038081, 0.0168139, 0.5286855]","[0.0831921, 0.0669171, 0.9064476]"
1494,1494,5,25.05759999999998,0.07525556,-0.6033141,0.5769230988667533,3.0185828215042543,5.666668,3.855797,False,6,"[0.0058012, 0.017968, 0.5286545]","[0.0894686, 0.0607707, 0.9016669]"
1495,1495,5,25.074600000000032,0.112306,-1.18399,0.4655783886516677,2.443170501752747,6.074762,3.21775,True,6,"[-0.0034338, 0.0100717, 0.5273095]","[0.0954261, 0.0504099, 0.8966626]"
1496,1496,5,25.091300000000047,0.1639041,-1.374537,0.4569652626509175,2.249322428626335,6.346758,2.782377,True,6,"[-0.0036122, 0.0097041, 0.5285158]","[0.0992861, 0.0433823, 0.8926426]"
1497,1497,5,25.107899999999972,2.047658,-2.513255,1.5209046609254533,0.8900259361977394,6.742826,2.712789,True,6,"[0.0006959, -0.001508, 0.526089]","[0.1048918, 0.0420367, 0.8871783]"
1498,1498,5,25.12530000000004,2.050468,-2.699441,1.478781931961104,0.7066839516695214,7.085042,2.535324,True,6,"[-0.0002041, 0.0006326, 0.5273396]","[0.1098221, 0.039124, 0.8835849]"
1499,1499,5,25.142100000000028,2.656293,-1.511849,2.189087859078212,1.7966123360990136,7.363707,1.845978,False,6,"[0.0016774, -0.0026906, 0.5265725]","[0.1136288, 0.028338, 0.8792538]"
1500,1500,5,25.158300000000054,2.817,-1.521568,2.3005685710361106,1.7665716316932198,7.935222,1.553361,False,6,"[0.000692, -0.0055477, 0.5268384]","[0.1218023, 0.0236966, 0.8738361]"
1501,1501,5,25.175000000000068,3.683387,-0.3744142,3.1857761434590692,2.783537741998063,8.795064,1.756519,False,6,"[0.0010292, -0.010852, 0.5250764]","[0.1343789, 0.0266349, 0.8685297]"
1502,1502,5,25.191700000000083,3.875321,-0.05201799,3.3980527695441443,3.0759189056474563,9.467449,2.360411,False,6,"[0.0015044, -0.012619, 0.5259051]","[0.1441024, 0.03562, 0.8641378]"
1503,1503,5,25.208500000000072,5.154464,0.5184453,4.4388660430493525,3.47349006946366,10.03117,3.169516,False,6,"[0.0187648, -0.0230366, 0.5248377]","[0.1520515, 0.0475999, 0.8595919]"
1504,1504,5,25.22530000000006,5.24031,0.6177323,4.523170174119825,3.5601247207139073,10.60379,4.225608,False,6,"[0.0187939, -0.0247499, 0.52493]","[0.1599171, 0.0631122, 0.8541972]"
1505,1505,5,25.24210000000005,5.769195,1.247679,5.046880689227031,4.111808149795779,11.09086,4.67984,False,6,"[0.0243384, -0.0138457, 0.5245997]","[0.1665031, 0.0695318, 0.8493909]"
1506,1506,5,25.2586,5.765815,1.294758,5.055641817159829,4.1585083472580004,11.51907,4.716603,False,6,"[0.0258752, -0.0139682, 0.525859]","[0.172242, 0.0697311, 0.8451566]"
1507,1507,5,25.27550000000008,5.927935,1.154423,5.137176663680803,3.9999179998351697,11.79609,4.913661,False,6,"[0.0338445, -0.0034356, 0.5257321]","[0.1758145, 0.0723754, 0.8418635]"
1508,1508,5,25.29200000000003,5.945061,1.400811,5.207677836914223,4.239884870901365,12.04831,4.782734,False,6,"[0.0356135, -0.0004773, 0.5257343]","[0.1792702, 0.0702749, 0.8399171]"
1509,1509,5,25.315900000000056,6.040325,1.230235,5.234712583306785,4.060097255668789,11.86237,4.947944,False,6,"[0.0475623, 0.0047711, 0.5272642]","[0.1762378, 0.0726383, 0.8390389]"
1510,1510,5,25.32540000000006,6.009717,1.243728,5.216238418115122,4.077260462136148,11.78163,5.266417,False,6,"[0.0481499, 0.0056603, 0.5249856]","[0.1748374, 0.0772658, 0.8382418]"
1511,1511,5,25.34260000000006,5.993423,1.546083,5.276337665017334,4.376492524407381,11.65888,5.240151,False,6,"[0.053059, 0.0114379, 0.5251648]","[0.1728903, 0.0768454, 0.8378834]"
1512,1512,5,25.359199999999987,5.959248,1.583563,5.261021138927883,4.417684935492719,11.5386,5.189999,False,6,"[0.0530064, 0.0118648, 0.5249538]","[0.1708903, 0.0760316, 0.8370655]"
1513,1513,5,25.37570000000005,5.660328,0.9808514,4.906582600599891,3.8634494733244953,11.56072,5.331996,False,6,"[0.054524, 0.0105817, 0.5251138]","[0.1712006, 0.0781117, 0.8369365]"
1514,1514,5,25.39280000000008,5.715701,1.106918,4.97565608659544,3.9802881994496784,11.5808,5.13405,False,6,"[0.05465, 0.0128333, 0.5248005]","[0.1713905, 0.0751452, 0.8363721]"
1515,1515,5,25.40949999999998,5.53716,1.029235,4.830840802950842,3.9267038498860796,11.46929,5.086248,False,6,"[0.0555478, 0.0112732, 0.5249473]","[0.1698162, 0.0744951, 0.8369699]"
1516,1516,5,25.42590000000007,5.485245,0.9869102,4.784056231178402,3.89172575625813,11.36038,5.067091,False,6,"[0.0552422, 0.0113924, 0.5247388]","[0.1682178, 0.0742383, 0.8372552]"
1517,1517,5,25.442800000000034,5.315659,0.6849906,4.592453819938526,3.616619827070798,11.32037,5.091527,False,6,"[0.0551032, 0.0141662, 0.524851]","[0.1677316, 0.0746525, 0.8378642]"
1518,1518,5,25.459400000000073,5.135256,0.6728762,4.461855097463108,3.627713733939249,11.1165,4.941774,False,6,"[0.0547511, 0.0145003, 0.5245101]","[0.1649282, 0.0725756, 0.8393663]"
1519,1519,5,25.476099999999974,4.958699,0.1355663,4.209547070654958,3.122154799253053,10.95008,4.921424,False,6,"[0.0519073, 0.0089664, 0.5237126]","[0.1627335, 0.0724248, 0.841103]"
1520,1520,5,25.492500000000064,4.958961,0.117543,4.205462387324879,3.1044080844082176,10.75718,4.744882,False,6,"[0.0524023, 0.0101159, 0.5235515]","[0.1601931, 0.0699874, 0.8431844]"
1521,1521,5,25.509300000000053,4.517814,-0.1032382,3.8408137701899236,2.9436668995815136,10.5965,4.565722,False,6,"[0.0507603, 0.0094068, 0.5236058]","[0.1582018, 0.0675286, 0.8456295]"
1522,1522,5,25.526700000000005,4.444517,-0.09099806,3.7918182044999122,2.9650413023442765,10.38223,4.476268,False,6,"[0.0502422, 0.0090129, 0.5231978]","[0.1554049, 0.0664025, 0.8482157]"
1523,1523,5,25.543800000000033,4.007517,-0.3156292,3.4291935866421763,2.7999876842571387,10.18528,4.416121,False,6,"[0.0486318, 0.0062491, 0.5226818]","[0.1529143, 0.0657308, 0.8511165]"
1524,1524,5,25.560699999999997,3.998441,-0.2886918,3.429149782226887,2.827618897757996,10.01503,4.393713,False,6,"[0.0469574, 0.0061367, 0.5225163]","[0.1507895, 0.0656067, 0.8538604]"
1525,1525,5,25.57740000000001,3.501874,-0.0864768,3.125481520569172,3.089664285317808,9.879489,4.32766,False,6,"[0.0452821, 0.0012349, 0.5219099]","[0.1493336, 0.0648887, 0.8574554]"
1526,1526,5,25.593900000000076,3.361147,-0.08722919,3.0256660593897364,3.106866409164773,9.529093,4.199622,False,6,"[0.0452396, 0.0010696, 0.5213915]","[0.1445729, 0.0632403, 0.8612472]"
1527,1527,5,25.61080000000004,2.768131,-0.1586434,2.588880395768488,3.1122852969198602,9.317729,4.295996,False,6,"[0.0411634, -0.0009387, 0.5209601]","[0.1420248, 0.065025, 0.8656139]"
1528,1528,5,25.626800000000003,2.760911,0.09890991,2.644789520659113,3.366329363885697,9.121623,4.279356,False,6,"[0.040469, -0.0008269, 0.5206531]","[0.1396393, 0.0650776, 0.8696952]"
1529,1529,5,25.643599999999992,2.014798,-0.1660052,2.053763131248128,3.2010940807817367,8.805628,4.307687,False,6,"[0.03644, -0.0028653, 0.5201358]","[0.1355896, 0.0659313, 0.8752868]"
1530,1530,5,25.66070000000002,1.924794,-0.2681632,1.9658348489240052,3.1121679206408324,8.444983,4.363683,False,6,"[0.0363205, -0.0026181, 0.5196102]","[0.1307297, 0.0671906, 0.8805159]"
1531,1531,5,25.676900000000046,1.454001,-0.5794827,1.558745485310479,2.8662252600534375,8.084889,4.479697,False,6,"[0.0317746, -0.0007837, 0.5192308]","[0.1260035, 0.069494, 0.8870237]"
1532,1532,5,25.693300000000022,1.390215,-0.5265058,1.5261354631519057,2.9264232023662498,7.891943,4.406715,False,6,"[0.0304637, -0.0007897, 0.5187039]","[0.1237708, 0.0688094, 0.8928903]"
1533,1533,5,25.710199999999986,0.752626,-0.2961566,1.1292868522446673,3.234098084915267,7.677993,4.344297,False,6,"[0.0250306, -0.0014334, 0.5176901]","[0.1212781, 0.0683403, 0.8995944]"
1534,1534,5,25.72670000000005,0.647452,-0.3568897,1.0404325677845476,3.1878184000076994,7.407899,4.118622,False,6,"[0.024965, 0.0008937, 0.5176849]","[0.1179463, 0.0653222, 0.9071569]"
1535,1535,5,25.74350000000004,0.4340831,-0.01024103,0.9714936172194948,3.5557077947100906,7.016194,3.995544,False,6,"[0.0181967, -0.0014987, 0.517256]","[0.1126093, 0.0639109, 0.9149909]"
1536,1536,5,25.76010000000008,0.3543932,-0.1826651,0.8742200581273304,3.3964091257853966,6.845301,4.018826,False,6,"[0.0173586, -0.0024175, 0.5165222]","[0.1108223, 0.0648595, 0.9231749]"
1537,1537,5,25.77679999999998,-0.3790909,-1.110236,0.13513492969216356,2.578305181443668,6.718459,3.999902,False,6,"[0.0130993, -0.0052197, 0.5160749]","[0.1097575, 0.0651513, 0.93173]"
1538,1538,5,25.793499999999995,-0.7117699,-0.837042,-0.03568098128747832,2.8892143636090157,6.341395,4.011441,False,6,"[0.0125092, -0.0047367, 0.5154479]","[0.1045662, 0.0659841, 0.9409159]"
1539,1539,5,25.81020000000001,-0.6787294,-1.225341,-0.10428575758863412,2.5033814320708054,6.149989,3.817344,False,6,"[0.0067757, -0.0026661, 0.5157913]","[0.1023233, 0.0633625, 0.9496213]"
1540,1540,5,25.826700000000073,-0.7326913,-1.566332,-0.22328128555756033,2.1751349502895487,6.091908,3.667478,False,6,"[0.0058207, -0.0032084, 0.5150785]","[0.1023868, 0.0614909, 0.9593399]"
1541,1541,5,25.843500000000063,-0.9717081,-1.398721,-0.35279803724593073,2.370335900138568,5.823673,3.056573,False,6,"[0.003908, -9.22e-05, 0.5158185]","[0.0987796, 0.0517152, 0.968487]"
1542,1542,5,25.860500000000002,-1.033609,-1.494679,-0.41935988891518705,2.2839201826223716,5.270669,2.754449,False,6,"[0.0031859, -0.0016421, 0.5150596]","[0.090289, 0.0470881, 0.9787328]"
1543,1543,5,25.877000000000066,-1.026425,-1.496116,-0.41461395238740173,2.2815919951465684,5.316715,2.749197,False,6,"[-0.0034084, -0.0099832, 0.5151383]","[0.0920086, 0.0474761, 0.9886861]"
1544,1544,5,25.893400000000042,-1.124992,-1.589463,-0.5065174370706695,2.202417006405358,5.739373,2.747458,False,6,"[-0.0063943, -0.0075198, 0.514698]","[0.1002224, 0.0478529, 0.9971653]"
1545,1545,5,25.91039999999998,-1.228667,-1.870889,-0.646598234968599,1.9390490734297245,5.590022,2.281307,False,6,"[-0.0061074, -0.0110271, 0.51554]","[0.0983888, 0.0400465, 1.00525]"
1546,1546,5,25.926900000000046,-1.155508,-2.053832,-0.6381442796608512,1.749925373584961,5.518747,2.332283,False,6,"[-0.0065927, -0.0140965, 0.5155165]","[0.0979538, 0.0412911, 1.013812]"
1547,1547,5,25.94380000000001,-0.8579337,-2.718179,-0.5848573358265861,1.0590663176990915,5.373286,2.151119,False,6,"[-0.0087552, -0.012604, 0.5161933]","[0.0960884, 0.0383728, 1.021592]"
1548,1548,5,25.96010000000001,-0.9452624,-2.737864,-0.6513514807442342,1.0508536005471956,5.26587,1.829252,False,6,"[-0.0093109, -0.0134658, 0.5160704]","[0.0949356, 0.0328969, 1.030045]"
1549,1549,5,25.976800000000026,-0.8474848,-2.929002,-0.6274087285421612,0.850537173229962,5.335357,1.61276,False,6,"[-0.0092639, -0.0135046, 0.5170599]","[0.0968146, 0.029188, 1.036674]"
1550,1550,5,25.99350000000004,-0.8688232,-3.040359,-0.6689000337562865,0.7438159115247909,5.402984,1.281484,False,6,"[-0.0101515, -0.0143445, 0.5169477]","[0.098789, 0.0233653, 1.044497]"
1551,1551,5,26.010200000000054,2.183217,-2.896546,1.5260713168233626,0.49604457718634176,5.400833,1.100664,False,6,"[-0.011092, -0.0168932, 0.5171698]","[0.0993607, 0.0201917, 1.050963]"
1552,1552,5,26.027000000000044,2.178819,-2.773489,1.5521128277782492,0.6175457934414386,5.447161,1.186372,False,6,"[-0.0104364, -0.0185553, 0.5174157]","[0.1008463, 0.0219009, 1.05755]"
1553,1553,5,26.043499999999995,2.065903,-2.650259,1.5013626669451052,0.7530522161519153,5.338,1.253538,False,6,"[-0.0077464, -0.0245594, 0.5172916]","[0.0993258, 0.0232611, 1.063033]"
1554,1554,5,26.060100000000034,2.06459,-2.700451,1.4885412622802914,0.7038908802736996,5.239301,1.326363,False,6,"[-0.0085398, -0.0247512, 0.5175792]","[0.0980254, 0.024751, 1.068993]"
1555,1555,5,26.07770000000005,2.001167,-2.696177,1.444649279189004,0.7161772985662163,5.186401,1.424318,False,6,"[-0.0076596, -0.0264937, 0.5178066]","[0.0974956, 0.0267071, 1.074121]"
1556,1556,5,26.093900000000076,2.030999,-2.688526,1.467583580838691,0.719893364012747,5.142469,1.55169,False,6,"[-0.0078541, -0.0275082, 0.5179074]","[0.0971175, 0.0292327, 1.079145]"
1557,1557,5,26.11080000000004,1.872118,-2.268361,1.4546409374594909,1.1530878856990383,5.127416,1.733041,False,6,"[0.0197068, -0.0261553, 0.5169307]","[0.097248, 0.0327915, 1.083785]"
1558,1558,5,26.127000000000066,1.861391,-2.228772,1.4564256857738762,1.1933635899559953,5.107119,1.752201,False,6,"[0.0197087, -0.0250954, 0.5180249]","[0.0973212, 0.0333118, 1.088934]"
1559,1559,5,26.144499999999994,1.572927,-2.149491,1.2709717915503518,1.3080578783558918,4.976587,1.820701,False,6,"[0.0186954, -0.0239903, 0.5182738]","[0.0952527, 0.0347725, 1.093892]"
1560,1560,5,26.160600000000045,1.533668,-2.110434,1.2524293356154106,1.3514483357173348,4.974431,1.882619,False,6,"[0.0186912, -0.0244554, 0.518488]","[0.0955528, 0.0360849, 1.097816]"
1561,1561,5,26.177800000000047,1.474587,-1.651761,1.3192703912232766,1.809764840643961,4.827202,1.950579,False,6,"[0.0181204, -0.0244217, 0.5185966]","[0.0931035, 0.0375468, 1.102463]"
1562,1562,5,26.194200000000023,1.400759,-1.619382,1.2746702827637524,1.850999427469521,4.84052,2.134318,False,6,"[0.0183907, -0.0243523, 0.5185954]","[0.0936678, 0.0412215, 1.106079]"
1563,1563,5,26.211000000000013,1.617783,-2.117351,1.3103454252652376,1.333926309731937,4.643966,2.171942,False,6,"[0.0169733, -0.0205693, 0.5192804]","[0.0901795, 0.0421039, 1.110169]"
1564,1564,5,26.227800000000002,1.604218,-2.230368,1.2739645277417588,1.22458255218159,4.617076,2.131343,False,6,"[0.0168795, -0.020214, 0.5193865]","[0.0899235, 0.0414399, 1.113492]"
1565,1565,5,26.244500000000016,1.490284,-2.323056,1.1713370698182375,1.148014399387348,4.625044,1.956798,False,6,"[0.0142737, -0.01951, 0.5198052]","[0.0904004, 0.038179, 1.117461]"
1566,1566,5,26.260800000000017,1.430006,-2.261962,1.1431339236392808,1.2157425911945365,4.601183,1.897931,False,6,"[0.0139217, -0.0191613, 0.5199722]","[0.0901528, 0.0371205, 1.120204]"
1567,1567,5,26.27780000000007,1.327149,-2.28909,1.0638820297684464,1.2021946231528702,4.614145,1.702307,False,6,"[0.0134046, -0.0150161, 0.5207285]","[0.0906316, 0.0333744, 1.122977]"
1568,1568,5,26.29410000000007,1.25132,-2.265591,1.0157612772778917,1.2349570513124517,4.680322,1.679258,False,6,"[0.0127417, -0.0147313, 0.5210742]","[0.092102, 0.0329813, 1.12499]"
1569,1569,5,26.311900000000037,1.257861,-2.372082,0.9951619602122345,1.129463696063707,4.568976,1.606169,False,6,"[0.0147094, -0.0192552, 0.5208113]","[0.0901645, 0.0316373, 1.128282]"
1570,1570,5,26.328200000000038,1.139014,-2.428343,0.8976865060158304,1.0893223929403044,4.581473,1.619325,False,6,"[0.0145871, -0.0202856, 0.5208521]","[0.0905464, 0.031944, 1.129956]"
1571,1571,5,26.34570000000008,-1.07261,-2.569248,-0.7015663568693324,1.2328053302323125,4.393991,1.618565,False,6,"[0.0135578, -0.0211407, 0.5211277]","[0.087037, 0.0320065, 1.132699]"
1572,1572,5,26.36220000000003,-1.086142,-2.544453,-0.7052726776947016,1.258899096065397,4.316438,1.574621,False,6,"[0.0130125, -0.0205894, 0.5212616]","[0.0856096, 0.0311788, 1.134218]"
1573,1573,5,26.378900000000044,-0.9887337,-2.495868,-0.6247948437036319,1.2942296847283443,4.197146,1.450323,False,6,"[0.0120799, -0.0208429, 0.5214195]","[0.0833931, 0.0287711, 1.136373]"
1574,1574,5,26.395700000000033,-1.070129,-2.438064,-0.6687288968530405,1.3614167500190257,4.272994,1.315989,False,6,"[0.0113895, -0.0206289, 0.5214223]","[0.0849623, 0.0261226, 1.137131]"
1575,1575,5,26.412300000000073,-0.6899303,-2.67003,-0.45450022427016656,1.0849680914627267,4.261954,1.316017,False,6,"[0.0114626, -0.0216252, 0.5220405]","[0.0848192, 0.026147, 1.138167]"
1576,1576,5,26.429399999999987,-1.016271,-2.713737,-0.6959105155540453,1.0836186648865476,4.402561,1.265838,False,6,"[0.0103789, -0.0221378, 0.5220191]","[0.0876049, 0.0251429, 1.137862]"
1577,1577,5,26.445699999999988,-0.285378,-2.609844,-0.15381043980571152,1.092541733873539,4.443652,1.230479,False,6,"[-0.009784, -0.0234489, 0.5225732]","[0.088434, 0.0244426, 1.137967]"
1578,1578,5,26.462600000000066,-0.2811505,-2.614947,-0.15202632729348575,1.086987529253172,4.528376,1.285346,False,6,"[-0.0099109, -0.0232304, 0.5227559]","[0.0900777, 0.0255189, 1.137344]"
1579,1579,5,26.479400000000055,-0.301072,-2.597938,-0.1621012308555002,1.106243819237804,4.528788,1.201567,False,6,"[-0.0090351, -0.0228195, 0.5235187]","[0.089968, 0.0238239, 1.135855]"
1580,1580,5,26.496899999999982,-0.05377542,-2.158284,0.11715446972333343,1.506807732810021,4.588056,1.136202,False,6,"[-0.0097843, -0.0223024, 0.5238028]","[0.0910576, 0.0225046, 1.134699]"
1581,1581,5,26.513000000000034,-0.08507614,-2.505664,0.012689738642533421,1.1693930171099645,4.70107,1.012434,False,6,"[-0.006311, -0.0244401, 0.5240763]","[0.0931344, 0.0200147, 1.132557]"
1582,1582,5,26.534200000000055,-0.2122057,-2.564244,-0.09119934509221506,1.1280285596810264,4.877133,0.9849766,False,6,"[-0.0093239, -0.0249135, 0.5256113]","[0.096491, 0.019442, 1.130822]"
1583,1583,5,26.546500000000037,0.2205316,-3.100425,0.08815121540247628,0.5458989313049427,4.927072,1.116342,False,6,"[-0.002612, -0.0239039, 0.5244159]","[0.0972528, 0.0219833, 1.128141]"
1584,1584,5,26.562900000000013,0.1701528,-3.141794,0.04268075398887572,0.5116643453076057,5.120338,1.082621,False,6,"[-0.0025746, -0.0239623, 0.52467]","[0.1009221, 0.0212842, 1.126294]"
1585,1585,5,26.579700000000003,0.5541483,-3.411651,0.2506202742325477,0.19749232347242485,5.195276,1.0408,False,6,"[-0.0027582, -0.0238165, 0.5248978]","[0.1020908, 0.0203986, 1.122815]"
1586,1586,5,26.59660000000008,0.5574099,-3.623219,0.20280363653402994,-0.010852683933296525,5.235865,0.6378255,False,6,"[-0.0004933, -0.0198099, 0.5256441]","[0.102621, 0.0124669, 1.119849]"
1587,1587,5,26.613800000000083,0.903993,-3.391487,0.5030938694477783,0.17270710000634715,5.315197,0.4282201,False,6,"[-0.0007798, -0.0229824, 0.5251926]","[0.1038962, 0.0083466, 1.116747]"
1588,1588,5,26.630600000000072,0.8650893,-3.119276,0.5400431596119941,0.4451961747862274,5.49602,0.2539204,False,6,"[-0.0019445, -0.0235126, 0.525018]","[0.1071952, 0.0049373, 1.114076]"
1589,1589,5,26.647699999999986,1.210594,-2.592888,0.9093814614816248,0.9184815703897922,5.698004,0.3459766,False,6,"[0.0020188, -0.0284096, 0.5244956]","[0.1108226, 0.0067069, 1.110691]"
1590,1590,5,26.663700000000063,1.264314,-2.405236,0.9918757616699859,1.0960572153450339,5.943451,0.4954279,False,6,"[0.0015578, -0.0287928, 0.5245576]","[0.1153481, 0.0095808, 1.107982]"
1591,1591,5,26.680600000000027,2.107952,-2.041167,1.6754436831632473,1.3463073494830664,6.00653,0.663803,False,6,"[0.0050684, -0.0312398, 0.524025]","[0.1162707, 0.012803, 1.105031]"
1592,1592,5,26.697000000000003,2.076845,-2.146794,1.6283936212540349,1.2464629546201458,6.058875,1.069655,False,6,"[0.0050964, -0.0331705, 0.5238425]","[0.1170421, 0.0205883, 1.10268]"
1593,1593,5,26.714800000000082,2.25027,-2.422508,1.6858578356167224,0.9533807331002317,6.374576,1.242417,False,6,"[0.0082638, -0.0310369, 0.5237243]","[0.1228181, 0.0238424, 1.099352]"
1594,1594,5,26.73059999999998,2.139289,-2.480087,1.5936393801539972,0.9109412462088922,6.471266,1.322524,False,6,"[0.0079172, -0.0285732, 0.5243214]","[0.1244551, 0.025331, 1.09722]"
1595,1595,5,26.748100000000022,2.525316,-2.638611,1.8293948933199855,0.7059283750601613,6.446033,1.124311,False,6,"[0.0110908, -0.0237673, 0.5248351]","[0.1235162, 0.0214554, 1.093242]"
1596,1596,5,26.764599999999973,2.489531,-2.61515,1.8096169966490883,0.7335481652713209,6.409345,0.7228881,False,6,"[0.0115949, -0.0220675, 0.5253668]","[0.1225832, 0.0137688, 1.091247]"
1597,1597,5,26.781299999999987,2.641038,-2.518357,1.9398193821674203,0.809360456281472,6.43252,0.5654646,False,6,"[0.0193384, -0.0187252, 0.5253949]","[0.1226034, 0.0107328, 1.087462]"
1598,1598,5,26.79830000000004,2.590015,-2.594787,1.885585961892357,0.7407500251773955,6.478007,0.7047213,False,6,"[0.019052, -0.0196943, 0.5253743]","[0.1232997, 0.0133568, 1.085893]"
1599,1599,5,26.81460000000004,2.406688,-2.42251,1.7966040674090589,0.9334367165239832,6.519679,0.7515104,False,6,"[0.0206237, -0.0222041, 0.524846]","[0.1238127, 0.0142108, 1.083382]"
1600,1600,5,26.831800000000044,2.39397,-2.228243,1.8336263544665885,1.125983904740901,6.638065,0.8993571,False,6,"[0.0196051, -0.0227319, 0.5248317]","[0.1258979, 0.0169823, 1.081808]"
1601,1601,5,26.848100000000045,2.36385,-2.17116,1.8258252955409713,1.185925177777206,6.756134,0.9879946,False,6,"[0.0231154, -0.0241539, 0.5241154]","[0.1277715, 0.0186, 1.078547]"
1602,1602,5,26.865200000000073,2.169479,-2.026951,1.7223740219852144,1.3524346411284025,6.75992,1.219721,False,6,"[0.0227983, -0.0239503, 0.5243659]","[0.1277599, 0.0229487, 1.077839]"
1603,1603,5,26.88220000000001,2.1318,-1.920942,1.7208128870789527,1.46142413379077,6.783888,1.3914,False,6,"[0.024071, -0.0229513, 0.5218356]","[0.127741, 0.0260827, 1.073836]"
1604,1604,5,26.899099999999976,2.005974,-1.949326,1.6250009569300974,1.4495701328875934,6.709979,1.451779,False,6,"[0.0236344, -0.023678, 0.5224782]","[0.1264031, 0.0272294, 1.074403]"
1605,1605,5,26.91579999999999,2.18507,-2.299507,1.668837189237359,1.082578683944846,6.828749,1.2995,False,6,"[0.0219401, -0.0220845, 0.5220191]","[0.1283829, 0.0243194, 1.072076]"
1606,1606,5,26.93259999999998,2.121632,-2.236517,1.6388459184979358,1.1525731407546935,6.837282,1.292073,False,6,"[0.021852, -0.0203377, 0.5226884]","[0.1286142, 0.0241934, 1.072654]"
1607,1607,5,26.94900000000007,1.925327,-2.309158,1.48264798887589,1.1062088410598943,6.850757,1.140481,False,6,"[0.0215511, -0.0197926, 0.5220664]","[0.1287366, 0.021332, 1.071543]"
1608,1608,5,26.965700000000083,1.744671,-2.270293,1.3639484707560152,1.1674375936261714,6.707566,0.9220206,False,6,"[0.0198624, -0.0185564, 0.5243146]","[0.1261826, 0.0172672, 1.072918]"
1609,1609,5,26.982500000000073,1.605512,-2.758739,1.1496960046178435,0.70513418669477,6.690458,0.7308273,False,6,"[0.0194875, -0.0175585, 0.5235195]","[0.1256968, 0.0136687, 1.071546]"
1610,1610,5,26.999599999999987,1.577176,-2.814277,1.116475233762477,0.6541640158333322,6.602081,0.6336465,False,6,"[0.0183683, -0.0178492, 0.5244309]","[0.1242291, 0.0118708, 1.07334]"
1611,1611,5,27.015700000000038,1.659644,-1.996975,1.368503926999107,1.446894982707113,6.741579,0.4817134,False,6,"[0.0199691, -0.021016, 0.5233645]","[0.1267174, 0.0090129, 1.07198]"
1612,1612,5,27.03290000000004,1.641336,-1.997017,1.3555315888798285,1.4491878294701808,6.689895,0.07078995,False,6,"[0.0194143, -0.0204666, 0.5240531]","[0.1259199, 0.0013264, 1.073539]"
1613,1613,5,27.050000000000068,8.204994,-1.792004,6.0512901975503395,0.8138605573499742,6.798149,-0.1512326,False,6,"[0.0175798, -0.021088, 0.5229611]","[0.1279382, -0.0028328, 1.073216]"
1614,1614,5,27.06630000000007,8.046154,-1.821162,5.931920391987386,0.8054548911346275,6.825078,-0.4581568,False,6,"[0.0159674, -0.0207824, 0.5242141]","[0.1286562, -0.0085958, 1.074942]"
1615,1615,5,27.08260000000007,8.040784,-2.004869,5.8845934175468,0.6255921544943943,6.897105,-0.4664282,False,6,"[0.0146492, -0.0251845, 0.5226479]","[0.1300655, -0.0087536, 1.075259]"
1616,1616,5,27.099300000000085,7.972663,-1.873627,5.867457156740618,0.763261770209426,6.919198,-0.4959133,False,6,"[0.014405, -0.0257181, 0.523172]","[0.1307896, -0.0093286, 1.077759]"
1617,1617,5,27.115800000000036,7.981197,-1.794123,5.8923359246196965,0.8403103402536996,6.939288,-0.4686941,False,6,"[0.0151504, -0.018232, 0.5228889]","[0.1313611, -0.0088292, 1.079304]"
1618,1618,5,27.1327,7.854198,-1.911538,5.774599752888541,0.7411061580427258,6.970462,-0.6032662,False,6,"[0.0149906, -0.0182415, 0.5231497]","[0.132248, -0.0113895, 1.081684]"
1619,1619,5,27.149,7.912549,-1.566508,5.897659784272876,1.0727625965249104,6.99346,-0.5948516,False,6,"[0.0752835, -0.016335, 0.5221089]","[0.1327413, -0.011235, 1.082113]"
1620,1620,5,27.16579999999999,7.789691,-1.370956,5.85700545634439,1.280614657679961,7.106458,-0.6058607,False,6,"[0.0737988, -0.0165992, 0.5220537]","[0.135343, -0.0114799, 1.085601]"
1621,1621,5,27.184900000000084,6.563753,-3.350936,4.519911451833438,-0.5090137353870601,7.15252,-0.4212521,True,6,"[0.0735588, -0.0182278, 0.5207083]","[0.1366883, -0.0080086, 1.089258]"
1622,1622,5,27.20130000000006,6.826989,-2.953941,4.800345527418838,-0.15240726632763968,7.241195,-0.2889854,True,6,"[0.0729843, -0.017047, 0.5211145]","[0.1389249, -0.0055148, 1.093381]"
1623,1623,5,27.21780000000001,4.521672,-4.070033,2.9037094503227916,-0.9553936868367519,7.267374,-0.3913235,True,6,"[0.0728866, -0.0162837, 0.5198526]","[0.1399077, -0.0074932, 1.097107]"
1624,1624,5,27.234800000000064,4.415154,-3.18676,3.037562947877542,-0.07373216276404637,7.378324,-0.2218776,True,6,"[0.0717107, -0.0173498, 0.5198435]","[0.1427303, -0.0042684, 1.102227]"
1625,1625,5,27.251300000000015,4.333033,-4.274831,2.721627787075807,-1.1326193332020473,7.548518,-0.4183152,True,6,"[0.0721619, -0.0141991, 0.5192074]","[0.1463445, -0.0080631, 1.10437]"
1626,1626,5,27.268400000000042,4.456417,-4.238498,2.8175940609344554,-1.112641713924436,7.796733,-0.6969733,True,6,"[0.0711448, -0.0124464, 0.5200657]","[0.1519605, -0.0135009, 1.109809]"
1627,1627,5,27.284400000000005,4.422432,-4.350505,2.766994737897215,-1.2183894551682748,7.938133,-1.063496,True,6,"[0.0594821, -0.0302685, 0.516953]","[0.1554553, -0.0206958, 1.114855]"
1628,1628,5,27.301300000000083,4.442307,-4.42143,2.7642626296444135,-1.2906284995301158,7.756533,-1.672159,True,6,"[0.0620167, -0.0267303, 0.518012]","[0.1526843, -0.0327238, 1.120947]"
1629,1629,5,27.31770000000006,4.636461,-4.8702,2.7954019185723724,-1.7564330623210358,7.575284,-1.51338,False,6,"[0.0407739, -0.0366868, 0.515588]","[0.1500586, -0.0298106, 1.12835]"
1630,1630,5,27.334799999999973,4.935638,-4.414202,3.1152621870237565,-1.3464205949766246,8.333032,-2.030075,False,6,"[0.0399669, -0.0288198, 0.5176262]","[0.1659491, -0.0401595, 1.132967]"
1631,1631,5,27.351200000000063,4.716973,-4.246037,3.0002861259254905,-1.1532698661754504,8.486465,-2.294396,False,6,"[0.0391629, -0.0386349, 0.5168647]","[0.169745, -0.0455805, 1.137629]"
1632,1632,5,27.368100000000027,5.409913,-4.741389,3.3735382336799202,-1.7284464994108797,8.552847,-2.044422,False,6,"[0.0403376, -0.0383577, 0.5175706]","[0.1720768, -0.0408436, 1.144173]"
1633,1633,5,27.384400000000028,5.482761,-4.869881,3.3946728397694264,-1.8640160680950633,8.88557,-2.168406,False,6,"[0.0399936, -0.0393407, 0.5171168]","[0.1795104, -0.0434761, 1.148221]"
1634,1634,5,27.40140000000008,5.773703,-5.056523,3.5564446157862006,-2.0845407481700837,8.976195,-2.079919,False,6,"[0.0402806, -0.0400905, 0.5184872]","[0.1823234, -0.0419193, 1.154248]"
1635,1635,5,27.417800000000057,5.925045,-4.894461,3.7019940854790327,-1.9445610018222075,9.220575,-2.014673,False,6,"[0.041913, -0.0440359, 0.516815]","[0.1882358, -0.0407902, 1.159564]"
1636,1636,99,27.451000000000022,6.01015,-4.941975,3.7509926377417058,-2.002108005114608,9.413331,-2.518967,False,6,"[0.0447376, -0.0399914, 0.5180554]","[0.1937149, -0.0514031, 1.16845]"
1637,1637,99,27.467899999999986,5.953107,-4.802323,3.743692342121128,-1.8575853923731973,9.654588,-2.753433,False,6,"[0.0428817, -0.0385838, 0.5196946]","[0.1991805, -0.0563098, 1.170841]"
1638,1638,99,27.48440000000005,5.887216,-4.704842,3.7201361102802215,-1.7533804184905755,9.730902,-2.682243,False,6,"[0.0490754, -0.0429812, 0.5182065]","[0.2011157, -0.054942, 1.172766]"
1639,1639,99,27.500999999999976,5.818324,-4.659549,3.6820904361654474,-1.7000832441163922,9.709737,-2.425603,False,6,"[0.0498599, -0.0442578, 0.5194531]","[0.2012034, -0.0498106, 1.175885]"
1640,1640,99,27.517900000000054,4.346439,-4.708529,2.628365245776491,-1.5605671913088877,9.586314,-2.343649,False,6,"[0.0524139, -0.0458669, 0.5183713]","[0.1989925, -0.0482215, 1.178226]"
1641,1641,99,27.53480000000002,4.253638,-4.640996,2.5786608063214143,-1.4823643219308202,9.304325,-2.102427,False,6,"[0.0539173, -0.0444885, 0.5195256]","[0.1935573, -0.043371, 1.181424]"
1642,1642,99,27.551600000000008,3.848731,-4.799385,2.254453068099494,-1.586406720448494,9.163488,-2.200295,False,6,"[0.0545711, -0.0448188, 0.5183261]","[0.1908918, -0.0454669, 1.183379]"
1643,1643,99,27.568499999999972,3.61943,-4.714983,2.112100919220672,-1.4742223216076171,9.05297,-2.257146,False,6,"[0.054236, -0.0436966, 0.5201159]","[0.1888705, -0.0467221, 1.185388]"
1644,1644,99,27.58490000000006,3.385141,-4.93113,1.895009379607594,-1.6567817612267417,8.863741,-2.344543,False,6,"[0.0535216, -0.0427179, 0.5190503]","[0.1849825, -0.0485658, 1.186184]"
1645,1645,99,27.60220000000004,3.383772,-4.870521,1.9083999365076283,-1.5970406567453654,8.624772,-2.280203,False,6,"[0.0530579, -0.0424384, 0.5206893]","[0.1802493, -0.0473185, 1.188368]"
1646,1646,99,27.6182,3.579431,-5.010307,2.0138110594170366,-1.7593674023389934,8.464925,-2.317974,False,6,"[0.0394897, -0.0427937, 0.5195633]","[0.1769273, -0.0481217, 1.188826]"
1647,1647,99,27.63510000000008,3.490237,-4.99599,1.9540521986799855,-1.7339251190382772,8.097017,-2.38447,False,6,"[0.038736, -0.0422784, 0.5208088]","[0.1693922, -0.04958, 1.190656]"
1648,1648,99,27.65160000000003,2.630155,-5.034434,1.3359905837539539,-1.6620542947157535,7.972368,-2.386973,False,6,"[0.0349809, -0.0436578, 0.5199738]","[0.1667549, -0.0496335, 1.190689]"
1649,1649,99,27.66840000000002,2.375026,-4.953097,1.1746255774295624,-1.5495893154481672,7.809397,-2.295179,False,6,"[0.0329805, -0.0430032, 0.5213887]","[0.1634453, -0.0477642, 1.191726]"
1650,1650,99,27.684900000000084,2.215467,-5.032643,1.0428084922412504,-1.6074246767555085,7.704727,-2.349268,False,6,"[0.0307872, -0.0449064, 0.5204869]","[0.161055, -0.0488387, 1.190449]"
1651,1651,99,27.701599999999985,2.02871,-5.043992,0.907892368555244,-1.5947684497629036,7.389189,-2.376678,False,6,"[0.0308385, -0.0444437, 0.5215658]","[0.1544226, -0.0494215, 1.190747]"
1652,1652,99,27.718500000000063,1.919327,-5.080753,0.8217376456687357,-1.616951723888941,7.145873,-2.331278,False,6,"[0.0325594, -0.0456321, 0.5204986]","[0.1492199, -0.0484557, 1.190239]"
1653,1653,99,27.735500000000002,1.834602,-4.997211,0.781544101207789,-1.5240448238102626,6.92569,-2.310974,False,6,"[0.0318329, -0.0456256, 0.5219235]","[0.1445628, -0.0480288, 1.190128]"
1654,1654,99,27.751700000000028,1.311504,-5.085138,0.39034931079240065,-1.5437687066198205,6.83881,-2.23658,False,6,"[0.0239526, -0.0459342, 0.5214203]","[0.1424774, -0.0463982, 1.188006]"
1655,1655,99,27.773000000000025,1.019087,-4.999983,0.2034883246600181,-1.4227974708236104,6.704148,-2.163416,False,6,"[0.0218223, -0.0455978, 0.5261456]","[0.1395652, -0.044853, 1.18732]"
1656,1656,99,27.78480000000002,0.9109494,-5.009866,0.12458345739825083,-1.4187238062223493,6.538726,-2.157005,False,6,"[0.0201841, -0.0459455, 0.5217359]","[0.1358885, -0.0446534, 1.185553]"
1657,1657,99,27.80180000000007,0.9954205,-5.079017,0.16800683471325883,-1.4974548511389454,6.443525,-2.234403,False,6,"[0.0185197, -0.0461456, 0.522823]","[0.1337186, -0.046197, 1.184008]"
1658,1658,99,27.81860000000006,1.058542,-5.267407,0.16806352821735304,-1.6906521649987925,6.437695,-2.216481,False,6,"[0.0174984, -0.0464253, 0.5221667]","[0.1332718, -0.0457147, 1.18113]"
1659,1659,99,27.835699999999974,0.8959024,-5.443342,0.011228287263487569,-1.842825951365576,6.2953,-2.278552,False,6,"[0.0167746, -0.0457924, 0.5237032]","[0.1300716, -0.0469139, 1.179061]"
1660,1660,99,27.85220000000004,0.898506,-5.872605,-0.08863177823562851,-2.265037868263886,6.470725,-2.227523,False,6,"[0.0119693, -0.0465232, 0.5228137]","[0.1332955, -0.0457143, 1.175258]"
1661,1661,99,27.868600000000015,0.8955762,-5.679286,-0.04490387837768384,-2.0746702927667613,6.674636,-2.255828,False,6,"[0.0093241, -0.0458586, 0.5241685]","[0.137137, -0.0461622, 1.171869]"
1662,1662,99,27.885700000000043,1.227267,-5.465497,0.24059118438678262,-1.906846252050749,6.971102,-2.134356,False,6,"[0.0083297, -0.0459234, 0.5238679]","[0.1426043, -0.0434659, 1.166281]"
1663,1663,99,27.902600000000007,1.183173,-5.324079,0.2428774202706715,-1.7622389077799445,7.189112,-1.960157,False,6,"[0.0091328, -0.0467166, 0.5256229]","[0.1466193, -0.0397822, 1.162388]"
1664,1664,99,27.918300000000045,1.295775,-5.411923,0.30178911831804067,-1.8629279122756444,7.407722,-1.702905,False,6,"[0.0096925, -0.0483616, 0.5245659]","[0.1503908, -0.0343895, 1.156724]"
1665,1665,99,27.935299999999984,1.18165,-5.545251,0.1893977663487203,-1.9794127346999018,7.652268,-1.356582,False,6,"[0.0082207, -0.0500943, 0.5256979]","[0.1548228, -0.0272885, 1.152323]"
1666,1666,99,27.951900000000023,1.311641,-5.396347,0.3167128819969942,-1.8496425973243644,7.992202,-0.9153698,False,6,"[0.0082252, -0.0539443, 0.5244603]","[0.1609174, -0.0183122, 1.146119]"
1667,1667,99,27.968700000000013,1.103578,-5.043737,0.25294299492010164,-1.4765708633522037,8.089187,-0.7948998,False,6,"[0.0082199, -0.0522937, 0.5258389]","[0.1621872, -0.0158326, 1.14113]"
1668,1668,99,27.985400000000027,1.317555,-4.973671,0.42104292873228766,-1.4349903149211078,8.353389,-0.9449256,False,6,"[0.0112462, -0.0502285, 0.5249565]","[0.1665475, -0.0187077, 1.134241]"
1669,1669,99,28.001899999999978,1.270927,-5.115671,0.35438602431346433,-1.5686033157327373,8.309467,-1.17542,True,6,"[0.0108628, -0.0490152, 0.5259642]","[0.1649396, -0.0231711, 1.129314]"
1670,1670,99,28.018800000000056,3.549875,-4.875392,2.0248497277939004,-1.6230046904226008,8.468313,-1.081941,True,6,"[0.0118785, -0.0497511, 0.5251451]","[0.1672063, -0.0212096, 1.123052]"
1671,1671,99,28.037500000000023,3.299506,-5.306114,1.745534920451389,-2.0143985189922047,8.581904,-0.9674938,True,6,"[0.0108544, -0.0510897, 0.5262306]","[0.1687132, -0.0188795, 1.117952]"
1672,1672,99,28.05200000000002,5.11125,-3.988003,3.340576103302465,-0.9499410510493558,8.601567,-0.8822984,True,6,"[0.0120156, -0.0495725, 0.5247792]","[0.1682273, -0.0171273, 1.112145]"
1673,1673,99,28.069200000000023,5.163239,-3.83223,3.4142918687929824,-0.8034754210042427,8.676578,-1.184896,True,6,"[0.0101286, -0.0464056, 0.5257952]","[0.1689954, -0.022905, 1.107417]"
1674,1674,99,28.085199999999986,5.19245,-2.96038,3.6415374918195016,0.04965520260776479,8.755852,-1.500024,True,6,"[0.0120561, -0.0456175, 0.5241845]","[0.1697492, -0.0288608, 1.10213]"
1675,1675,99,28.1019,5.095686,-2.926512,3.5810510728614147,0.09527733726677656,8.719932,-1.461093,True,6,"[0.011633, -0.0469417, 0.524352]","[0.1684397, -0.0280112, 1.098203]"
1676,1676,99,28.11850000000004,4.849504,-2.160101,3.588332375020012,0.879892854690425,8.849318,-1.277054,True,6,"[0.0324485, -0.0446154, 0.5230551]","[0.1704075, -0.0243999, 1.094533]"
1677,1677,99,28.136300000000006,4.793964,-2.027071,3.5805273075876634,1.0177157406235584,9.151848,-0.6865233,True,6,"[0.0301375, -0.048551, 0.5227568]","[0.1757873, -0.0130749, 1.091153]"
1678,1678,99,28.15179999999998,4.80227,-1.978154,3.5979977993803263,1.064732453720957,9.238032,-0.2008182,False,6,"[0.0467752, -0.0364579, 0.5229461]","[0.1769912, -0.0038141, 1.088199]"
1679,1679,99,28.16910000000007,4.590636,-2.202854,3.394919973772955,0.8708787873604051,9.050004,0.0858712,False,6,"[0.0472556, -0.035031, 0.5229685]","[0.1729468, 0.0016273, 1.085809]"
1680,1680,99,28.185500000000047,4.159361,-2.733917,2.9637471572790663,0.4039338295664119,9.025819,0.05429817,False,6,"[0.0475464, -0.0270575, 0.5232108]","[0.1721381, 0.001027, 1.083676]"
1681,1681,99,28.202300000000037,4.116,-2.654885,2.9517715199677843,0.48713471744657344,8.609341,-0.1724389,False,6,"[0.0466497, -0.026744, 0.5231441]","[0.1638834, -0.0032577, 1.082435]"
1682,1682,99,28.218700000000013,4.170598,-2.967634,2.916329575048264,0.17280396929761022,8.486766,-0.4426346,False,6,"[0.0443742, -0.0197276, 0.5230182]","[0.1613971, -0.0083563, 1.081642]"
1683,1683,99,28.235599999999977,4.046676,-2.888767,2.8472762346396983,0.26611358184308154,8.5198,-0.944028,False,6,"[0.0438932, -0.0185241, 0.5233712]","[0.1616895, -0.0177852, 1.079338]"
1684,1684,99,28.252200000000016,3.943585,-2.967993,2.7555153066657962,0.20139349586287025,8.387088,-1.104112,False,6,"[0.0439273, -0.0180594, 0.5228683]","[0.1589998, -0.0207843, 1.078426]"
1685,1685,99,28.269000000000005,3.776325,-2.854417,2.6640013531236413,0.3343403883676084,8.204637,-1.043987,False,6,"[0.0419802, -0.0201113, 0.522834]","[0.1553195, -0.0196303, 1.077225]"
1686,1686,99,28.285600000000045,3.546828,-2.71022,2.535677408290421,0.5053163437459123,8.150838,-1.107863,False,6,"[0.0379967, -0.02495, 0.5224897]","[0.1541961, -0.0208194, 1.07659]"
1687,1687,99,28.30230000000006,3.435219,-2.640888,2.4730828022028177,0.5876851420065239,8.06144,-1.291579,False,6,"[0.0375857, -0.024219, 0.5223019]","[0.1522711, -0.0242393, 1.075099]"
1688,1688,99,28.31880000000001,3.137089,-3.199741,2.1295948297305745,0.07645322407821231,7.920361,-1.44049,False,6,"[0.0380485, -0.0270502, 0.5217878]","[0.14956, -0.027033, 1.075015]"
1689,1689,99,28.335699999999974,3.063149,-3.218129,2.0728874135015483,0.06780824667255558,7.724936,-1.511355,False,6,"[0.0368986, -0.026319, 0.5215686]","[0.1457355, -0.0283462, 1.074361]"
1690,1690,99,28.352100000000064,2.590618,-3.953944,1.56399359847146,-0.5951073089864387,7.513917,-1.636242,False,6,"[0.0359325, -0.0270248, 0.5212339]","[0.1417911, -0.0307078, 1.074993]"
1691,1691,99,28.369000000000028,2.49648,-4.11261,1.4597501706091658,-0.7390425191880885,7.358949,-1.772725,False,6,"[0.0344104, -0.0259937, 0.5213308]","[0.138772, -0.0332559, 1.074513]"
1692,1692,99,28.385700000000043,2.3902,-4.054585,1.3982496710988088,-0.6684656536050602,7.272009,-2.098349,False,6,"[0.0323185, -0.0246822, 0.5214082]","[0.1371061, -0.0393671, 1.074445]"
1693,1693,99,28.40210000000002,2.205498,-4.015682,1.2766945167233108,-0.6066837217907164,7.13626,-2.29879,False,6,"[0.031297, -0.0240484, 0.5213753]","[0.1344243, -0.0431008, 1.073682]"
1694,1694,99,28.418900000000008,1.85907,-4.40169,0.9399621396060323,-0.9418858411586069,7.061657,-2.650084,False,6,"[0.0285604, -0.0291319, 0.5211051]","[0.1330385, -0.0497088, 1.073956]"
1695,1695,99,28.435600000000022,1.701734,-4.566171,0.7895956886851367,-1.083478795081021,6.79033,-2.859468,False,6,"[0.0278713, -0.0292843, 0.5208317]","[0.1278245, -0.0536203, 1.07351]"
1696,1696,99,28.45270000000005,1.431717,-4.925455,0.5132952525154262,-1.4021583432222497,6.658891,-3.032275,False,6,"[0.0235456, -0.0359692, 0.5203943]","[0.1253692, -0.0568855, 1.073866]"
1697,1697,99,28.469600000000014,1.229722,-4.908349,0.3743320781461389,-1.3595937983880608,6.388099,-3.115488,False,6,"[0.0226653, -0.0373785, 0.5198527]","[0.1202213, -0.0584466, 1.07381]"
1698,1698,99,28.48630000000003,1.20383,-5.048952,0.32268761311194305,-1.4944775016984329,6.319496,-3.382016,False,6,"[0.0217057, -0.0368604, 0.5200081]","[0.1189489, -0.0634735, 1.074075]"
1699,1699,99,28.503100000000018,1.018761,-5.235254,0.1475157516553336,-1.653980412849407,6.239845,-3.538791,False,6,"[0.0200169, -0.0364876, 0.5197532]","[0.1173864, -0.0663941, 1.073606]"
1700,1700,99,28.51940000000002,0.9114726,-4.886473,0.154188871893169,-1.297519782791369,6.120211,-3.724098,False,6,"[0.0168679, -0.0400025, 0.5196786]","[0.1151893, -0.0699234, 1.074267]"
1701,1701,99,28.53640000000007,0.9188338,-4.841384,0.17008347681564517,-1.2541447763031108,5.945049,-3.755169,False,6,"[0.015416, -0.0414406, 0.518891]","[0.1118903, -0.0705223, 1.074477]"
1702,1702,99,28.55250000000001,0.7078559,-5.312161,-0.09083179736288272,-1.6899267390361414,5.925421,-3.793775,False,6,"[0.0129601, -0.0446869, 0.5185429]","[0.1116287, -0.07132, 1.075541]"
1703,1703,99,28.56970000000001,0.5242059,-5.282968,-0.21394266624351,-1.6378219236909555,5.786206,-3.893415,False,6,"[0.0111248, -0.0445058, 0.5182503]","[0.1090008, -0.0732075, 1.075669]"
1704,1704,99,28.586000000000013,0.2802034,-5.435752,-0.4228992087545662,-1.7568697683054202,5.74763,-4.209723,False,6,"[0.0108969, -0.0458144, 0.518558]","[0.1083208, -0.0792135, 1.076182]"
1705,1705,99,28.602700000000027,0.09246268,-5.664814,-0.6100936404155182,-1.9580566145085943,5.684426,-4.076818,False,6,"[0.0092104, -0.0474581, 0.5179458]","[0.107234, -0.0767844, 1.077309]"
1706,1706,99,28.619300000000067,-0.0002539784,-5.23846,-0.5747244282786803,-1.5272149666003019,5.759513,-4.291247,False,6,"[0.0082458, -0.04431, 0.5182916]","[0.108691, -0.0808608, 1.077616]"
1707,1707,99,28.63620000000003,0.1765588,-5.132598,-0.42445642519608096,-1.4457159414893246,5.209592,-4.52346,False,6,"[0.0083127, -0.0439008, 0.5183104]","[0.0983334, -0.0853243, 1.078501]"
1708,1708,99,28.652900000000045,0.09499822,-5.050297,-0.4627035292891537,-1.3544321354670261,5.181633,-4.214332,False,6,"[0.0063951, -0.048128, 0.5176094]","[0.0980018, -0.0796332, 1.080696]"
1709,1709,99,28.66960000000006,-0.02147022,-4.856591,-0.4992713008698182,-1.1492089424940666,5.135651,-3.81722,False,6,"[0.0047316, -0.0478195, 0.5171496]","[0.0972798, -0.0722192, 1.082392]"
1710,1710,99,28.685799999999972,0.07666638,-4.886262,-0.4368186794849984,-1.1908812581817747,5.059256,-4.010355,False,6,"[0.0025305, -0.0492371, 0.5174276]","[0.0959209, -0.0759607, 1.083474]"
1711,1711,99,28.7029,0.03332011,-5.07981,-0.5133651099296677,-1.3755740641584078,5.017765,-3.546592,False,6,"[0.0008341, -0.0512713, 0.5168842]","[0.0953049, -0.0672758, 1.085463]"
1712,1712,99,28.719600000000014,0.05442475,-5.289423,-0.5480853704291628,-1.5842725418783505,5.335568,-3.404392,False,6,"[-2.3e-06, -0.0474636, 0.5176864]","[0.101469, -0.0646317, 1.086469]"
1713,1713,99,28.73630000000003,-0.01226592,-5.261705,-0.5887364341782433,-1.548528741944497,5.048694,-3.558642,False,6,"[0.0015968, -0.0465444, 0.5181895]","[0.0960225, -0.0675945, 1.086902]"
1714,1714,99,28.753199999999993,0.1244388,-5.403341,-0.525504295024642,-1.7051574670162966,5.147134,-3.77263,False,6,"[0.0008595, -0.0458122, 0.5183936]","[0.0979207, -0.0716821, 1.087079]"
1715,1715,99,28.769800000000032,0.1765613,-5.370491,-0.4808176337299117,-1.6795176680984056,5.061464,-3.981703,False,6,"[-0.0001945, -0.0440962, 0.5189792]","[0.0962743, -0.0756609, 1.086989]"
1716,1716,99,28.786200000000008,0.07669133,-5.04489,-0.47438407307112773,-1.346784149183982,4.938327,-4.179381,False,6,"[0.0006946, -0.0443784, 0.5191146]","[0.0939234, -0.0794328, 1.087024]"
1717,1717,99,28.802999999999997,-0.1266053,-4.926874,-0.5903606465482008,-1.2048792378353168,4.771376,-4.089355,False,6,"[0.0003018, -0.046133, 0.5189758]","[0.0907422, -0.0777236, 1.087133]"
1718,1718,99,28.81970000000001,-0.3907152,-4.707946,-0.7254854371115345,-0.9560447335793221,4.690569,-3.90984,False,6,"[0.0004932, -0.0480681, 0.5192001]","[0.0891936, -0.0742969, 1.087074]"
1719,1719,99,28.8365,-0.5641278,-4.788547,-0.8673610723638743,-1.0131507258099806,4.524971,-3.617737,False,6,"[-0.0001112, -0.0478263, 0.5193254]","[0.0860274, -0.0687276, 1.087024]"
1720,1720,99,28.853200000000015,-0.8330637,-5.021873,-1.1130533764276733,-1.2081764945273488,4.346924,-3.533664,False,6,"[0.0011282, -0.0491358, 0.5194792]","[0.0825611, -0.0670711, 1.08613]"
1721,1721,99,28.86990000000003,-0.9858946,-4.987839,-1.213196820801718,-1.155243131113286,3.986389,-3.284996,False,6,"[0.0016011, -0.0488425, 0.5195558]","[0.0756549, -0.0623113, 1.085621]"
1722,1722,99,28.88639999999998,-0.904942,-4.671781,-1.0809986705409993,-0.8549419188724032,3.856165,-3.214525,False,6,"[0.0006966, -0.0459403, 0.520404]","[0.073062, -0.0608769, 1.083932]"
1723,1723,99,28.902900000000045,-1.0617,-4.586913,-1.1718786872324534,-0.7515481904537644,3.58922,-3.240043,False,6,"[-0.0011506, -0.0448874, 0.5207185]","[0.0678972, -0.061277, 1.082445]"
1724,1724,99,28.920000000000073,-1.158638,-3.925948,-1.0839128712276345,-0.08959249909628264,3.575844,-3.084359,False,6,"[-0.0035539, -0.0429194, 0.5211537]","[0.067504, -0.0582065, 1.080212]"
1725,1725,99,28.936500000000024,-1.237598,-3.956041,-1.146947752046966,-0.10910114866748444,3.469518,-2.944564,False,6,"[-0.0051328, -0.04367, 0.5213012]","[0.065374, -0.0554636, 1.078269]"
1726,1726,99,28.952999999999975,-1.851771,-4.100114,-1.6159276838673766,-0.17239402164294315,3.396077,-2.741646,False,6,"[-0.007578, -0.0457957, 0.5211558]","[0.0638407, -0.0515174, 1.075805]"
1727,1727,99,28.96950000000004,-2.159095,-4.083624,-1.8296115961416954,-0.11700627224605142,3.068702,-2.453145,False,6,"[-0.0089708, -0.0454957, 0.5212928]","[0.0575786, -0.0460129, 1.074023]"
1728,1728,99,28.98630000000003,-2.195679,-3.965836,-1.8276067032497836,0.0034200261176104974,2.818893,-2.245717,False,6,"[-0.0082437, -0.0426494, 0.5219024]","[0.0527281, -0.0419943, 1.070866]"
1729,1729,99,29.00330000000008,-2.381948,-4.011816,-1.9703822901331045,-0.01802133418917551,2.516474,-2.207165,False,6,"[-0.0096738, -0.041879, 0.5219991]","[0.0469447, -0.0411684, 1.068162]"
1730,1730,99,29.024400000000014,-2.385002,-4.449704,-2.076291520955025,-0.4479886081556472,2.388762,-2.221887,False,6,"[-0.0106209, -0.0360394, 0.5251403]","[0.0444028, -0.0412977, 1.064409]"
1731,1731,99,29.03640000000007,-2.575535,-4.339496,-2.185081135336545,-0.31538466601706405,2.238362,-2.291835,False,6,"[-0.0113041, -0.0361859, 0.5232517]","[0.0414719, -0.0424637, 1.061024]"
1732,1732,99,29.053300000000036,-2.463916,-4.228416,-2.0797351998039817,-0.22044569858635787,2.24897,-2.257488,False,6,"[-0.0169186, -0.0375116, 0.5232987]","[0.0415074, -0.0416648, 1.056917]"
1733,1733,99,29.069900000000075,-2.591465,-4.221965,-2.1685137357061386,-0.19784416816873884,2.267622,-2.182811,False,6,"[-0.0197347, -0.0373709, 0.5234493]","[0.0417016, -0.0401404, 1.05312]"
1734,1734,99,29.086900000000014,-2.434314,-4.22048,-2.0568962183749604,-0.21642021176842263,2.205513,-2.07214,False,6,"[-0.0200795, -0.0363078, 0.5237133]","[0.04041, -0.0379641, 1.04927]"
1735,1735,99,29.104100000000017,-2.569968,-4.253231,-2.1607012008134894,-0.231313111510155,2.099834,-2.017363,False,6,"[-0.0217845, -0.0367296, 0.5237057]","[0.0383183, -0.036812, 1.045079]"
1736,1736,99,29.119800000000055,-2.017221,-5.036633,-1.9549546759014578,-1.0717119950198901,1.998073,-1.940737,False,6,"[-0.0217989, -0.0407287, 0.5233808]","[0.0363226, -0.0352795, 1.041147]"
1737,1737,99,29.137100000000032,-2.232125,-5.068161,-2.1145802973432484,-1.075299184792489,1.896416,-1.827853,False,6,"[-0.0235479, -0.0397248, 0.5234967]","[0.0343312, -0.0330891, 1.036857]"
1738,1738,99,29.153500000000008,-2.057429,-4.724616,-1.9094977865712406,-0.7599352675395732,1.870096,-1.826169,False,6,"[-0.0225504, -0.0387461, 0.524063]","[0.0336943, -0.0329023, 1.031954]"
1739,1739,99,29.170299999999997,-2.109475,-4.749957,-1.9523512090228028,-0.778204969112636,1.849686,-1.808177,False,6,"[-0.0237169, -0.0386827, 0.5240082]","[0.0331601, -0.0324155, 1.026809]"
1740,1740,99,29.186699999999973,-2.019257,-4.693944,-1.8752043498739597,-0.7346574307562683,1.781178,-1.712125,False,6,"[-0.0222919, -0.0386951, 0.5243615]","[0.031771, -0.0305385, 1.021659]"
1741,1741,99,29.204000000000065,-2.132546,-4.526205,-1.915673272873848,-0.5553599769775737,1.759719,-1.514392,False,6,"[-0.0235337, -0.0389933, 0.5243175]","[0.0312258, -0.0268703, 1.01638]"
1742,1742,99,29.220199999999977,-2.031863,-4.37424,-1.8083835089387321,-0.41884494973973485,1.671673,-1.441065,False,6,"[-0.0184436, -0.0461503, 0.5236443]","[0.0295094, -0.0254367, 1.011134]"
1743,1743,99,29.23689999999999,-2.14678,-4.439968,-1.905319429869221,-0.4687914708718832,1.73764,-1.418815,False,6,"[-0.0204103, -0.0464405, 0.5236418]","[0.0305108, -0.0249101, 1.005736]"
1744,1744,99,29.253400000000056,-0.7420891,-2.738909,-0.5077487846241693,1.0239235939413716,1.865451,-1.467124,False,6,"[-0.0188286, -0.0433171, 0.5241189]","[0.0325669, -0.0256094, 0.9999101]"
1745,1745,99,29.270399999999995,-0.8957704,-2.995773,-0.677415555421695,0.7910706173970312,1.807786,-1.775931,True,6,"[-0.0193163, -0.0435752, 0.5244157]","[0.0313628, -0.0308098, 0.9936802]"
1746,1746,99,29.28660000000002,-2.119275,-4.157961,-1.8190306829300562,-0.1951414614832041,1.900947,-1.924034,True,6,"[-0.0185119, -0.0431113, 0.525052]","[0.032767, -0.0331653, 0.9872562]"
1747,1747,99,29.303600000000074,-2.709991,-3.956317,-2.18949338344493,0.0783459955878758,1.881166,-2.187037,True,6,"[-0.0195358, -0.0415308, 0.5246307]","[0.0322264, -0.0374711, 0.9811873]"
1748,1748,99,29.3202,-2.617819,-3.682218,-2.0592928676437996,0.3359794888194587,1.849472,-2.516656,True,6,"[-0.0186097, -0.0401246, 0.5245488]","[0.0314904, -0.042863, 0.9752194]"
1749,1749,99,29.33680000000004,-2.370854,-3.676031,-1.8829714276992884,0.31057400343960717,1.867763,-2.812037,True,6,"[-0.0196473, -0.040697, 0.5241247]","[0.031615, -0.0476198, 0.9694828]"
1750,1750,99,29.35340000000008,-2.094589,-3.895817,-1.7394438940287196,0.05934657760163198,1.925355,-3.260029,True,6,"[-0.0068158, -0.0251735, 0.5262082]","[0.0323589, -0.0548289, 0.9625909]"
1751,1751,99,29.37080000000003,-1.900512,-3.973675,-1.6204805169093732,-0.04191559357606511,1.946277,-3.515079,True,6,"[-0.0082179, -0.0275064, 0.5255953]","[0.0325089, -0.058764, 0.9566507]"
1752,1752,99,29.38740000000007,-0.9330907,-4.322092,-1.0180781168639068,-0.507678588110493,2.042138,-3.632412,False,6,"[-0.0193881, -0.0380885, 0.5239288]","[0.0339382, -0.0604223, 0.9517927]"
1753,1753,99,29.404499999999985,-0.9777128,-4.311765,-1.0472246192216181,-0.49184024237910684,2.556395,-3.731912,False,6,"[-0.0247876, -0.036218, 0.5236782]","[0.042268, -0.0617507, 0.9467127]"
1754,1754,99,29.420600000000036,0.7463127,-4.426116,0.14632317639207237,-0.8240240253969322,3.926543,-4.292429,False,6,"[-0.0239844, -0.0337595, 0.5245781]","[0.0644477, -0.0704747, 0.9389431]"
1755,1755,99,29.437400000000025,0.7640929,-4.665887,0.10210394676564283,-1.0619379670883644,4.501901,-4.572672,False,6,"[-0.021739, -0.0337336, 0.5250607]","[0.0733852, -0.0745437, 0.9320522]"
1756,1756,99,29.45410000000004,1.307683,-5.976566,0.17644172361321453,-2.419377625482934,5.068067,-4.959013,False,6,"[-0.019205, -0.0357595, 0.525104]","[0.082034, -0.0802598, 0.9249947]"
1757,1757,99,29.470800000000054,1.198421,-6.089785,0.07225780150531314,-2.5167193023738017,5.650295,-5.319117,False,6,"[-0.0174314, -0.0364915, 0.5253217]","[0.0908516, -0.0854949, 0.9182755]"
1758,1758,99,29.487300000000005,1.224896,-7.135394,-0.1567291325769138,-3.5477199156313812,5.774315,-5.541007,False,6,"[-0.0085459, -0.0396565, 0.524708]","[0.0922547, -0.0885033, 0.9122978]"
1759,1759,99,29.504099999999994,1.027635,-7.200321,-0.31177628180540706,-3.5863810082987193,6.174791,-5.867969,False,6,"[-0.008953, -0.039554, 0.52461]","[0.0980698, -0.0931616, 0.9064622]"
1760,1760,99,29.520700000000033,1.011938,-6.941539,-0.26157791427515187,-3.330048633855232,6.255291,-6.36266,False,6,"[0.0068308, -0.0405895, 0.5243829]","[0.0986856, -0.1003934, 0.9003236]"
1761,1761,99,29.537699999999973,0.8739322,-6.849491,-0.33747991536723565,-3.2219891527416253,6.300557,-6.492612,False,6,"[0.0069922, -0.0427894, 0.5242798]","[0.0988324, -0.1018706, 0.8951331]"
1762,1762,99,29.554200000000037,0.8854188,-6.550231,-0.2584447983945948,-2.9293406642043633,6.188502,-6.365783,False,6,"[0.0119347, -0.0547351, 0.5228261]","[0.0966016, -0.0993915, 0.8908978]"
1763,1763,99,29.571500000000015,0.7438037,-6.371104,-0.3162709898117527,-2.735239723541821,6.05131,-6.113811,False,6,"[0.0109207, -0.0556952, 0.5220338]","[0.0940805, -0.0950596, 0.8874708]"
1764,1764,99,29.587800000000016,0.2994904,-6.026815,-0.5492817196200355,-2.3402258399259095,5.788735,-5.878666,False,6,"[0.0111377, -0.0652079, 0.520897]","[0.0896279, -0.09103, 0.8840987]"
1765,1765,99,29.604900000000043,0.2399298,-6.079087,-0.6038362590474362,-2.3840052955238447,5.655869,-5.636788,False,6,"[0.0093367, -0.0657587, 0.52051]","[0.0872573, -0.086961, 0.8810712]"
1766,1766,99,29.62099999999998,-0.2103633,-6.180566,-0.9466947126817473,-2.426330139191501,5.494061,-5.529454,False,6,"[0.0091973, -0.063394, 0.5206946]","[0.0844559, -0.0850034, 0.8780621]"
1767,1767,99,29.63790000000006,-0.3074355,-6.208701,-1.0220894502538758,-2.441605303534378,5.34099,-5.391075,False,6,"[0.0079422, -0.0625412, 0.5206603]","[0.0817872, -0.0825587, 0.8748345]"
1768,1768,99,29.654300000000035,-0.684443,-6.26643,-1.3026949034206305,-2.450275947545867,5.197957,-5.380246,False,6,"[0.0080543, -0.059841, 0.5211554]","[0.0792888, -0.0820856, 0.871582]"
1769,1769,99,29.671100000000024,-0.8821077,-6.277253,-1.4452092483409364,-2.435712122384179,4.997808,-5.487154,False,6,"[0.0067654, -0.0581864, 0.5211156]","[0.0759121, -0.0833885, 0.868062]"
1770,1770,99,29.6875,-1.657584,-6.448171,-2.034755036344418,-2.5048233923877516,4.674706,-5.586632,False,6,"[0.0027263, -0.0550648, 0.521558]","[0.0707635, -0.0846485, 0.8653914]"
1771,1771,99,29.704500000000053,-1.850868,-6.437028,-2.168963457191974,-2.4692298713711605,4.282484,-5.597394,False,6,"[0.002181, -0.0554681, 0.5208268]","[0.0645774, -0.0845174, 0.8623785]"
1772,1772,99,29.72090000000003,-2.474053,-6.466685,-2.6172159469670593,-2.41892566067098,3.865065,-5.664621,False,6,"[-0.0019141, -0.0564546, 0.5213206]","[0.058054, -0.0852325, 0.859288]"
1773,1773,99,29.738000000000056,-2.711943,-6.493512,-2.792002274265889,-2.4149621721465087,3.378931,-5.620436,False,6,"[-0.0027947, -0.056661, 0.5208367]","[0.0505704, -0.0842907, 0.8565172]"
1774,1774,99,29.754599999999982,-3.210324,-6.704894,-3.194946661343696,-2.5591689367900914,2.975956,-5.487363,False,6,"[-0.006222, -0.0571914, 0.5208305]","[0.0444163, -0.0820767, 0.8543742]"
1775,1775,99,29.771799999999985,-3.456456,-7.007674,-3.440948842963736,-2.8253614614895453,2.642532,-5.456013,False,6,"[-0.0080088, -0.0572167, 0.5201553]","[0.0393066, -0.0813445, 0.8516474]"
1776,1776,99,29.787900000000036,-4.001376,-7.136255,-3.857225974292419,-2.8822579926748535,2.160004,-5.410845,False,6,"[-0.015068, -0.0588485, 0.5206935]","[0.032006, -0.0803767, 0.8485825]"
1777,1777,99,29.80510000000004,-4.237357,-7.214313,-4.04279863922912,-2.928887749334822,1.887905,-5.377402,False,6,"[-0.0167963, -0.0586414, 0.5197671]","[0.0278825, -0.0796242, 0.8458965]"
1778,1778,99,29.821700000000078,-11.60692,-7.691373,-9.373607157391646,-2.458181982369811,1.503781,-5.321286,False,6,"[-0.0224826, -0.0589793, 0.5203443]","[0.0221197, -0.0784807, 0.8425927]"
1779,1779,99,29.83839999999998,-11.61443,-7.14864,-9.250336944324637,-1.9238261426091565,1.308383,-5.254857,False,6,"[-0.0246049, -0.0591237, 0.5194448]","[0.019196, -0.0773004, 0.8404726]"
1780,1780,99,29.854900000000043,-3.466668,-4.868495,-2.9413525201127095,-0.7216728855051011,1.060611,-5.061765,False,6,"[-0.0291545, -0.0611057, 0.5197853]","[0.0154998, -0.0741572, 0.8372251]"
1781,1781,99,29.872600000000034,-3.471646,-4.882482,-2.9481909125338523,-0.734784663543163,0.9634426,-4.571741,False,6,"[-0.0313058, -0.0637108, 0.518309]","[0.0140626, -0.0668656, 0.83622]"
1782,1782,99,29.888199999999983,-3.957792,-4.610916,-3.228049884184605,-0.4059096589791791,0.7803959,-4.098652,False,6,"[-0.0362642, -0.0649062, 0.5184231]","[0.0113531, -0.0597251, 0.8334827]"
1783,1783,99,29.904899999999998,-4.409518,-4.685692,-3.5655962278880837,-0.42180809209382186,0.7963358,-3.585186,False,6,"[-0.0383422, -0.0655071, 0.5175022]","[0.0115907, -0.0522473, 0.8338869]"
1784,1784,99,29.921500000000037,-3.835031,-4.712079,-3.1651010489023275,-0.5209837777549264,0.7842805,-3.414477,False,6,"[-0.1062742, -0.0698773, 0.5174103]","[0.0113955, -0.0496675, 0.8324464]"
1785,1785,99,29.938600000000065,-4.191679,-5.098749,-3.5092262113088513,-0.855533542470674,0.7844916,-3.877577,False,6,"[-0.1065128, -0.0649955, 0.5182276]","[0.0114006, -0.0564334, 0.8325968]"
1786,1786,99,29.95530000000008,-4.261592,-5.242887,-3.592875854100548,-0.9882791188779665,0.8869916,-4.13651,False,6,"[-0.0314, -0.0441498, 0.5183335]","[0.0128546, -0.0600472, 0.8302821]"
1787,1787,99,29.972500000000082,-4.055046,-4.987408,-3.386108084518682,-0.7635271501146335,0.9821252,-4.419689,False,6,"[-0.0314446, -0.0442764, 0.5183243]","[0.014256, -0.0642749, 0.8315907]"
1788,1788,99,29.98860000000002,-3.613522,-4.900626,-3.0529404063253045,-0.7345285378862965,1.05683,-4.705185,False,6,"[-0.0358609, -0.0418026, 0.5183218]","[0.0153067, -0.0682937, 0.8297531]"
1789,1789,99,30.006399999999985,-3.599334,-4.959783,-3.0569108687030884,-0.7944769362932549,1.395917,-4.582112,False,6,"[-0.0398573, -0.0423645, 0.5168694]","[0.020275, -0.0666818, 0.8320262]"
1790,1790,99,30.022000000000048,-2.75624,-5.221339,-2.5219547841383965,-1.1590221369277947,1.430616,-5.138795,False,6,"[-0.034759, -0.0427408, 0.5185271]","[0.0207259, -0.0746326, 0.8298953]"
1791,1791,99,30.038800000000037,-2.709857,-5.355041,-2.5207922484850043,-1.2963380202615635,1.752736,-5.328798,False,6,"[-0.0379953, -0.0462571, 0.5184283]","[0.0254582, -0.0775996, 0.8319522]"
1792,1792,99,30.055200000000013,-2.608245,-5.854558,-2.567197600712773,-1.8002184013847957,2.353107,-5.310196,False,6,"[-0.0386026, -0.0475366, 0.5180423]","[0.0341781, -0.0773069, 0.8317338]"
1793,1793,99,30.07230000000004,-2.527015,-5.963266,-2.5354410515023096,-1.9174128792770482,2.592733,-5.662275,False,6,"[-0.0368959, -0.0454183, 0.5204504]","[0.0376818, -0.0825059, 0.8321466]"
1794,1794,99,30.088500000000067,-1.895279,-6.767797,-2.278774924269435,-2.78864782814572,2.950268,-6.265656,False,6,"[-0.0328001, -0.0445329, 0.5193871]","[0.0428206, -0.091224, 0.8308629]"
1795,1795,99,30.105300000000057,-1.969991,-6.712626,-2.3186009085338832,-2.7249005447050108,3.383276,-6.671702,False,6,"[-0.0327985, -0.045249, 0.5214139]","[0.0491194, -0.0971889, 0.8308705]"
1796,1796,99,30.121899999999982,-1.509605,-6.946941,-2.0481547503990765,-3.0138810451186133,3.55651,-6.930928,False,6,"[-0.0250292, -0.0475096, 0.5198973]","[0.0516091, -0.1009394, 0.8303601]"
1797,1797,99,30.13869999999997,-1.607068,-6.911397,-2.1087389861333996,-2.9665226195389742,3.832767,-7.270944,False,6,"[-0.0247056, -0.0489276, 0.5219716]","[0.0556002, -0.1058878, 0.8299229]"
1798,1798,99,30.155399999999986,-1.318704,-6.87016,-1.8948020755628336,-2.962758983488359,3.989327,-7.471211,False,6,"[-0.0236884, -0.0533208, 0.520008]","[0.0578539, -0.1087909, 0.8295699]"
1799,1799,99,30.17240000000004,-1.483818,-6.833261,-2.0029633793142114,-2.9054438984973787,4.072722,-7.49159,False,6,"[-0.0230407, -0.0545334, 0.52207]","[0.0590374, -0.1090358, 0.8291495]"
1800,1800,99,30.188600000000065,-1.472563,-6.649439,-1.9514424745089896,-2.726218430471545,3.971084,-7.356422,False,6,"[-0.0171865, -0.0616351, 0.5193704]","[0.0576141, -0.1071484, 0.8299388]"
1801,1801,99,30.20569999999998,-1.573767,-6.715891,-2.0388408835755434,-2.7786247977510303,3.82389,-7.303987,False,6,"[-0.0179221, -0.0613253, 0.5210462]","[0.0554547, -0.1063431, 0.8296796]"
1802,1802,99,30.22180000000003,-1.964073,-6.716758,-2.3153898372670962,-2.729715975146883,3.722665,-7.287952,False,6,"[-0.0136771, -0.0632355, 0.5189843]","[0.0540298, -0.1062, 0.830406]"
1803,1803,99,30.239199999999983,-1.961726,-6.786889,-2.330343959936874,-2.7989399951535994,3.602311,-7.30536,False,6,"[-0.0146031, -0.0630921, 0.5204968]","[0.0522432, -0.1063849, 0.8298483]"
1804,1804,99,30.255300000000034,-1.980616,-6.677955,-2.31790914328056,-2.689471258499146,3.424473,-7.160676,False,6,"[-0.011944, -0.0625144, 0.5188563]","[0.0496993, -0.1043428, 0.8305426]"
1805,1805,99,30.280399999999986,-2.025724,-6.744388,-2.365586092352748,-2.7490107464220026,3.284518,-7.067988,False,6,"[-0.0134355, -0.0621539, 0.5186773]","[0.0476228, -0.1028901, 0.8298306]"
1806,1806,99,30.289300000000026,-2.179466,-6.502842,-2.4172096743902554,-2.4920182853136623,3.163154,-7.100983,False,6,"[-0.013336, -0.0604781, 0.518776]","[0.0458652, -0.1033883, 0.8299346]"
1807,1807,99,30.30619999999999,-2.25298,-6.498139,-2.4681446224947776,-2.4780237232749647,3.193169,-7.092553,False,6,"[-0.0142815, -0.0612099, 0.5198109]","[0.0462391, -0.1031255, 0.8288192]"
1808,1808,99,30.32260000000008,-2.352455,-6.212365,-2.4708674581375547,-2.184482563532854,3.049209,-6.851787,False,6,"[-0.0177925, -0.0611033, 0.5188376]","[0.0441747, -0.0996455, 0.8292761]"
1809,1809,99,30.339800000000082,-2.310248,-6.34453,-2.4722974493286154,-2.319755475397163,2.931191,-6.689778,False,6,"[-0.0177943, -0.0618274, 0.5195116]","[0.0424259, -0.0971851, 0.8285733]"
1810,1810,99,30.35590000000002,-2.523275,-6.197132,-2.5882019440341364,-2.1477333689759606,2.795821,-6.561018,False,6,"[-0.0179499, -0.0607721, 0.5190516]","[0.0404567, -0.0952822, 0.8284359]"
1811,1811,99,30.373500000000035,-2.512833,-6.230133,-2.5886276105079675,-2.1814980469615675,2.685359,-6.42247,False,6,"[-0.0183822, -0.0614598, 0.5197073]","[0.0388021, -0.093124, 0.8272902]"
1812,1812,99,30.389400000000023,-2.763442,-6.206907,-2.7605603695643963,-2.1267208634561765,2.513671,-6.323454,False,6,"[-0.0197759, -0.059231, 0.519635]","[0.0362921, -0.0916109, 0.8266981]"
1813,1813,99,30.406600000000026,-2.817942,-6.123331,-2.7793460249110638,-2.0376339952677975,2.340138,-6.327443,False,6,"[-0.0204585, -0.0592311, 0.5200146]","[0.0337077, -0.0914629, 0.8248377]"
1814,1814,99,30.422900000000027,-3.073822,-6.02549,-2.937332529838146,-1.9088531266540958,2.193274,-6.199479,False,6,"[-0.0213619, -0.0566029, 0.5199935]","[0.0315582, -0.089508, 0.824005]"
1815,1815,99,30.439500000000066,-3.820462,-5.919569,-3.4408714192982632,-1.7095632314692049,1.9688,-6.037153,False,6,"[-0.0209806, -0.0578232, 0.5200504]","[0.0282684, -0.0869706, 0.8223404]"
1816,1816,99,30.456300000000056,-3.688941,-5.90778,-3.3449591115014234,-1.7147448754555379,1.675672,-5.929861,False,6,"[-0.0229233, -0.0564832, 0.5201796]","[0.0240266, -0.0853058, 0.821301]"
1817,1817,99,30.473100000000045,-3.626144,-6.055838,-3.335576480185428,-1.8682625001520847,1.474608,-5.687751,False,6,"[-0.0228234, -0.0567742, 0.5200676]","[0.0210975, -0.0816259, 0.819559]"
1818,1818,99,30.489700000000084,-4.315423,-5.688089,-3.73646897238803,-1.418960933533696,1.161798,-5.567593,False,6,"[-0.0251181, -0.056595, 0.5203819]","[0.0165904, -0.0797452, 0.8180689]"
1819,1819,99,30.507000000000062,-4.553139,-5.69139,-3.905558189308228,-1.3918982592628355,0.7056596,-5.35335,False,6,"[-0.0255391, -0.0556632, 0.5188538]","[0.0100372, -0.0763634, 0.8149219]"
1820,1820,99,30.523599999999988,-4.959454,-5.528003,-4.154525794724344,-1.179519469645225,0.587878,-5.18601,False,6,"[-0.0278764, -0.0547946, 0.5191143]","[0.0083391, -0.0737626, 0.8127133]"
1821,1821,99,30.541200000000003,-4.914105,-5.333201,-4.076264291183927,-0.9938495637326321,0.3921973,-5.0898,False,6,"[-0.0347231, -0.0539135, 0.5199732]","[0.0055463, -0.0721666, 0.8102399]"
1822,1822,99,30.55709999999999,-5.091391,-4.931011,-4.106496739955167,-0.5759743935797381,0.2410575,-4.854443,False,6,"[-0.0334811, -0.0537359, 0.519302]","[0.0033984, -0.0686019, 0.8077522]"
1823,1823,99,30.574299999999994,-5.035588,-4.898013,-4.059169154667527,-0.5506583746358658,0.1191496,-4.77636,False,6,"[-0.032968, -0.0551904, 0.5202237]","[0.0016745, -0.06728, 0.8052002]"
1824,1824,99,30.59030000000007,-5.753978,-4.731598,-4.528373958750046,-0.29551658398444136,-0.005954696,-4.679023,False,6,"[-0.0393292, -0.0519117, 0.5211846]","[-8.34e-05, -0.0657042, 0.8027747]"
1825,1825,99,30.607200000000034,-5.418011,-4.562129,-4.250351820338092,-0.17179545196061907,-0.05582871,-4.404441,False,6,"[-0.041527, -0.0519701, 0.5214664]","[-0.0007802, -0.0616691, 0.8006508]"
1826,1826,99,30.623699999999985,-5.379937,-4.536022,-4.21720933544155,-0.15099160617053276,0.01614485,-4.224548,False,6,"[-0.0452118, -0.0504255, 0.5210196]","[0.000225, -0.0589758, 0.7984139]"
1827,1827,99,30.6404,-5.866037,-4.790726,-4.621722655239569,-0.3393409927398521,0.0473984,-4.335706,False,6,"[-0.0447534, -0.0485915, 0.5205203]","[0.0006583, -0.0603367, 0.7958195]"
1828,1828,99,30.65700000000004,-5.650387,-5.106532,-4.543861222731796,-0.6772090117606391,0.2196134,-4.564717,False,6,"[-0.0464579, -0.0449871, 0.5214351]","[0.0030388, -0.0632951, 0.7927908]"
1829,1829,99,30.67380000000003,-5.529898,-4.860379,-4.400232898121438,-0.45065105929226856,0.4256425,-4.69784,False,6,"[-0.0458985, -0.0446384, 0.5208961]","[0.0058706, -0.064939, 0.790233]"
1830,1830,99,30.690400000000068,-5.26612,-4.995859,-4.245572118234466,-0.6174304957897379,0.7157274,-4.870562,False,6,"[-0.0525542, -0.0431691, 0.5215533]","[0.0098292, -0.0670466, 0.7868142]"
1831,1831,99,30.707300000000032,-5.543159,-4.967412,-4.4349807945611275,-0.5541524950120467,0.6821237,-5.277674,False,6,"[-0.0494769, -0.0416248, 0.5216602]","[0.0093289, -0.07238, 0.7835526]"
1832,1832,99,30.723700000000008,-4.122656,-4.715128,-3.3694670137025406,-0.4873104371434005,0.6647441,-5.664851,False,6,"[-0.0491829, -0.0414325, 0.5222522]","[0.0090493, -0.0773658, 0.7799467]"
1833,1833,99,30.741100000000074,-4.091894,-4.731094,-3.351469731183455,-0.50692374352698,1.222629,-5.518887,False,6,"[-0.0536576, -0.0437704, 0.5222611]","[0.0166004, -0.0751548, 0.7778246]"
1834,1834,99,30.757100000000037,-3.565421,-5.04684,-3.053525911383301,-0.8843602549650207,1.67849,-5.592832,False,6,"[-0.0515507, -0.0465611, 0.5210357]","[0.0227081, -0.0758842, 0.7749254]"
1835,1835,99,30.77380000000005,-2.250968,-5.600336,-2.254007437567841,-1.5959188168111478,2.096521,-6.13624,False,6,"[-0.0504385, -0.0443004, 0.5209741]","[0.028248, -0.0829586, 0.7716441]"
1836,1836,99,30.790399999999977,-2.152296,-5.52055,-2.165242561191091,-1.5300849750819232,2.322858,-6.528121,False,6,"[-0.0480011, -0.0455248, 0.5207844]","[0.0311853, -0.0879755, 0.7687962]"
1837,1837,99,30.80720000000008,-1.687337,-5.311523,-1.7865195003491219,-1.3839316669084596,2.803763,-6.79044,False,6,"[-0.0504723, -0.0452021, 0.5200684]","[0.0375657, -0.0913359, 0.7670546]"
1838,1838,99,30.82370000000003,-0.9110165,-5.639379,-1.3145484102472795,-1.805123464032488,3.811155,-7.102224,False,6,"[-0.0374708, -0.0428786, 0.5198616]","[0.0509932, -0.0953764, 0.7654853]"
1839,1839,99,30.84050000000002,-0.9334556,-6.017815,-1.4200969241513537,-2.1741898244679456,4.782941,-7.359211,False,6,"[-0.0371485, -0.0429762, 0.5192789]","[0.0638617, -0.0985743, 0.7632335]"
1840,1840,99,30.857000000000085,-0.5337357,-5.983572,-1.1289751290613488,-2.1914968881543464,5.012875,-7.570531,False,6,"[-0.0323611, -0.0458665, 0.5193657]","[0.0668933, -0.101356, 0.7626197]"
1841,1841,99,30.874000000000024,-0.4887507,-5.990716,-1.0988175524190307,-2.2042532461086513,5.256779,-7.591505,False,6,"[-0.0203572, -0.0507837, 0.5179011]","[0.0701205, -0.1015743, 0.7621263]"
1842,1842,99,30.8904,0.03633266,-6.303414,-0.8011354725731987,-2.5785170129529673,5.515168,-7.761899,False,6,"[-0.0194777, -0.050091, 0.5182661]","[0.0735821, -0.1038737, 0.7620648]"
1843,1843,99,30.907100000000014,0.1976308,-6.357481,-0.6997434064306605,-2.65221832862872,5.440316,-8.122211,False,6,"[-0.0152693, -0.0481901, 0.5183404]","[0.0724892, -0.1086272, 0.7611392]"
1844,1844,99,30.92360000000008,0.1127004,-6.619244,-0.8218940254666882,-2.898651238781677,5.563,-8.460171,False,6,"[-0.0082419, -0.05118, 0.5183057]","[0.0741127, -0.1131793, 0.7609187]"
1845,1845,99,30.940400000000068,0.2829104,-6.550682,-0.6851382367195709,-2.852968878197541,5.781364,-8.284752,False,6,"[-0.008423, -0.0544975, 0.5169632]","[0.077127, -0.1109226, 0.7617657]"
1846,1846,21,30.956999999999994,0.5051666,-6.43975,-0.501494275239492,-2.7722807283501725,5.952943,-8.325035,False,6,"[-0.0048211, -0.0542443, 0.5175273]","[0.0795082, -0.111576, 0.7624931]"
1847,1847,21,30.973600000000033,0.6999273,-6.420345,-0.35900271676348594,-2.7780399209661715,6.158589,-8.38686,False,6,"[-0.0044106, -0.0542583, 0.5170391]","[0.0822911, -0.1124375, 0.7626358]"
1848,1848,21,30.990599999999972,0.6636102,-6.10993,-0.31117055659646964,-2.468333699018534,6.598453,-8.087085,False,6,"[0.0003279, -0.057116, 0.5170674]","[0.088266, -0.1084214, 0.7630414]"
1849,1849,21,31.007400000000075,0.7927189,-6.084647,-0.21376912365530354,-2.4599458812404897,6.845278,-7.692412,False,6,"[0.0017813, -0.0575378, 0.5164204]","[0.0917608, -0.1032466, 0.7643911]"
1850,1850,21,31.023599999999988,0.8538669,-5.810356,-0.10548865785464989,-2.198168377014115,6.944505,-7.537369,False,6,"[0.0010155, -0.0599075, 0.5162463]","[0.0932395, -0.1012884, 0.7655033]"
1851,1851,21,31.04060000000004,1.063129,-5.919659,0.016775907807256574,-2.33227069580911,7.072764,-7.333832,False,6,"[0.0025468, -0.0592287, 0.5157871]","[0.0951563, -0.0987067, 0.7669327]"
1852,1852,21,31.057300000000055,1.022491,-5.94728,-0.018540639950795912,-2.3542356122570967,7.207742,-7.06677,False,6,"[0.0045486, -0.0582278, 0.5158812]","[0.0972869, -0.0953645, 0.769269]"
1853,1853,21,31.07400000000007,1.133274,-6.064444,0.03213651085148306,-2.483508425361248,7.289842,-7.006328,False,6,"[0.006294, -0.0579744, 0.5152022]","[0.0986123, -0.0947379, 0.7708741]"
1854,1854,21,31.090400000000045,0.9876217,-6.028078,-0.062371847120412105,-2.4291983851125227,7.461003,-7.052977,False,6,"[0.0059752, -0.0552215, 0.5158743]","[0.101205, -0.0956124, 0.7727926]"
1855,1855,21,31.106899999999996,1.079928,-6.11476,-0.01755455527749783,-2.5261578348561233,7.573806,-7.041557,False,6,"[0.0071305, -0.0549342, 0.5153393]","[0.1029978, -0.0956834, 0.7746337]"
1856,1856,21,31.123800000000074,3.752942,-9.560288,1.0586522282620905,-6.25321320490007,7.910827,-6.967841,False,6,"[0.0076902, -0.052506, 0.5159844]","[0.1078859, -0.0948894, 0.7764143]"
1857,1857,21,31.140800000000013,4.131104,-9.710051,1.2909148891047608,-6.448613034132969,7.944717,-6.854571,False,6,"[0.0095603, -0.0534174, 0.5151809]","[0.1086978, -0.093628, 0.7788772]"
1858,1858,21,31.15700000000004,4.411043,-6.409656,2.271065219971145,-3.240672500709519,8.154284,-6.607214,False,6,"[0.0092042, -0.0537231, 0.5157051]","[0.1119922, -0.0905327, 0.7815893]"
1859,1859,21,31.173700000000053,5.011985,-6.680518,2.6323685821383194,-3.5834911905812152,8.469038,-6.342,False,6,"[0.0101821, -0.0546842, 0.5147154]","[0.1167817, -0.0871699, 0.7843037]"
1860,1860,21,31.190400000000068,5.492617,-5.89186,3.159517915854887,-2.8696743103912885,8.9592,-6.185703,False,6,"[0.0088858, -0.054431, 0.5154462]","[0.1240085, -0.0852518, 0.7865838]"
1861,1861,21,31.207700000000045,5.763028,-6.238775,3.268780579892602,-3.2450978684873943,9.386687,-5.929589,False,6,"[0.0096989, -0.0551198, 0.5145142]","[0.1304672, -0.0819706, 0.7892265]"
1862,1862,21,31.22410000000002,5.682333,-5.773009,3.3219990562722215,-2.777054745067902,9.732489,-5.773817,False,6,"[0.0181672, -0.0466467, 0.2769594]","[0.1358399, -0.0800819, 0.7919917]"
1863,1863,21,31.24090000000001,6.218641,-5.199066,3.8376964675444283,-2.2813581652364983,9.86196,-5.647055,False,6,"[0.0199431, -0.0472476, 0.2761181]","[0.1383128, -0.0786705, 0.7956148]"
1864,1864,21,31.25750000000005,5.78434,-4.72079,3.643519594012189,-1.755938252312526,9.842593,-5.472948,False,6,"[0.021423, -0.0311983, 0.2777164]","[0.1387077, -0.076601, 0.7994879]"
1865,1865,21,31.27449999999999,6.563803,-4.392212,4.273241750499025,-1.5323868958577336,9.975311,-4.978036,False,6,"[0.0242535, -0.0323921, 0.2765525]","[0.1415198, -0.0700848, 0.8046257]"
1866,1866,21,31.291200000000003,5.783166,-4.717006,3.643584908340613,-1.7520696587856213,9.777661,-4.700168,False,6,"[0.0266346, -0.0285839, 0.2769854]","[0.1396152, -0.0666104, 0.810169]"
1867,1867,21,31.307700000000068,6.149714,-4.230817,4.018298059725273,-1.3209747220707628,9.554337,-4.506548,False,6,"[0.0278499, -0.0301666, 0.2759485]","[0.1373934, -0.064336, 0.816274]"
1868,1868,21,31.324500000000057,4.911088,-4.361835,3.1102874445800177,-1.2918243407610506,9.746348,-3.958178,False,6,"[0.0274549, -0.0278959, 0.2759231]","[0.1412781, -0.0569118, 0.8225039]"
1869,1869,21,31.34140000000002,5.314843,-4.420374,3.382283716333408,-1.4008320625248762,9.318824,-4.085925,False,6,"[0.0300164, -0.0250653, 0.2754712]","[0.1361, -0.0592476, 0.8294044]"
1870,1870,21,31.357899999999972,4.680028,-4.209455,2.9827956316024227,-1.112606857152703,9.272292,-4.090089,False,6,"[0.0278891, -0.0227353, 0.275311]","[0.1365448, -0.059806, 0.8363652]"
1871,1871,21,31.374599999999987,5.120685,-4.065445,3.3289082455820593,-1.0272539906307365,8.529889,-4.445386,False,6,"[0.0316902, -0.0211543, 0.2754145]","[0.1265938, -0.0656185, 0.8440469]"
1872,1872,21,31.390899999999988,5.061221,-3.798818,3.3499774869285304,-0.7576316002524228,8.504254,-3.876093,False,6,"[0.0278192, -0.0226647, 0.2746779]","[0.127507, -0.0577763, 0.8527364]"
1873,1873,21,31.40790000000004,5.224066,-3.899558,3.441406721509633,-0.8774003855339148,8.685963,-3.509798,False,6,"[0.029596, -0.0203199, 0.274681]","[0.1314494, -0.0527742, 0.8604355]"
1874,1874,21,31.42420000000004,6.497838,-3.64,4.404755761693714,-0.7847023998267195,8.409639,-3.660182,False,6,"[0.023609, -0.0209577, 0.274762]","[0.1284305, -0.0555713, 0.8687182]"
1875,1875,21,31.44080000000008,5.728607,-4.501244,3.656075747771447,-1.5330627747062655,8.552149,-3.673554,False,6,"[0.0256013, -0.0212738, 0.2751979]","[0.1316004, -0.0561852, 0.8751094]"
1876,1876,21,31.457499999999982,5.985445,-4.255679,3.8961022593528725,-1.3244661221396585,8.459682,-3.720711,False,6,"[0.0225721, -0.0202938, 0.2757261]","[0.1311119, -0.0573262, 0.8815329]"
1877,1877,21,31.474699999999984,5.23738,-4.623157,3.279394029354295,-1.5902514212655472,8.110714,-3.86965,False,6,"[0.0247488, -0.0196294, 0.2761791]","[0.1266028, -0.06009, 0.8883666]"
1878,1878,21,31.490999999999985,5.425062,-4.277391,3.494197069502442,-1.2743603153686438,7.879955,-4.27356,False,6,"[0.0245017, -0.0183694, 0.2766505]","[0.1237943, -0.0668379, 0.8944358]"
1879,1879,21,31.507600000000025,4.845835,-4.936955,2.927826428423614,-1.8487334431218656,7.682008,-4.56424,False,6,"[0.0253371, -0.0188898, 0.2771177]","[0.1213983, -0.0718477, 0.9000095]"
1880,1880,21,31.524600000000078,4.984216,-4.383481,3.1569348648065425,-1.3224212831977216,7.620935,-4.691549,False,6,"[0.0315835, -0.0176405, 0.2772975]","[0.1211802, -0.0743259, 0.905679]"
1881,1881,21,31.549100000000067,4.341039,-4.199039,2.7452532532310796,-1.0591516035703519,7.419558,-4.548469,False,6,"[0.0275824, -0.0216451, 0.2749512]","[0.1186475, -0.0724807, 0.9111]"
1882,1882,21,31.55759999999998,4.596749,-4.408,2.876792205287393,-1.2971196127656492,7.081765,-4.322845,False,6,"[0.0291312, -0.0206751, 0.2778442]","[0.1139051, -0.069307, 0.9168638]"
1883,1883,21,31.575500000000034,4.08651,-4.162368,2.5737305317377404,-0.9906608957761334,6.668671,-4.116628,False,6,"[0.0254131, -0.0224189, 0.2772389]","[0.1077896, -0.0663529, 0.9219193]"
1884,1884,21,31.592200000000048,4.321208,-4.506095,2.658463080549436,-1.358398161760836,6.217884,-4.142143,False,6,"[0.0264501, -0.020831, 0.2785126]","[0.1010147, -0.0671452, 0.9271607]"
1885,1885,21,31.609100000000012,4.149554,-4.696309,2.491862422389225,-1.5234560950735867,5.995059,-3.955488,False,6,"[0.0234215, -0.0238641, 0.2762684]","[0.0978283, -0.0644129, 0.9315467]"
1886,1886,21,31.625600000000077,4.011539,-4.422759,2.4589564058758073,-1.2370151476539926,5.788663,-3.77607,False,6,"[0.0243034, -0.021362, 0.2786737]","[0.0949546, -0.0618196, 0.936654]"
1887,1887,21,31.642299999999977,3.495718,-3.948867,2.206023250555277,-0.7055106813620551,5.693048,-3.784376,False,6,"[0.0212635, -0.0205654, 0.2801113]","[0.0936807, -0.0621583, 0.9397128]"
1888,1888,21,31.658800000000042,3.659632,-4.291812,2.2408247535776393,-1.0634550001562202,5.507479,-3.613778,False,6,"[0.0224351, -0.0215102, 0.2790404]","[0.0910561, -0.0596422, 0.9443614]"
1889,1889,21,31.67540000000008,3.619469,-4.159816,2.243661892404063,-0.9286087753545269,5.251783,-3.480234,False,6,"[0.0200536, -0.0204272, 0.2806888]","[0.0870911, -0.0576224, 0.9474815]"
1890,1890,21,31.692099999999982,3.337213,-3.727754,2.1461862764773616,-0.4679925424198821,4.997792,-3.140809,False,6,"[0.0210878, -0.0219937, 0.2790765]","[0.0832263, -0.0522223, 0.951703]"
1891,1891,21,31.70870000000002,2.35937,-3.171052,1.5857532096621108,0.20380178061322685,4.775156,-2.735409,False,6,"[0.0201828, -0.0228534, 0.2781906]","[0.0797908, -0.0456363, 0.9551697]"
1892,1892,21,31.725700000000074,2.661459,-3.54565,1.710885641322819,-0.20286734243019966,4.613283,-2.515608,False,6,"[0.0195893, -0.021605, 0.2793317]","[0.0773388, -0.0421085, 0.9584508]"
1893,1893,21,31.742700000000013,2.082971,-3.148706,1.3953521806051812,0.2610021193858101,4.435156,-2.33442,False,6,"[0.0171678, -0.0193999, 0.2810359]","[0.0745503, -0.0391824, 0.9611576]"
1894,1894,21,31.75909999999999,2.262853,-3.3998,1.4632211770519525,-0.008706764947512102,4.281233,-2.268898,False,6,"[0.0179029, -0.0210062, 0.279909]","[0.0721113, -0.0381652, 0.9632695]"
1895,1895,21,31.77570000000003,2.018879,-3.382322,1.2946242659016338,0.03957537038077774,4.131971,-2.090848,False,6,"[0.0176562, -0.0203007, 0.279123]","[0.0697641, -0.0352563, 0.9657031]"
1896,1896,21,31.792400000000043,0.6288759,-3.463402,0.29126758965371347,0.13710422956349833,4.076859,-2.097346,False,6,"[0.0163702, -0.0182911, 0.2807383]","[0.0689105, -0.0354071, 0.9668261]"
1897,1897,21,31.809300000000007,0.1574289,-3.385257,-0.024010646890418763,0.2740109335614629,3.947647,-2.081542,False,6,"[0.0116253, -0.0156319, 0.2821538]","[0.0668371, -0.035202, 0.9685324]"
1898,1898,21,31.825699999999983,0.2418026,-3.501076,0.008286918381633868,0.14942696311550385,3.974121,-2.218413,False,6,"[0.0130842, -0.0174408, 0.2814734]","[0.067273, -0.0375113, 0.9683332]"
1899,1899,21,31.843700000000013,0.2303949,-3.335773,0.03937460341224208,0.313341258912577,3.875116,-2.138344,False,6,"[0.0102828, -0.0155528, 0.2827231]","[0.0656986, -0.036215, 0.9699097]"
1900,1900,21,31.860300000000052,0.3004576,-3.472797,0.0565157173861377,0.16974153821970894,3.899983,-2.396345,False,6,"[0.0111445, -0.0167549, 0.2820336]","[0.0661017, -0.0405771, 0.9696189]"
1901,1901,21,31.876899999999978,0.074532,-3.278867,-0.057496584630439496,0.38913979591461656,3.828359,-2.310656,False,6,"[0.0099668, -0.0167104, 0.2827417]","[0.0649602, -0.0391705, 0.9707568]"
1902,1902,21,31.893400000000042,0.1630511,-3.464641,-0.038838144143607534,0.19527549668889854,3.825665,-2.308135,False,6,"[0.0031013, -0.0170997, 0.282539]","[0.0648694, -0.0391006, 0.9700847]"
1903,1903,21,31.910300000000007,-0.1225581,-3.583539,-0.26922449871739285,0.11483536007369288,3.813834,-2.177528,False,6,"[0.0007774, -0.0167365, 0.2829375]","[0.0647098, -0.0369096, 0.9707078]"
1904,1904,21,31.926699999999983,0.1358151,-3.526145,-0.07269359463080205,0.13830169557586958,4.121768,-2.268334,False,6,"[0.0011939, -0.0173076, 0.2828899]","[0.0699071, -0.0384257, 0.9700856]"
1905,1905,21,31.943899999999985,-0.06284806,-3.483078,-0.20314693793524696,0.2059559463856755,4.109981,-2.255269,False,6,"[0.0011423, -0.0165579, 0.2840791]","[0.0696779, -0.0381885, 0.9696881]"
1906,1906,21,31.960000000000036,0.01877063,-3.343055,-0.11218440943415575,0.3331649155187759,4.128924,-2.342979,False,6,"[0.0014858, -0.0171946, 0.2833368]","[0.0699228, -0.0396314, 0.9686164]"
1907,1907,21,31.9769,0.3494372,-3.156955,0.16602524318333123,0.4739067687205498,4.137486,-2.35705,False,6,"[0.0003707, -0.0163274, 0.2849977]","[0.0700453, -0.0398566, 0.9682981]"
1908,1908,21,31.99350000000004,0.4103696,-3.008702,0.2442914120985602,0.6118415251002465,4.245754,-2.296959,False,6,"[0.0008078, -0.0171857, 0.2838581]","[0.0717418, -0.0387621, 0.9663714]"
1909,1909,21,32.01049999999998,1.110919,-3.213132,0.6918580238283623,0.32161310029586154,4.50401,-2.213554,False,6,"[-0.000608, -0.0178003, 0.2842307]","[0.0760336, -0.0373093, 0.9652351]"
1910,1910,21,32.02679999999998,1.037795,-3.006081,0.6891406552343983,0.534425697291252,4.920546,-2.046424,False,6,"[0.0006732, -0.017501, 0.284011]","[0.0829725, -0.0344375, 0.9637713]"
1911,1911,21,32.04360000000008,1.529528,-2.562715,1.1423411252312645,0.9074740675808664,5.163124,-2.02042,False,6,"[-0.0003115, -0.0172849, 0.2839818]","[0.0869288, -0.0339387, 0.9620465]"
1912,1912,21,32.06020000000001,1.177891,-2.972675,0.7962458384681947,0.5493960118222674,5.491159,-2.142642,False,6,"[9.33e-05, -0.0166403, 0.2848697]","[0.092228, -0.0358937, 0.9593756]"
1913,1913,21,32.07690000000002,1.523638,-3.343178,0.9532591159001114,0.14118540988299122,5.68398,-2.421794,False,6,"[0.0017425, -0.0157582, 0.2857065]","[0.0952533, -0.0404758, 0.9570223]"
1914,1914,21,32.093399999999974,1.482719,-3.674727,0.8457352443870712,-0.1794443336680871,6.02369,-2.723403,False,6,"[0.0020438, -0.0149982, 0.2853533]","[0.1007063, -0.0453972, 0.9543602]"
1915,1915,21,32.11030000000005,4.437275,-3.898253,2.884653990401689,-0.775808235629019,6.335624,-2.83767,False,6,"[0.0055237, -0.0159909, 0.2848476]","[0.1056343, -0.0471582, 0.9513996]"
1916,1916,21,32.12689999999998,4.548296,-3.909319,2.960636998134891,-0.8008382027462924,6.56724,-2.90347,False,6,"[0.0051724, -0.0149945, 0.2855318]","[0.1092817, -0.0481445, 0.949248]"
1917,1917,21,32.14350000000002,4.937272,-4.733929,3.0406675270796137,-1.6608568376719672,6.931375,-3.338454,False,6,"[0.0076228, -0.0127774, 0.2854803]","[0.1149575, -0.0551607, 0.945616]"
1918,1918,21,32.16030000000001,5.05491,-4.415358,3.1994349826625035,-1.3627629439952296,7.152936,-3.095037,False,6,"[0.0058713, -0.0148287, 0.2855535]","[0.1184084, -0.0510179, 0.9435317]"
1919,1919,21,32.176900000000046,5.94686,-3.164555,4.127298775354605,-0.24718940615245,7.851413,-2.977296,False,6,"[0.0076035, -0.0166986, 0.2858575]","[0.129665, -0.0489055, 0.9403017]"
1920,1920,21,32.19330000000002,6.155692,-3.372957,4.22577971725155,-0.478631457584771,8.305338,-2.687748,False,6,"[0.0073891, -0.0183341, 0.2854704]","[0.1367888, -0.043989, 0.9370419]"
1921,1921,21,32.210300000000075,6.564313,-3.061762,4.588820709928538,-0.22488472015198102,8.823886,-2.206424,False,6,"[0.0221461, -0.019447, 0.2853864]","[0.1450662, -0.0360046, 0.9344938]"
1922,1922,21,32.226800000000026,6.517378,-3.056478,4.556841816954062,-0.21370776201589248,9.142306,-1.610695,False,6,"[0.0226656, -0.0194707, 0.2849234]","[0.1501722, -0.0262394, 0.933144]"
1923,1923,21,32.2441,7.254151,-2.69569,5.163970078286942,0.046942240592526385,9.731218,-0.9957927,False,6,"[0.024471, -0.0234584, 0.2832762]","[0.1596037, -0.0161765, 0.9306663]"
1924,1924,21,32.260400000000004,7.40068,-2.910534,5.216813120478755,-0.1828878759838508,10.05429,-0.6732931,False,6,"[0.0251277, -0.021935, 0.2840755]","[0.1648074, -0.0109234, 0.9295181]"
1925,1925,21,32.27800000000002,7.348761,-3.275692,5.093538217062955,-0.5351461558812955,10.05361,-0.8395358,False,6,"[0.0297162, -0.0157724, 0.2852756]","[0.1645289, -0.0135988, 0.9280111]"
1926,1926,21,32.29430000000002,7.502002,-3.227346,5.213489963154958,-0.5071686817874337,9.984942,-1.142468,False,6,"[0.0306702, -0.0167601, 0.2843719]","[0.1632482, -0.0184917, 0.9272515]"
1927,1927,21,32.31140000000005,6.569235,-3.072448,4.58977378421369,-0.23601444432932972,10.01342,-0.9896923,False,6,"[0.0327876, -0.0152405, 0.2849291]","[0.1636458, -0.0160108, 0.9268124]"
1928,1928,21,32.327600000000075,7.067323,-3.137476,4.927022074244227,-0.3634262671113402,10.03119,-1.282532,False,6,"[0.0324555, -0.0151694, 0.2840919]","[0.1637472, -0.0207249, 0.9257096]"
1929,1929,21,32.34500000000003,6.694762,-2.996684,4.696599559344238,-0.17755722594818613,10.04984,-1.322988,False,6,"[0.036389, -0.01346, 0.2858757]","[0.1641331, -0.0213887, 0.9261339]"
1930,1930,21,32.36110000000008,6.830972,-3.157255,4.754995238836843,-0.35273220948502004,10.0854,-1.258332,False,6,"[0.0368738, -0.0144334, 0.283886]","[0.1644743, -0.020312, 0.924718]"
1931,1931,21,32.37880000000007,6.570529,-2.86886,4.638925199620759,-0.0360929893099633,10.02307,-1.117879,False,6,"[0.0365645, -0.0162268, 0.2835161]","[0.163343, -0.0180338, 0.924188]"
1932,1932,21,32.395399999999995,6.723941,-2.895959,4.741123153163723,-0.08228471547010896,9.777689,-0.9930745,False,6,"[0.0373007, -0.0159718, 0.2832504]","[0.1595138, -0.0160451, 0.9256353]"
1933,1933,21,32.414499999999975,6.105999,-2.810993,4.323739940744884,0.08000261952444676,9.552397,-0.7957961,False,6,"[0.0328805, -0.0153255, 0.2855202]","[0.1560882, -0.0128836, 0.9275349]"
1934,1934,21,32.429500000000075,6.120026,-2.962092,4.297872059780087,-0.07028591499103198,9.456584,-0.8754939,False,6,"[0.0350941, -0.0155162, 0.2830686]","[0.1544255, -0.0141678, 0.9271255]"
1935,1935,21,32.44670000000008,6.000809,-3.367497,4.117413433329963,-0.45351901505786163,9.436678,-0.7943994,False,6,"[0.0335164, -0.0149478, 0.2855365]","[0.1543145, -0.0128737, 0.928449]"
1936,1936,21,32.462800000000016,6.047769,-3.385622,4.146367663128909,-0.47731930433530767,9.458497,-0.7962081,False,6,"[0.0339311, -0.0156243, 0.2832524]","[0.154645, -0.0129002, 0.928252]"
1937,1937,21,32.48120000000006,5.779064,-3.285893,3.9797481475945524,-0.3450478224923508,9.350655,-0.9265298,False,6,"[0.0328445, -0.0142898, 0.2851511]","[0.153086, -0.0150353, 0.929686]"
1938,1938,21,32.496399999999994,5.705224,-3.337371,3.915271659905954,-0.3862264243983651,9.279705,-1.102651,False,6,"[0.0334215, -0.0143405, 0.2834814]","[0.1519092, -0.0178946, 0.9297192]"
1939,1939,21,32.51330000000007,5.776494,-3.267055,3.982391749588057,-0.3262061682699664,9.212386,-1.143167,False,6,"[0.0304363, -0.01397, 0.2845181]","[0.1507974, -0.0185534, 0.9297777]"
1940,1940,21,32.52980000000002,5.662967,-3.374635,3.876524156510401,-0.41746207841136407,9.015615,-1.143477,False,6,"[0.0304003, -0.0146708, 0.2835245]","[0.1478366, -0.018598, 0.9317603]"
1941,1941,21,32.54740000000004,5.345042,-3.712575,3.5713609538088797,-0.7090568393485821,8.904184,-1.203329,False,6,"[0.0297485, -0.0166522, 0.2829998]","[0.1460464, -0.0195807, 0.9321876]"
1942,1942,21,32.563800000000015,5.126806,-3.811002,3.3935261214709107,-0.7779676099188162,8.662291,-1.238288,False,6,"[0.0299818, -0.0167413, 0.2829877]","[0.1424365, -0.0202093, 0.9349416]"
1943,1943,21,32.58120000000008,4.683492,-3.99071,3.037074528986961,-0.8980657496041973,8.487088,-1.271044,False,6,"[0.0286085, -0.016229, 0.2826729]","[0.1395463, -0.0207491, 0.9351678]"
1944,1944,21,32.59800000000007,4.490562,-3.643999,2.9826214480639655,-0.5327208941290671,8.156966,-1.346081,False,6,"[0.0282489, -0.0164887, 0.2827562]","[0.1344672, -0.022044, 0.9381281]"
1945,1945,21,32.61480000000006,4.781699,-3.533677,3.214889707361178,-0.4614140068876953,8.000283,-1.383915,False,6,"[0.0285687, -0.0161205, 0.2824057]","[0.1319477, -0.0226806, 0.9388232]"
1946,1946,21,32.63099999999997,4.59901,-3.476869,3.099001948165318,-0.38229166995824837,7.604653,-1.35712,False,6,"[0.0280064, -0.0166542, 0.2824347]","[0.1258015, -0.0223226, 0.9422543]"
1947,1947,21,32.64880000000005,4.698858,-3.321213,3.206575010318893,-0.24204266946284037,7.429046,-1.232899,False,6,"[0.0263531, -0.0182769, 0.2816699]","[0.1230757, -0.0203138, 0.9438841]"
1948,1948,21,32.664600000000064,4.456528,-3.260574,3.049368032695627,-0.1515514698737137,7.143457,-0.9889132,False,6,"[0.0252288, -0.0187314, 0.2811976]","[0.1188141, -0.0163645, 0.9480335]"
1949,1949,21,32.68190000000004,4.756104,-2.845403,3.3598378324018383,0.2182853238014273,6.931246,-0.7238889,False,6,"[0.023005, -0.0195901, 0.2808059]","[0.1153943, -0.0119934, 0.9492263]"
1950,1950,21,32.69799999999998,4.597135,-3.13432,3.178833095429691,-0.045395224012721336,6.660131,-0.5904421,False,6,"[0.0220557, -0.0178852, 0.2808357]","[0.1113917, -0.0098311, 0.9539608]"
1951,1951,21,32.71480000000008,3.668592,-2.392267,2.6972197246036154,0.8022768344025168,6.369195,-0.8466262,False,6,"[0.0234263, -0.0172938, 0.2800489]","[0.1067193, -0.0141282, 0.9560638]"
1952,1952,21,32.73149999999998,4.440276,-2.424154,3.2360307695571766,0.6725546957184583,5.952442,-0.5862854,False,6,"[0.022514, -0.017005, 0.2798827]","[0.1002798, -0.0098418, 0.9617773]"
1953,1953,21,32.748800000000074,4.584085,-3.122733,3.1723387237453737,-0.03234374104474824,5.650413,-0.7200288,False,6,"[0.0229459, -0.0162002, 0.279164]","[0.0955339, -0.012135, 0.9655818]"
1954,1954,21,32.76490000000001,4.250877,-3.135293,2.933445789299244,-0.0022063479602167924,5.414539,-0.6081822,False,6,"[0.0217442, -0.015894, 0.2789922]","[0.0920745, -0.0103118, 0.971415]"
1955,1955,21,32.78100000000006,4.320203,-3.158387,2.977058257906519,-0.033741661054397465,5.098004,-0.9513424,True,6,"[0.0232112, -0.0138659, 0.278978]","[0.0870648, -0.0162058, 0.9759259]"
1956,1956,21,32.79809999999998,4.269627,-3.046494,2.9677598904378195,0.08267489587781673,4.670607,-1.189109,True,6,"[0.0223899, -0.0152479, 0.2784548]","[0.0802484, -0.0203884, 0.9822503]"
1957,1957,21,32.819000000000074,2.064043,-2.274788,1.589004504172637,1.1223025144941463,4.699146,-0.8970903,True,6,"[0.0176746, -0.0115165, 0.2756639]","[0.0811629, -0.0154609, 0.9873832]"
1958,1958,21,32.83120000000008,2.041715,-2.382581,1.5476569480765692,1.019210120627569,4.291976,-1.658994,True,6,"[0.0216478, -0.0118019, 0.2787766]","[0.0745145, -0.0287565, 0.992871]"
1959,1959,21,32.84770000000003,1.573303,-2.60495,1.163328038849974,0.8603845154987755,3.925617,-1.549861,False,6,"[0.0222842, -0.0151628, 0.2779317]","[0.0685098, -0.0270124, 0.9983591]"
1960,1960,21,32.86480000000006,1.572124,-2.610821,1.1611022949278789,0.8547648056887005,4.054373,-1.352615,False,6,"[0.0206689, -0.0152319, 0.2780761]","[0.0712385, -0.0237312, 1.00505]"
1961,1961,21,32.88110000000006,1.775468,-3.191009,1.167611957270707,0.2586308880682391,4.13953,-1.605776,False,6,"[0.0209987, -0.0153381, 0.2779634]","[0.0730424, -0.0282922, 1.009229]"
1962,1962,21,32.89790000000005,1.057159,-3.285783,0.6365821016573447,0.2570656187843028,4.024767,-1.666022,False,6,"[0.0208197, -0.0148419, 0.2788703]","[0.0713823, -0.0295078, 1.014512]"
1963,1963,21,32.91520000000003,1.184648,-3.831331,0.5975921928843949,-0.295353173239989,3.953878,-1.997504,False,6,"[0.0101283, -0.0111635, 0.2810311]","[0.0704525, -0.0355506, 1.019309]"
1964,1964,21,32.93209999999999,1.200787,-3.66034,0.64953106155989,-0.1293606922038264,3.950521,-2.362933,False,6,"[0.0100298, -0.0117061, 0.2813437]","[0.0706799, -0.0422328, 1.02347]"
1965,1965,21,32.94870000000003,1.404767,-3.468626,0.8393744870851474,0.033050134260396824,4.102555,-2.482396,False,6,"[0.0077232, -0.012793, 0.2811885]","[0.0735463, -0.0444535, 1.025383]"
1966,1966,21,32.965599999999995,1.357539,-3.354226,0.8330405355943802,0.15150372918490973,4.138237,-2.863468,False,6,"[0.0077275, -0.0128387, 0.2815565]","[0.0744358, -0.0514594, 1.028805]"
1967,1967,21,32.981899999999996,1.408496,-3.558405,0.8207437275857279,-0.05566014798736463,4.077388,-2.739255,False,6,"[0.0087264, -0.0156949, 0.2815171]","[0.0734924, -0.0493276, 1.030977]"
1968,1968,21,32.998800000000074,1.426027,-3.413822,0.8674114215059344,0.08420106312817977,3.998733,-2.596411,False,6,"[0.0051921, -0.0161537, 0.2813714]","[0.0723234, -0.0469161, 1.034602]"
1969,1969,21,33.0154,1.28714,-3.725175,0.6953094288584134,-0.20408989656477106,3.852699,-2.413356,False,6,"[0.0058144, -0.0188299, 0.2811725]","[0.069821, -0.0436962, 1.036784]"
1970,1970,21,33.03200000000004,1.253415,-3.444381,0.7379588638084965,0.07617431359491178,3.728426,-2.35027,False,6,"[0.0058993, -0.0180045, 0.281443]","[0.0677336, -0.0426605, 1.039412]"
1971,1971,21,33.04849999999999,0.4220085,-4.161651,-0.020631353239306316,-0.522761430970343,3.434132,-2.307201,False,6,"[0.0069222, -0.0171096, 0.2822763]","[0.0623923, -0.0418903, 1.039719]"
1972,1972,21,33.06560000000002,0.2590658,-4.135615,-0.12982906272921257,-0.4763993335082146,3.315109,-2.432312,False,6,"[0.0066946, -0.016557, 0.2824978]","[0.0603155, -0.044231, 1.041283]"
1973,1973,21,33.08190000000002,-0.2817019,-4.156382,-0.517622379022729,-0.42786557481731524,3.054128,-2.292697,False,6,"[0.0069539, -0.0175874, 0.28282]","[0.0555571, -0.0416888, 1.04127]"
1974,1974,21,33.09870000000001,-0.2498214,-4.141995,-0.49164177132158593,-0.4177905312864256,2.874489,-2.325686,False,6,"[0.0070441, -0.0168795, 0.2829617]","[0.052341, -0.0423357, 1.042412]"
1975,1975,21,33.11540000000002,-1.057676,-4.240396,-1.0869308224231637,-0.4115040668987424,2.674024,-2.149138,False,6,"[0.0063602, -0.0184302, 0.2830696]","[0.0486357, -0.0390789, 1.041351]"
1976,1976,21,33.13220000000001,-0.9473739,-4.209232,-1.0014514339588623,-0.3949387062532512,2.442095,-2.06383,False,6,"[0.0062013, -0.017059, 0.2834269]","[0.0444405, -0.0375505, 1.04202]"
1977,1977,21,33.14850000000001,-0.9368411,-3.682134,-0.8691109341122512,0.12175073099838496,2.17405,-1.885587,False,6,"[0.0020881, -0.0206274, 0.2834895]","[0.0394989, -0.034254, 1.04047]"
1978,1978,21,33.16579999999999,-0.926165,-3.745871,-0.876653003651334,0.05774884468618513,2.007174,-1.641033,False,6,"[0.0012824, -0.0205064, 0.2836072]","[0.0364671, -0.0298108, 1.040544]"
1979,1979,21,33.18220000000008,-0.9941577,-3.749882,-0.9257433449013472,0.06247535955219963,1.773399,-1.516881,False,6,"[-0.0013954, -0.0206241, 0.2838051]","[0.0321716, -0.0275157, 1.039081]"
1980,1980,21,33.198800000000006,-0.8737825,-3.643464,-0.8153024130420747,0.15171616424070855,1.613888,-1.420261,False,6,"[-0.0012388, -0.020575, 0.2841151]","[0.0292599, -0.0257479, 1.038503]"
1981,1981,21,33.215599999999995,-2.149981,-3.402653,-1.6618191550820258,0.5510905434496456,1.520964,-1.469255,False,6,"[-0.0052464, -0.0210696, 0.2841701]","[0.0275154, -0.0265795, 1.03628]"
1982,1982,21,33.23260000000005,-1.487895,-3.479239,-1.211195773452227,0.3914110694411801,1.339819,-1.55972,False,6,"[-0.0047025, -0.0209294, 0.2843764]","[0.0242058, -0.0281805, 1.034944]"
1983,1983,21,33.248800000000074,-1.864985,-3.431291,-1.4668220350894141,0.48661037352117775,1.099427,-1.484255,False,6,"[-0.0046563, -0.0183247, 0.2847487]","[0.0198221, -0.0267631, 1.032886]"
1984,1984,21,33.26570000000004,-1.849376,-3.563086,-1.4869962173531954,0.3550921313778783,0.9872382,-1.403643,False,6,"[-0.0046051, -0.0186503, 0.2848635]","[0.0177749, -0.0252747, 1.031488]"
1985,1985,21,33.28200000000004,-2.227125,-3.688771,-1.784227192202244,0.2797288180774058,0.8072512,-1.386388,False,6,"[-0.0049456, -0.018679, 0.2849959]","[0.0144996, -0.0249051, 1.029062]"
1986,1986,21,33.29899999999998,-2.264621,-3.575605,-1.7839630822507,0.39572888433380804,0.7452006,-1.356515,False,6,"[-0.0043494, -0.0181589, 0.2851746]","[0.0133539, -0.0243118, 1.026676]"
1987,1987,21,33.31880000000001,-2.499807,-3.722512,-1.9852849744409653,0.28133292582628133,0.6972773,-1.433294,False,6,"[-0.0107919, -0.0170918, 0.2874624]","[0.0124505, -0.0255968, 1.023017]"
1988,1988,21,33.33350000000007,-2.334881,-3.644845,-1.8501131419885857,0.33663735479566537,0.6312674,-1.38118,False,6,"[-0.0074233, -0.0173759, 0.2857936]","[0.0112439, -0.0246048, 1.020488]"
1989,1989,21,33.349699999999984,-1.870066,-3.560319,-1.5009895290828332,0.36044935137396417,0.7724571,-1.352815,False,6,"[-0.0093172, -0.0171566, 0.286139]","[0.0137085, -0.0240109, 1.016745]"
1990,1990,21,33.36660000000006,-1.631435,-3.270464,-1.2633604532772986,0.6148954948170666,0.8847538,-1.144235,False,6,"[-0.0092395, -0.017818, 0.2861513]","[0.0156641, -0.0202592, 1.014311]"
1991,1991,21,33.38319999999999,-1.140578,-3.975251,-1.0828072228557375,-0.14035002857110213,1.060087,-1.077465,False,6,"[-0.0111443, -0.0184744, 0.2865573]","[0.0186869, -0.0189933, 1.009879]"
1992,1992,21,33.3999,-2.147517,-3.288762,-1.6330908884430047,0.6627085580267149,1.288406,-1.114104,False,6,"[-0.0113412, -0.0179206, 0.2867877]","[0.0226269, -0.019565, 1.006056]"
1993,1993,21,33.41660000000002,0.5729944,-3.217286,0.3100137200951915,0.38611165444424334,1.896075,-1.043016,False,6,"[-0.0125261, -0.0186673, 0.2869165]","[0.0331466, -0.018229, 1.001261]"
1994,1994,21,33.43310000000008,-0.5074708,-3.628845,-0.5524836444032739,0.11938189933640198,2.402896,-1.046371,False,6,"[-0.0117137, -0.0183001, 0.2872833]","[0.0418324, -0.0182078, 0.9968855]"
1995,1995,21,33.45090000000005,0.3921543,-3.042282,0.22343869125268945,0.5811613833395017,2.430718,-0.933149,False,6,"[-0.0093949, -0.0179031, 0.287742]","[0.0421177, -0.0161607, 0.9921848]"
1996,1996,21,33.4674,0.5973426,-3.452564,0.271509257846484,0.15177606855260573,2.535711,-1.23906,False,6,"[-0.0082007, -0.016453, 0.2879287]","[0.0437203, -0.021353, 0.9872379]"
1997,1997,21,33.48390000000006,0.5795199,-3.489542,0.25012943101749086,0.11770631662206643,2.50132,-0.7448225,False,6,"[-0.0057234, -0.0199773, 0.2874729]","[0.0429275, -0.0127752, 0.9826812]"
1998,1998,21,33.50380000000007,0.3850107,-3.5097,0.10763753388851538,0.12269339605817864,2.776401,-0.9161696,False,6,"[-0.0109029, -0.0167074, 0.2907519]","[0.0474623, -0.0156509, 0.9786987]"
1999,1999,21,33.51729999999998,-0.2977119,-3.333838,-0.33407588366163843,0.3825723951306954,2.679124,-1.122474,False,6,"[0.0028786, -0.0161796, 0.2878356]","[0.0455678, -0.0190801, 0.973802]"
2000,2000,21,33.537000000000035,0.3896207,-3.47304,0.1195871934501751,0.15813513153146852,2.639597,-0.9360886,False,6,"[-0.0025629, -0.0183506, 0.28935]","[0.0447216, -0.01585, 0.9700526]"
2001,2001,21,33.55130000000008,1.783853,2.309372,2.4767306052245743,5.663340186377109,2.880221,-1.035456,False,6,"[0.001965, -0.0152583, 0.2870913]","[0.0486144, -0.0174643, 0.9662635]"
2002,2002,21,33.567999999999984,1.000777,2.576735,1.985644152167837,6.025940693035574,2.871089,-1.148095,False,6,"[0.0029858, -0.017278, 0.2863829]","[0.0482741, -0.0192903, 0.9625562]"
2003,2003,21,33.58490000000006,1.659987,-1.445399,1.499429337164426,1.9889405340498807,2.82786,-0.819809,True,6,"[0.0028919, -0.0174346, 0.2859099]","[0.0473947, -0.0137297, 0.9594933]"
2004,2004,21,33.60149999999999,1.831255,-1.526868,1.601388000678169,1.8870374356252442,2.968497,-0.6989226,True,6,"[0.001916, -0.0174875, 0.285126]","[0.049623, -0.0116737, 0.9569299]"
2005,2005,21,33.62170000000003,1.644414,-1.433015,1.4913374667617345,2.003096971613001,3.087575,-0.439793,True,6,"[-0.0014853, -0.0166517, 0.2858554]","[0.0515148, -0.0073308, 0.9550282]"
2006,2006,21,33.634900000000016,1.401872,-1.454951,1.3144162451958934,2.0124604313824515,3.273549,-0.4983469,True,6,"[0.0019351, -0.0172703, 0.2845648]","[0.0544996, -0.0082879, 0.9528497]"
2007,2007,21,33.65129999999999,2.141956,-1.79224,1.7584963328781709,1.586617740771016,3.384979,-0.5299518,True,6,"[0.0089356, 0.0115706, 0.2869111]","[0.0562511, -0.0087967, 0.9510244]"
2008,2008,21,33.66809999999998,2.043067,-1.96235,1.6481777347969047,1.4320410740269804,3.670583,-0.7501747,True,6,"[0.0050331, 0.0129663, 0.2881212]","[0.0608769, -0.0124254, 0.9489537]"
2009,2009,21,33.685100000000034,2.482179,-2.673009,1.7907033636007124,0.67762162086603,3.628707,-1.260432,False,6,"[0.008261, -0.0071926, 0.2850566]","[0.0600933, -0.0208489, 0.947579]"
2010,2010,21,33.70240000000001,1.739696,-2.781367,1.239339489729681,0.6657879795579347,3.459857,-1.912979,False,6,"[0.0091214, -0.0076045, 0.2852913]","[0.0571617, -0.0315784, 0.9454562]"
2011,2011,21,33.71850000000006,1.745797,-2.697434,1.2635449948206854,0.7474995620701077,3.345296,-1.790934,False,6,"[0.0081649, -0.0071148, 0.284409]","[0.0552666, -0.0295635, 0.9454897]"
2012,2012,21,33.7355,1.679864,-2.598862,1.2402175122366934,0.8527821261867676,3.649092,-1.967313,False,6,"[0.0069683, -0.0072323, 0.2847455]","[0.0601808, -0.0324138, 0.9436443]"
2013,2013,21,33.7518,1.973077,-2.443516,1.4846229613692765,0.968073958836333,3.621015,-2.017007,False,6,"[0.0106338, -0.0088964, 0.284313]","[0.0596803, -0.033213, 0.9430711]"
2014,2014,21,33.76840000000004,1.883236,-2.553652,1.3949198922515025,0.8712862334752125,3.567004,-1.875778,False,6,"[0.0101412, -0.0097402, 0.2842781]","[0.0587218, -0.0308511, 0.9420125]"
2015,2015,21,33.78520000000003,1.010229,-3.745629,0.49440547245796795,-0.1888881519958434,3.519109,-1.764354,False,6,"[0.0122923, -0.0132387, 0.2835644]","[0.0579502, -0.0290268, 0.94232]"
2016,2016,21,33.80550000000005,0.8582588,-3.887784,0.3531277070740064,-0.30922319422520594,3.503288,-1.763351,False,6,"[0.0086071, -0.0137673, 0.2833812]","[0.0576415, -0.0289864, 0.941544]"
2017,2017,21,33.8193,0.4981737,-4.175156,0.0300952707801474,-0.545744611720183,3.492815,-1.6461,False,6,"[0.0086367, -0.0133503, 0.283362]","[0.0574573, -0.0270525, 0.9413556]"
2018,2018,21,33.83479999999997,0.3202166,-4.16856,-0.09433873566966322,-0.5165739433566747,3.483852,-1.803212,False,6,"[0.0083102, -0.0128616, 0.2833575]","[0.0572596, -0.0296103, 0.9405356]"
2019,2019,21,33.851600000000076,0.3646669,-4.362016,-0.10870184728927057,-0.7123696960790031,3.404766,-1.924381,False,6,"[0.0097616, -0.0120916, 0.2833518]","[0.0559626, -0.0316048, 0.9406363]"
2020,2020,21,33.868600000000015,0.3089453,-4.187105,-0.106712803192612,-0.5333629813055456,3.287623,-2.183642,False,6,"[0.009313, -0.0126322, 0.2832387]","[0.0539925, -0.0358398, 0.9399325]"
2021,2021,21,33.884900000000016,0.2057082,-4.178084,-0.17766918546536803,-0.5113352269709832,3.255207,-2.147193,False,6,"[0.0049839, -0.0185031, 0.2826337]","[0.0534863, -0.035259, 0.9404129]"
2022,2022,21,33.90250000000003,-0.02531624,-4.292915,-0.3684449891912591,-0.5947374358989368,3.178455,-2.095715,False,6,"[0.0042305, -0.0191917, 0.2824007]","[0.0522053, -0.0344016, 0.9401026]"
2023,2023,21,33.91840000000002,0.1245283,-4.384868,-0.2841384432131565,-0.7042128961396807,3.205781,-1.927627,False,6,"[0.0024556, -0.0206161, 0.2824146]","[0.0526473, -0.0316355, 0.9399635]"
2024,2024,21,33.934900000000084,-0.0801826,-4.630971,-0.48738551371868155,-0.9199840861572852,3.10657,-1.778266,False,6,"[0.0015779, -0.0205772, 0.282329]","[0.0510036, -0.0291763, 0.9397586]"
2025,2025,21,33.95150000000001,-0.5148472,-4.795398,-0.8340927158342839,-1.0261667779942023,3.10107,-1.635806,False,6,"[0.0017963, -0.0215284, 0.2822317]","[0.050945, -0.0268544, 0.9403468]"
2026,2026,21,33.9683,-0.8024555,-4.609479,-0.9936754707134878,-0.806777683064567,3.074885,-1.596991,False,6,"[0.0015212, -0.0206539, 0.2821213]","[0.050508, -0.0262137, 0.940235]"
2027,2027,21,33.984800000000064,-1.304994,-4.631733,-1.3547541470472675,-0.7645792679756838,2.912995,-1.653447,False,6,"[0.0010123, -0.0205963, 0.2819445]","[0.0479118, -0.0271794, 0.9415662]"
2028,2028,21,34.00150000000008,-0.6966825,-4.575449,-0.910723735799728,-0.7868181913722658,2.775789,-1.628563,False,6,"[-0.0001244, -0.0211334, 0.2815309]","[0.0456697, -0.0267808, 0.9419414]"
2029,2029,21,34.01840000000004,-0.6974947,-4.008178,-0.7768976779090719,-0.22920030416761428,2.705592,-1.454084,False,6,"[0.0006114, -0.0215704, 0.2813038]","[0.0445922, -0.0239528, 0.9436176]"
2030,2030,21,34.03500000000008,-0.7912126,-3.628186,-0.753221714344841,0.15620438784229984,2.544194,-1.115336,False,6,"[-0.0003928, -0.0227355, 0.2806776]","[0.0419817, -0.0183944, 0.9448149]"
2031,2031,21,34.05160000000001,-0.6362207,-2.733934,-0.4316133826307271,1.0153156484374084,2.573128,-0.851094,False,6,"[-0.0025199, -0.0235256, 0.2804284]","[0.0425562, -0.0140676, 0.9469612]"
2032,2032,21,34.071300000000065,-0.7288055,-2.921777,-0.541669900217177,0.842507241447795,2.50358,-0.5800833,False,6,"[-0.0039132, -0.0225256, 0.2793892]","[0.0414744, -0.0096039, 0.9485607]"
2033,2033,21,34.08990000000006,-1.424261,-3.385693,-1.1439783213046486,0.47523531519301354,2.49132,-0.9695417,False,6,"[-0.0063437, -0.0225606, 0.278473]","[0.0413879, -0.0160982, 0.9512454]"
2034,2034,21,34.10149999999999,-1.582447,-3.296052,-1.2347385405807236,0.5835020100147066,2.315453,-0.5599097,False,6,"[-0.0033918, -0.0223218, 0.2789286]","[0.0385669, -0.0093212, 0.9538156]"
2035,2035,21,34.118400000000065,-1.361591,-3.951907,-1.2337575341398197,-0.0892301291994424,2.388162,-0.4139346,False,6,"[-0.0033966, -0.0195496, 0.2790003]","[0.0399517, -0.0069209, 0.9579501]"
2036,2036,21,34.136100000000056,-1.399548,-3.934674,-1.2565488187592115,-0.06745430904722616,2.16866,-0.6907075,False,6,"[-0.0038424, -0.017642, 0.278228]","[0.0363812, -0.0115823, 0.9607283]"
2037,2037,21,34.15160000000003,-1.002049,-4.037556,-0.9994879042023439,-0.21924477218423144,2.043683,-1.145828,False,6,"[-0.0031005, -0.0133331, 0.2792125]","[0.0344134, -0.0192889, 0.9643902]"
2038,2038,21,34.16840000000002,-1.222094,-3.896766,-1.1219268722019038,-0.05282227363074998,1.664653,-2.105676,False,6,"[-0.0035395, -0.0142015, 0.2782489]","[0.0280921, -0.0355406, 0.9666309]"
2039,2039,21,34.18520000000001,-0.9489998,-4.124376,-0.9824980280187829,-0.3113348803949334,1.880063,-1.363343,False,6,"[-0.0069316, -0.0164933, 0.2787888]","[0.0319172, -0.0231411, 0.9723436]"
2040,2040,21,34.20180000000005,-1.144254,-4.098805,-1.1146830204615505,-0.26131032599030624,2.343654,-1.842198,False,6,"[-0.007682, -0.0160144, 0.2780735]","[0.0399096, -0.0313637, 0.9751337]"
2041,2041,21,34.21870000000001,-0.7837061,-4.407963,-0.93265623408582,-0.6111180157774498,2.134872,-1.860355,False,6,"[-0.0066161, -0.0192296, 0.2783532]","[0.0364959, -0.0317995, 0.979026]"
2042,2042,21,34.23580000000004,-0.8347548,-4.799948,-1.0616709569590481,-0.9898528464896836,2.014085,-1.859583,False,6,"[-0.0067968, -0.0191347, 0.2781965]","[0.0345538, -0.0319012, 0.9825652]"
2043,2043,21,34.2518,-1.070133,-5.294443,-1.3454814793894672,-1.4458340321311178,1.990941,-2.026406,False,6,"[-0.004873, -0.0196654, 0.2786042]","[0.0342938, -0.0349052, 0.986519]"
2044,2044,21,34.270399999999995,-1.112918,-5.51039,-1.426937420745562,-1.6526121485379637,1.895569,-2.292475,False,6,"[-0.0059441, -0.0189796, 0.2786348]","[0.0327404, -0.0396025, 0.9892561]"
2045,2045,21,34.28520000000003,-0.5275499,-5.459589,-1.0004504056894472,-1.677314667168302,1.943723,-2.621528,False,6,"[-0.0046271, -0.0201425, 0.2793357]","[0.033678, -0.0454363, 0.9923569]"
2046,2046,21,34.30160000000001,-0.5843766,-5.26894,-0.9955150543754538,-1.4826997434542326,1.970368,-2.846318,False,6,"[-0.0055822, -0.0200275, 0.2794795]","[0.0342087, -0.0494377, 0.9943517]"
2047,2047,21,34.31849999999997,-0.605527,-4.994401,-0.9454445512100966,-1.2101861131896996,1.890203,-3.016133,False,6,"[-0.0038301, -0.0215836, 0.2799946]","[0.0328611, -0.0524647, 0.9957221]"
2048,2048,21,34.335199999999986,-0.7256198,-4.828569,-0.9911825021490643,-1.0318954299655996,1.879937,-2.910695,False,6,"[-0.0040751, -0.0234856, 0.279686]","[0.0327491, -0.0507307, 0.9977533]"
2049,2049,21,34.3519,-0.6106087,-4.526623,-0.8382138288184486,-0.7498056891353073,1.759408,-2.528147,False,6,"[-0.0052339, -0.0259654, 0.2801938]","[0.0306986, -0.0441265, 0.9993972]"
2050,2050,21,34.36850000000004,-0.6957945,-4.725626,-0.9456758151947393,-0.9345254656358701,1.731398,-2.193816,False,6,"[-0.0054403, -0.0270163, 0.2800431]","[0.0302604, -0.0383493, 1.001078]"
2051,2051,21,34.38499999999999,-0.9827335,-3.896104,-0.9522985673139952,-0.08268821963043838,1.562517,-1.85099,False,6,"[-0.0025868, -0.0268515, 0.2809404]","[0.0273213, -0.0323687, 1.001595]"
2052,2052,21,34.401700000000005,-1.189769,-4.1108,-1.1497503684817236,-0.2672962199252429,1.35217,-1.895708,False,6,"[-0.002866, -0.0259134, 0.2809944]","[0.0236554, -0.0331701, 1.002167]"
2053,2053,21,34.41860000000008,-1.106062,-4.106498,-1.0894650799926633,-0.2737401880572672,1.240777,-1.918222,False,6,"[-0.0029776, -0.0246204, 0.2817293]","[0.0216985, -0.0335528, 1.001822]"
2054,2054,21,34.43520000000001,-1.267811,-4.119705,-1.207115306201341,-0.2660983258788425,1.096777,-1.951077,False,6,"[-0.0035706, -0.0238153, 0.2819226]","[0.0191785, -0.034126, 1.001766]"
2055,2055,21,34.45240000000001,-1.030386,-3.936233,-0.9955449722573975,-0.11605171432196748,1.012456,-1.854394,False,6,"[-0.0030108, -0.0223654, 0.282501]","[0.0176881, -0.0324051, 1.000881]"
2056,2056,21,34.46950000000004,-1.295092,-4.104774,-1.2228931974176818,-0.2479460180387898,0.9141715,-1.755138,False,6,"[-0.0034312, -0.0233554, 0.28253]","[0.0159631, -0.0306549, 1.000402]"
2057,2057,21,34.48689999999999,-1.029229,-4.050217,-1.0217315410609111,-0.2282227780659376,0.8284142,-1.57252,False,6,"[-0.004859, -0.0192916, 0.2832639]","[0.0144449, -0.0274247, 0.9989871]"
2058,2058,21,34.50380000000007,-1.173225,-4.030928,-1.1191131905040375,-0.19090719051668437,0.7894647,-1.229366,False,6,"[-0.0058855, -0.020367, 0.2833853]","[0.0137534, -0.0214189, 0.9980932]"
2059,2059,21,34.51999999999998,-1.097945,-4.189752,-1.1034431174697523,-0.3565971308126823,0.7522457,-0.8810928,False,6,"[-0.0054758, -0.0203624, 0.2836187]","[0.0130891, -0.0153314, 0.9968904]"
2060,2060,21,34.537000000000035,-1.442232,-4.124857,-1.3318290951863687,-0.24892442481269494,0.7491215,-0.6697999,True,6,"[-0.0062829, -0.020448, 0.2838952]","[0.0130127, -0.0116347, 0.9952044]"
2061,2061,21,34.553300000000036,1.515465,4.307243,2.760054257285452,7.661066547151483,0.6337685,-0.4533283,True,6,"[-0.0051091, -0.0195462, 0.284066]","[0.0109927, -0.0078628, 0.9937513]"
2062,2062,21,34.5702,1.475825,4.285991,2.726953291279715,7.645233851324638,0.5713875,-0.3691045,True,6,"[-0.0064207, -0.0203817, 0.2840079]","[0.0098894, -0.0063882, 0.9916244]"
2063,2063,21,34.586599999999976,-2.732759,-3.387706,-2.0708949390843383,0.6400800256168173,0.5246879,-0.1862055,True,6,"[-0.0051037, -0.0201155, 0.2840867]","[0.0090691, -0.0032184, 0.990314]"
2064,2064,21,34.60379999999998,-2.803405,-3.200166,-2.0764804983290723,0.8334012727843296,0.3924201,-0.09027387,True,6,"[-0.0058177, -0.0200183, 0.2840719]","[0.0067656, -0.0015564, 0.9878048]"
2065,2065,21,34.62020000000007,-2.62134,-2.449001,-1.7696049292966842,1.5484349241128545,0.3386426,0.1316243,True,6,"[-0.0054478, -0.0208234, 0.2842566]","[0.0058278, 0.0022652, 0.9860158]"
2066,2066,21,34.636799999999994,-2.71301,-2.629602,-1.877297936015851,1.3826273300972747,0.5193208,0.2814066,True,6,"[-0.0071575, -0.0205018, 0.2842854]","[0.0089104, 0.0048282, 0.9830475]"
2067,2067,21,34.65359999999998,-1.920913,-2.507704,-1.2875984994634897,1.401442702528208,0.6197946,0.4319185,True,6,"[0.0076349, 0.0217359, 0.2885897]","[0.010612, 0.0073951, 0.9809725]"
2068,2068,21,34.67010000000005,-1.926666,-2.569356,-1.3062786716684796,1.3415845352697908,0.5792773,0.5354998,True,6,"[0.0074291, 0.0216106, 0.2883544]","[0.0098789, 0.0091323, 0.9770769]"
2069,2069,21,34.68700000000001,-1.893495,-2.219922,-1.2000031038265966,1.6807794777906124,0.7431276,0.5770861,False,6,"[-0.0136238, -0.0168958, 0.2854228]","[0.0126457, 0.00982, 0.974939]"
2070,2070,21,34.70360000000005,-1.85469,-2.240802,-1.1774754884629317,1.6553112702151946,0.8323169,0.7333666,False,6,"[-0.0139827, -0.0159655, 0.2855498]","[0.014106, 0.0124288, 0.9709696]"
2071,2071,21,34.72040000000004,-2.352491,-2.063524,-1.4879256614541196,1.8930058818048576,1.010264,0.8049734,False,6,"[-0.0131141, -0.0122508, 0.2864402]","[0.0170793, 0.0136082, 0.9685309]"
2072,2072,21,34.73700000000008,-2.284374,-1.826745,-1.3835985795247168,2.117028073948342,1.095702,1.069148,False,6,"[-0.0135551, -0.0131378, 0.2860553]","[0.0184348, 0.017988, 0.9638652]"
2073,2073,21,34.753400000000056,-1.857394,-1.629945,-1.0346622124258964,2.2560066983589278,1.17186,1.303607,False,6,"[-0.0096012, -0.0125374, 0.2862709]","[0.0196594, 0.0218703, 0.9610733]"
2074,2074,21,34.770200000000045,-1.816189,-1.701957,-1.0225498423815127,2.179979944273793,1.113172,1.451167,False,6,"[-0.0096094, -0.0128186, 0.2856596]","[0.0185739, 0.0242157, 0.9558925]"
2075,2075,21,34.78730000000007,-2.26095,-1.843511,-1.3709862711657754,2.097564063640901,1.0368,1.63682,False,6,"[-0.0094777, -0.0111131, 0.2866835]","[0.0172485, 0.0272351, 0.9530855]"
2076,2076,21,34.803600000000074,-2.281675,-1.509798,-1.306594732677373,2.428179707647796,0.9788755,1.706527,False,6,"[-0.0092668, -0.0111978, 0.2861738]","[0.016187, 0.0282253, 0.9473699]"
2077,2077,21,34.82000000000005,-2.001977,-1.812845,-1.1803632496627139,2.0946856321966436,0.9983096,1.840918,False,6,"[-0.0117985, -0.0103479, 0.287195]","[0.0164561, 0.030353, 0.9443658]"
2078,2078,21,34.836900000000014,-2.086852,-1.487967,-1.1634842828203706,2.4247968467852092,1.000963,1.561214,False,6,"[-0.011441, -0.0091473, 0.2868065]","[0.0163947, 0.0255747, 0.938346]"
2079,2079,21,34.85340000000008,-2.102864,-1.751241,-1.2371974526804586,2.168092376890983,0.917963,1.535805,False,6,"[-0.0093312, -0.0081878, 0.2877413]","[0.0149754, 0.0250585, 0.9346259]"
2080,2080,21,34.87020000000007,-2.232859,-2.022201,-1.3934336103227767,1.9183660267550344,0.9218792,1.562233,False,6,"[-0.0091029, -0.00853, 0.2870766]","[0.0149344, 0.0253122, 0.9281083]"
2081,2081,21,34.886600000000044,-2.375345,-2.170038,-1.5293426067966571,1.7912375508553207,0.9111313,1.525489,False,6,"[-0.0113593, -0.0092604, 0.2877116]","[0.0146996, 0.024615, 0.9242954]"
2082,2082,21,34.90340000000003,-2.369154,-2.439562,-1.5888164466181212,1.5255598706461502,0.8001815,1.317558,False,6,"[-0.0114688, -0.0075867, 0.2878447]","[0.0128108, 0.0210962, 0.9172359]"
2083,2083,21,34.92000000000007,-2.248255,-1.984655,-1.3954386357590773,1.957229129540163,0.7326113,1.577477,False,6,"[-0.0100573, -0.0091065, 0.2877183]","[0.0116723, 0.025138, 0.912812]"
2084,2084,21,34.9366,-2.339658,-2.083867,-1.4836594515097636,1.8713766616467304,0.8685842,1.389691,False,6,"[-0.0104988, -0.0074842, 0.2881238]","[0.0137259, 0.0219633, 0.9053521]"
2085,2085,21,34.95320000000004,-2.441602,-1.851186,-1.5007094818417244,2.1130527614743833,0.8884891,1.514741,False,6,"[-0.010576, -0.0088064, 0.2880299]","[0.0139653, 0.0238124, 0.9005052]"
2086,2086,21,34.97040000000004,-2.29226,-1.490492,-1.3095150109397709,2.448503161354681,0.9170104,1.783836,False,6,"[-0.0112227, -0.010163, 0.2878317]","[0.0142974, 0.027819, 0.8932419]"
2087,2087,21,34.98689999999999,-2.17324,-0.7995549,-1.0615459556660611,3.112382526252077,0.8822325,1.948559,False,6,"[-0.011924, -0.0108924, 0.2874554]","[0.0136886, 0.0302428, 0.8889229]"
2088,2088,21,35.003900000000044,-2.395216,-0.9701272,-1.2591218536908846,2.9730441243058516,0.7948893,2.321559,False,6,"[-0.0118829, -0.0122365, 0.2872132]","[0.01224, 0.0357655, 0.8822045]"
2089,2089,21,35.01999999999998,-2.389735,-0.9169939,-1.2426525617153048,3.024564785043749,0.8193843,2.723665,False,6,"[-0.0112451, -0.0099255, 0.2864292]","[0.0125602, 0.0417793, 0.8782185]"
2090,2090,21,35.03660000000002,-2.513889,-1.055011,-1.3632555913086715,2.9047501295755804,0.9126531,3.115266,False,6,"[-0.0117013, -0.0104209, 0.2863943]","[0.0139024, 0.0474976, 0.8727117]"
2091,2091,21,35.05340000000001,-3.030185,-1.165938,-1.755083737990657,2.8615546296715335,1.004174,3.143492,False,6,"[-0.0121961, -0.0092445, 0.286027]","[0.0152367, 0.0477404, 0.8692811]"
2092,2092,21,35.07000000000005,-3.167412,-1.142688,-1.846734353008832,2.901900097144646,0.8091063,2.890005,False,6,"[-0.0114623, -0.0074508, 0.2863518]","[0.0122034, 0.0436227, 0.8641075]"
2093,2093,21,35.086700000000064,-3.124795,-1.147091,-1.8176039486810196,2.8921394970868306,0.4296339,2.6687,False,6,"[-0.010855, -0.003992, 0.2860459]","[0.0064584, 0.0401449, 0.8612695]"
2094,2094,21,35.104600000000005,-3.823102,-1.403674,-2.372808754600861,2.7289981327679005,0.2388866,2.582168,False,6,"[-0.0119237, -0.0048271, 0.2850597]","[0.0035736, 0.0386536, 0.8571046]"
2095,2095,21,35.120000000000005,-3.678062,-1.359029,-2.2595403235203,2.7543838237319496,0.1105411,2.531823,False,6,"[-0.0119126, -0.0045689, 0.2854475]","[0.0016488, 0.0377882, 0.8545984]"
2096,2096,21,35.13690000000008,-3.620939,-1.311674,-2.2078766118662094,2.793641622881525,-0.005444845,2.503145,False,6,"[-0.0125021, -0.005244, 0.2847616]","[-8.08e-05, 0.0371669, 0.8501915]"
2097,2097,21,35.15350000000001,-4.249732,-1.344915,-2.660948806558621,2.8411384512569353,-0.07121616,2.642913,False,6,"[-0.0151017, -0.0058061, 0.2852825]","[-0.0010542, 0.0391513, 0.8481607]"
2098,2098,21,35.17010000000005,-4.218137,-1.40868,-2.653686559484416,2.7744420531474225,-0.3126869,2.588962,False,6,"[-0.0157103, -0.0056627, 0.283896]","[-0.004605, 0.0381535, 0.8437913]"
2099,2099,21,35.18680000000006,-4.634179,-1.40923,-2.948381950094619,2.8269435588909353,-0.5739105,2.754298,False,6,"[-0.015543, -0.0057008, 0.284712]","[-0.0084274, 0.0404746, 0.8413169]"
2100,2100,21,35.20410000000004,-4.640454,-1.437317,-2.9594792945571604,2.8001396481110254,-0.7504581,2.867769,False,6,"[-0.0187584, -0.0068784, 0.2807098]","[-0.010973, 0.0419644, 0.8377164]"
2101,2101,21,35.2201,-5.086133,-1.590685,-3.3113647244159834,2.7062299976599173,-0.8376133,2.882056,False,6,"[-0.0182815, -0.0067469, 0.2843925]","[-0.0122216, 0.0420845, 0.8359424]"
2102,2102,21,35.23689999999999,-5.06707,-1.728314,-3.3304756385508294,2.5685377386798125,-1.07205,2.968956,False,6,"[-0.0179607, -0.0064987, 0.2838216]","[-0.0155809, 0.0431836, 0.832623]"
2103,2103,21,35.253400000000056,-6.151071,-2.05269,-4.174820513798192,2.387942283728684,-1.2974,2.923846,False,6,"[-0.0211301, -0.006676, 0.2843577]","[-0.0188184, 0.0424391, 0.8309152]"
2104,2104,21,35.27060000000006,-5.513888,-2.07052,-3.7279080861973517,2.2891831823262274,-1.480455,2.935963,False,6,"[-0.0209131, -0.0069729, 0.2835535]","[-0.0213925, 0.0424523, 0.827738]"
2105,2105,21,35.286699999999996,-6.217285,-1.924501,-4.191329919264557,2.5223682815611457,-1.676612,2.756558,False,6,"[-0.0230275, -0.0069887, 0.2840847]","[-0.024173, 0.0397627, 0.8258401]"
2106,2106,21,35.30340000000001,-6.226213,-2.045641,-4.226352286825254,2.4044500532711623,-1.883319,2.710238,False,6,"[-0.0230126, -0.0071137, 0.2835149]","[-0.0270608, 0.0389576, 0.8229678]"
2107,2107,21,35.3202,-6.789372,-2.647852,-4.767758097401951,1.88439495208718,-2.1691,2.636245,False,6,"[-0.025273, -0.0078854, 0.2839548]","[-0.0310945, 0.0377998, 0.820955]"
2108,2108,21,35.33710000000008,-6.723591,-2.654695,-4.722805270942894,1.8692830925397312,-2.27898,2.67999,False,6,"[-0.0250762, -0.0085334, 0.2828087]","[-0.0325743, 0.0383138, 0.8185174]"
2109,2109,21,35.36170000000004,-6.976805,-2.629638,-4.896148604935025,1.926191900916052,-2.496193,2.636472,False,6,"[-0.0307011, -0.0102103, 0.2848743]","[-0.0356242, 0.037629, 0.817175]"
2110,2110,21,35.37030000000004,-7.072062,-2.595317,-4.955460713919309,1.9720671137794672,-2.640742,2.64181,False,6,"[-0.0272786, -0.0102162, 0.2825809]","[-0.0375641, 0.0375793, 0.8144459]"
2111,2111,21,35.38720000000001,-7.376921,-2.170699,-5.070703328232582,2.4282490810070647,-2.949159,2.749397,False,6,"[-0.0308735, -0.0095226, 0.2833988]","[-0.0418658, 0.0390255, 0.8126438]"
2112,2112,21,35.404100000000085,-7.189058,-2.290257,-4.9660193767983865,2.2867963560509206,-2.870156,2.733567,False,6,"[-0.0306936, -0.010049, 0.2813405]","[-0.0406739, 0.0387353, 0.8112785]"
2113,2113,21,35.42050000000006,-4.457502,-1.974044,-2.957110498018271,2.249319049705674,-2.896338,2.784197,False,6,"[-0.0336267, -0.0130623, 0.2824475]","[-0.0410123, 0.0394218, 0.8106198]"
2114,2114,21,35.43709999999999,-4.417268,-1.522844,-2.8217232151160583,2.68762921234426,-2.921181,2.906567,False,6,"[-0.0331625, -0.0130428, 0.2812994]","[-0.0413094, 0.0411024, 0.809536]"
2115,2115,21,35.45360000000005,-4.48817,-1.49232,-2.8646911611905663,2.7266676621349744,-3.022079,3.233446,False,6,"[-0.0344637, -0.0129346, 0.2816265]","[-0.0427394, 0.0457348, 0.809547]"
2116,2116,21,35.47070000000008,-4.267964,-0.7866515,-2.541590383359928,3.392124647076897,-2.812777,3.694423,False,6,"[-0.0347766, -0.0127062, 0.2803177]","[-0.039789, 0.0522911, 0.8098439]"
2117,2117,21,35.48750000000007,-4.46032,-1.140894,-2.761710999190309,3.0684987288391543,-2.832733,3.625454,False,6,"[-0.0363918, -0.0106544, 0.2810878]","[-0.0401033, 0.0513527, 0.810482]"
2118,2118,21,35.505300000000034,-4.625856,-1.468773,-2.9565963893634684,2.767363540266654,-2.79724,3.591542,False,6,"[-0.0352295, -0.0111703, 0.2792993]","[-0.0396358, 0.050917, 0.811213]"
2119,2119,21,35.52070000000003,-4.548962,-0.7431816,-2.730242789663624,3.4706719055640978,-2.539331,3.864425,True,6,"[-0.0218355, -0.0096543, 0.2801019]","[-0.0360548, 0.0549166, 0.8129835]"
2120,2120,21,35.53730000000007,-4.432517,-1.257365,-2.769620963896471,2.950486286665538,-2.107891,3.620206,True,6,"[-0.0215668, -0.0074221, 0.279185]","[-0.0300024, 0.0515732, 0.8151454]"
2121,2121,21,35.5539,-5.565803,0.3770631,-3.1847693494705225,4.701288325737423,-2.103269,3.522382,True,6,"[-0.0219442, -0.0072832, 0.2795656]","[-0.030043, 0.0503544, 0.8180431]"
2122,2122,21,35.571300000000065,-5.968769,1.013993,-3.3191712947628145,5.378638439989095,-1.846755,3.118584,True,6,"[-0.0208536, -0.0038368, 0.2794336]","[-0.026453, 0.0446994, 0.8204231]"
2123,2123,21,35.58730000000003,-4.800683,-0.152328,-2.7684772667983775,4.083455665120817,-1.885865,2.666012,True,6,"[-0.0217666, -0.0055571, 0.2790417]","[-0.0271211, 0.0383544, 0.8236874]"
2124,2124,21,35.60419999999999,-4.485395,-0.222945,-2.5619787822434463,3.973856515357358,-1.505974,2.936237,True,6,"[-0.0225552, -0.0071476, 0.2787614]","[-0.0217296, 0.0423942, 0.8265278]"
2125,2125,21,35.62080000000003,-3.85899,-0.3359602,-2.1452491942863094,3.7829234416639093,-1.014269,2.085957,True,6,"[-0.022194, -0.0036185, 0.2789539]","[-0.0146857, 0.0302131, 0.8295073]"
2126,2126,21,35.637500000000045,-3.667261,-0.5404401,-2.0579482318492626,3.5575165293490385,-0.9444321,1.958385,True,6,"[-0.0216115, -0.0061192, 0.2787974]","[-0.0137286, 0.0284763, 0.8327956]"
2127,2127,21,35.65390000000002,-3.332779,-1.131033,-1.9610557389803125,2.9344376166514445,-0.5987898,1.844888,True,6,"[-0.0272506, 0.0018403, 0.2796417]","[-0.0087372, 0.0269279, 0.8359969]"
2128,2128,21,35.67450000000008,-3.081573,-1.206147,-1.8009938969467005,2.8285887574644684,-0.1546068,1.533725,True,6,"[-0.029025, 0.0049135, 0.2776101]","[-0.0022649, 0.0224732, 0.8393375]"
2129,2129,21,35.687400000000025,-2.787713,-1.370317,-1.6318319298500206,2.6297775530174183,-0.06707236,1.236848,False,6,"[-0.0235047, -0.0007441, 0.2798696]","[-0.000986, 0.0181846, 0.8422551]"
2130,2130,21,35.70460000000003,-2.37737,-1.423971,-1.3540138554699301,2.5247308950884255,0.08748668,0.9912988,False,6,"[-0.0219549, -0.001089, 0.2798759]","[0.0012905, 0.0146234, 0.8451274]"
2131,2131,21,35.72070000000008,-2.331823,-2.160451,-1.496256855181441,1.7951109523442548,0.3277689,0.6444257,False,6,"[-0.0188963, -0.0016426, 0.2801358]","[0.0048513, 0.0095384, 0.8480198]"
2132,2132,21,35.737300000000005,-1.932272,-2.231356,-1.2301669135353361,1.6744858936393527,0.5167851,0.4817055,False,6,"[-0.0179459, -0.0026411, 0.2799965]","[0.007675, 0.007154, 0.850903]"
2133,2133,21,35.75490000000002,-1.703593,-2.187057,-1.0577625700744324,1.6888682282583234,0.5404015,0.294499,False,6,"[-0.0163317, -0.0055369, 0.2804508]","[0.0080543, 0.0043892, 0.8539315]"
2134,2134,21,35.771799999999985,-1.325501,-2.113656,-0.7726761713315928,1.712803059778307,0.6734594,-0.02536733,False,6,"[-0.0150954, -0.0059036, 0.2803976]","[0.0100678, -0.0003792, 0.8564928]"
2135,2135,21,35.788099999999986,-1.343495,-2.398221,-0.852837018429627,1.43542646933175,0.6494733,-0.1257063,False,6,"[-0.0136769, -0.0067189, 0.280879]","[0.0097342, -0.001884, 0.8587011]"
2136,2136,21,35.80550000000005,-1.022401,-2.399214,-0.6257320646169877,1.3935136169605933,0.6581894,-0.2818574,False,6,"[-0.011664, -0.0069838, 0.2809456]","[0.0098893, -0.0042348, 0.8608315]"
2137,2137,21,35.821300000000065,-1.558695,-2.851565,-1.1126112872688059,1.017315955442474,0.5389663,-0.348033,False,6,"[-0.0114537, -0.0106111, 0.2812756]","[0.0081123, -0.0052384, 0.8623697]"
2138,2138,21,35.83850000000007,-1.365782,-2.703737,-0.9410012168109347,1.1380065446923582,0.3292463,-0.3119979,False,6,"[-0.0094917, -0.0109622, 0.2813413]","[0.0049635, -0.0047035, 0.8637429]"
2139,2139,21,35.85469999999998,-2.24587,-2.775231,-1.5810578291485826,1.1799464116354494,0.03131615,-0.4297309,False,6,"[-0.0083783, -0.010758, 0.2816969]","[0.0004729, -0.0064896, 0.8652336]"
2140,2140,21,35.87189999999998,-3.709083,-2.986684,-2.66713712858242,1.158678274630632,-0.2697733,-0.4606167,False,6,"[-0.0065193, -0.0103987, 0.2817529]","[-0.0040776, -0.0069622, 0.86601]"
2141,2141,21,35.88790000000006,-3.385822,-3.126878,-2.4714782024990742,0.9796823061952367,-0.6936218,-0.3939557,False,6,"[-0.0066142, -0.0118115, 0.2820241]","[-0.0104961, -0.0059612, 0.8669722]"
2142,2142,21,35.90510000000006,-4.831137,-3.623761,-3.6125111201162685,0.675611511591498,-0.9647834,-0.2689693,False,6,"[-0.0050299, -0.011809, 0.281846]","[-0.0146088, -0.0040724, 0.8674914]"
2143,2143,21,35.9212,-4.30674,-3.575308,-3.229749022009874,0.6563747072421986,-1.332331,-0.06203345,False,6,"[-0.0076745, -0.0140484, 0.2820373]","[-0.020184, -0.0009396, 0.8678399]"
2144,2144,21,35.938499999999976,-4.976381,-3.596136,-3.708801362501796,0.7212788358837701,-1.51264,0.0120085,False,6,"[-0.0067201, -0.0133107, 0.2818624]","[-0.0229218, 0.0001819, 0.8680285]"
2145,2145,21,35.95550000000003,-4.801061,-3.622467,-3.5909101991816623,0.6730488049032219,-1.785896,0.1326872,False,6,"[-0.0110677, -0.0136801, 0.282211]","[-0.0270689, 0.0020105, 0.8681533]"
2146,2146,99,35.98890000000006,-5.325954,-3.131953,-3.8463283107775483,1.2220459923456888,-1.891254,0.3387119,False,6,"[-0.01831, -0.0147366, 0.2824475]","[-0.0286519, 0.0051296, 0.8676974]"
2147,2147,99,36.00580000000002,-5.034713,-3.081912,-3.6282685390670615,1.2340954111757894,-1.947907,0.506863,False,6,"[-0.0166851, -0.0154064, 0.2820213]","[-0.0294946, 0.007672, 0.8672207]"
2148,2148,99,36.02229999999997,-5.239762,-2.770842,-3.6997463567830433,1.5659573428743636,-2.002522,0.672985,False,6,"[-0.0238572, -0.0178763, 0.2822679]","[-0.0303104, 0.0101827, 0.8668829]"
2149,2149,99,36.0412,-5.14633,-2.878049,-3.6589949505818122,1.4486823908838948,-1.946631,0.9142597,False,6,"[-0.0212317, -0.0176155, 0.2819286]","[-0.0294438, 0.0138245, 0.8662933]"
2150,2150,99,36.05560000000003,-5.27172,-2.432151,-3.6421285642120793,1.9028974869474138,-1.954951,1.026556,False,6,"[-0.0245902, -0.0177485, 0.2824079]","[-0.0295656, 0.0155207, 0.8661723]"
2151,2151,99,36.07260000000008,-4.96438,-2.586511,-3.461098277464525,1.7120089646159655,-1.778936,1.126295,False,6,"[-0.0236879, -0.0178548, 0.282029]","[-0.0268792, 0.0170147, 0.8654448]"
2152,2152,99,36.08879999999999,-5.356618,-2.635846,-3.7504984387484566,1.713529717332572,-1.720038,1.194877,False,6,"[-0.0263682, -0.0154767, 0.2828472]","[-0.0259772, 0.018043, 0.8650587]"
2153,2153,99,36.10590000000002,-4.859182,-2.519914,-3.3708376916473144,1.7640486347626516,-1.591317,1.23293,False,6,"[-0.0249078, -0.0152223, 0.2827247]","[-0.0240009, 0.0185936, 0.8639346]"
2154,2154,99,36.122100000000046,-4.652928,-2.075581,-3.119532286730748,2.1744436753586833,-1.549102,1.36683,False,6,"[-0.025983, -0.0137125, 0.2833268]","[-0.0233517, 0.020603, 0.8634867]"
2155,2155,99,36.138900000000035,-4.307933,-1.831801,-2.8175119751623665,2.370046712299742,-1.210485,1.51328,False,6,"[-0.025488, -0.0142276, 0.2830021]","[-0.0182207, 0.0227804, 0.8623111]"
2156,2156,99,36.155500000000075,-3.72958,-1.256721,-2.271776576979924,2.861500333424308,-0.9513023,1.691023,False,6,"[-0.0261721, -0.0120479, 0.2836491]","[-0.0143017, 0.0254276, 0.861295]"
2157,2157,99,36.17259999999999,-3.27552,-0.8161638,-1.8459147331800971,3.2365912209752303,-0.6319906,1.87121,False,6,"[-0.0246108, -0.0127991, 0.2833309]","[-0.0094856, 0.0280939, 0.8599198]"
2158,2158,99,36.189500000000066,-3.121748,-0.8336172,-1.7411766022209938,3.1998333001488355,-0.2965969,2.115476,False,6,"[-0.0266082, -0.0130642, 0.2837781]","[-0.0044473, 0.0317348, 0.8591176]"
2159,2159,99,36.20609999999999,-2.820245,-0.8237985,-1.5253808521152097,3.1710438908378875,0.3648623,2.276169,False,6,"[-0.0240799, -0.0124656, 0.2832506]","[0.0054604, 0.034082, 0.8574609]"
2160,2160,99,36.22239999999999,-2.224321,-1.319134,-1.2208138759554417,2.608252242225479,0.8181214,2.323291,False,6,"[-0.0231582, -0.0103122, 0.2845407]","[0.0122256, 0.0347349, 0.8561435]"
2161,2161,99,36.23919999999998,-1.831219,-1.517128,-0.9894005974170439,2.363546221058447,1.180461,2.162895,False,6,"[-0.0214084, -0.0090891, 0.2841968]","[0.0176037, 0.032265, 0.8543038]"
2162,2162,99,36.25580000000002,-1.562928,-1.827896,-0.873074775551629,2.023918243149373,1.443793,2.059659,False,6,"[-0.0185805, -0.0062531, 0.2850404]","[0.021499, 0.0306763, 0.8529879]"
2163,2163,99,36.275300000000016,-1.397065,-2.015177,-0.8000125354291083,1.8187121311449705,1.974604,1.856186,False,6,"[-0.0162732, -0.0040507, 0.2843429]","[0.0293437, 0.0275827, 0.8511088]"
2164,2164,99,36.28890000000001,-0.9570715,-2.427306,-0.5861333434923766,1.3575757879127694,2.416929,1.498146,False,6,"[-0.015582, -0.0041571, 0.2857044]","[0.0358193, 0.0221947, 0.8486298]"
2165,2165,99,36.30630000000008,-1.011065,-2.24589,-0.5813795720504467,1.5427553022597515,2.732751,1.26669,False,6,"[-0.0140649, -0.0041053, 0.2855102]","[0.0403788, 0.0187053, 0.8459526]"
2166,2166,99,36.322400000000016,-0.3633662,-2.476673,-0.17747582264167283,1.2333651616706947,3.214793,1.256758,False,6,"[-0.0111033, -0.0065827, 0.2858633]","[0.0473975, 0.0185126, 0.8438577]"
2167,2167,99,36.33990000000006,-0.6132461,-2.510569,-0.3624260389890537,1.2319098489103326,3.625433,1.169466,False,6,"[-0.0091309, -0.0075639, 0.2855928]","[0.0532596, 0.0171595, 0.8405824]"
2168,2168,99,36.35590000000002,0.5837984,-2.129634,0.5753559138657213,1.453679381688206,4.175627,1.237702,False,6,"[-0.0078049, -0.0091289, 0.2860514]","[0.061141, 0.0180936, 0.8374599]"
2169,2169,99,36.37300000000005,0.8465775,-2.195322,0.7458449771930347,1.3556189237305158,4.718438,1.305822,False,6,"[-0.006976, -0.0100646, 0.2860399]","[0.0687873, 0.018997, 0.8333915]"
2170,2170,99,36.38930000000005,2.56844,-0.9961275,2.2490740896215855,2.3146643481585825,5.206119,1.782271,False,6,"[-0.0047857, -0.0121435, 0.2864711]","[0.075607, 0.0258205, 0.8297992]"
2171,2171,99,36.405700000000024,2.825923,-1.207841,2.38121621884118,2.07376513662654,6.000577,1.927428,False,6,"[-0.0050517, -0.011226, 0.2862453]","[0.0867334, 0.0277679, 0.825133]"
2172,2172,99,36.42240000000004,4.46471,-0.5528492,3.6966907750852642,2.5085592299037893,6.660748,2.488494,False,6,"[-0.0018174, -0.012395, 0.2865703]","[0.095894, 0.0356875, 0.8211613]"
2173,2173,99,36.43990000000008,4.767576,-0.1812147,3.9991750347559294,2.835188871894875,7.609662,3.219918,False,6,"[-0.0030643, -0.0125523, 0.2862835]","[0.1089471, 0.0458763, 0.8154717]"
2174,2174,99,36.45600000000002,6.065809,0.4420612,5.066017032790631,3.282230482826439,8.705463,3.65417,False,6,"[0.0029215, -0.0106619, 0.2867154]","[0.1241021, 0.0517613, 0.8104939]"
2175,2175,99,36.473100000000045,6.305372,0.330447,5.2091875878268,3.1419935912837493,9.507744,4.118644,False,6,"[0.0042304, -0.0109747, 0.2862884]","[0.1347787, 0.0579475, 0.8047378]"
2176,2176,99,36.48919999999998,8.391595,1.564195,6.978576981303002,4.088545153923286,10.30094,4.646513,False,6,"[0.0128801, -0.0049925, 0.287132]","[0.1453956, 0.065019, 0.7999858]"
2177,2177,99,36.5059,8.529637,1.599044,7.084569780136447,4.105195518534296,11.05485,5.269845,False,6,"[0.0141489, -0.0060434, 0.2866363]","[0.1552672, 0.0733019, 0.7947181]"
2178,2178,99,36.52290000000005,9.10076,2.189298,7.628781322072138,4.612483925039798,11.82547,5.791898,False,6,"[0.0224028, -0.0027685, 0.2869138]","[0.1654691, 0.0801629, 0.7903005]"
2179,2179,99,36.54000000000008,9.141393,2.572178,7.748264336453464,4.983598274253777,12.37729,6.107874,False,6,"[0.0238984, -0.0009063, 0.2865425]","[0.1725256, 0.0841274, 0.7861775]"
2180,2180,99,36.55600000000004,8.939084,2.665794,7.627206034037298,5.101396933454435,12.39486,5.820992,False,6,"[0.0304916, 0.0022139, 0.2869377]","[0.1725098, 0.0800235, 0.7849556]"
2181,2181,99,36.572900000000004,9.456167,2.629155,7.98462920468675,4.999464128429773,12.47027,5.766677,False,6,"[0.0316075, 0.0016498, 0.2860508]","[0.173027, 0.0790131, 0.7823955]"
2182,2182,99,36.589200000000005,9.177429,2.059157,7.652230573053848,4.474806570883917,12.56843,5.749218,False,6,"[0.0422934, 0.007829, 0.2867015]","[0.1741851, 0.0786601, 0.781281]"
2183,2183,99,36.60610000000008,9.288445,2.120345,7.745328874183458,4.52078852329439,12.47935,5.800458,False,6,"[0.0427768, 0.0079621, 0.2852166]","[0.1727101, 0.079274, 0.7803758]"
2184,2184,99,36.62270000000001,7.669979,0.6367218,6.247917824851758,3.269024140849828,12.33457,5.872605,False,6,"[0.0458059, 0.0109317, 0.2859516]","[0.1705568, 0.0802265, 0.779983]"
2185,2185,99,36.64600000000007,7.818643,0.6330582,6.352306560399415,3.2464700745465898,12.27398,5.813162,False,6,"[0.0459158, 0.0128184, 0.2853414]","[0.1695716, 0.0793521, 0.7794263]"
2186,2186,99,36.66140000000007,6.871721,0.8477816,5.732742569593048,3.578225407164668,12.14626,5.654603,False,6,"[0.0450549, 0.0133366, 0.2864363]","[0.1678126, 0.077201, 0.7797043]"
2187,2187,99,36.673,7.136266,0.7396103,5.8944165333809275,3.4381871938528987,12.00814,5.538906,False,6,"[0.0474499, 0.013082, 0.2848881]","[0.1657989, 0.0755894, 0.779478]"
2188,2188,99,36.6893,6.38328,0.2508889,5.245498464444351,3.053871184212744,11.86132,5.472239,False,6,"[0.0460996, 0.0102593, 0.28534]","[0.1637629, 0.0746971, 0.7797191]"
2189,2189,99,36.706300000000056,6.457399,0.1917024,5.283953218870812,2.98625306732883,11.70018,5.336164,False,6,"[0.0465197, 0.010531, 0.2844386]","[0.161556, 0.0728655, 0.780112]"
2190,2190,99,36.72320000000002,5.840571,-0.2481392,4.743018301384586,2.632617097433656,11.47929,5.275582,False,6,"[0.0382931, 0.00316, 0.2843441]","[0.1586043, 0.0721164, 0.7810098]"
2191,2191,99,36.74030000000005,5.918674,-0.2671481,4.7938129063552966,2.6039776258007468,11.36093,5.18898,False,6,"[0.0389076, 0.0031308, 0.2833465]","[0.1570993, 0.0710048, 0.7818773]"
2192,2192,99,36.75660000000005,5.540429,-0.4712588,4.4776496865837405,2.4516007153830337,11.27245,4.941045,False,6,"[0.0342916, 0.0042106, 0.284548]","[0.1560378, 0.067679, 0.7828515]"
2193,2193,99,36.77350000000001,5.539644,-0.4716752,4.47699523683986,2.4512915584266146,11.19304,4.770868,False,6,"[0.0354955, 0.0036599, 0.2835114]","[0.155007, 0.065378, 0.7833418]"
2194,2194,99,36.78970000000004,5.19789,-0.5436003,4.217986462385393,2.4241744364694133,11.08766,4.6582,False,6,"[0.031769, 0.0012435, 0.2839754]","[0.1537392, 0.0639223, 0.7845095]"
2195,2195,99,36.8066,4.989022,-0.7094956,4.030799361544384,2.2877614276665144,10.89012,4.547678,False,6,"[0.0320721, 0.0009481, 0.2833666]","[0.1512057, 0.0625121, 0.7859297]"
2196,2196,99,36.82320000000004,4.41074,-1.044076,3.5420947818658197,2.0326619308006615,10.77574,4.560613,False,6,"[0.0289985, -0.0012278, 0.2834878]","[0.1498648, 0.0628103, 0.7874296]"
2197,2197,99,36.84000000000003,4.398613,-1.128069,3.5136085468372613,1.951659647320206,10.60006,4.59218,False,6,"[0.0293378, -0.0013195, 0.2829936]","[0.1476931, 0.063388, 0.7891864]"
2198,2198,99,36.85660000000007,5.366067,0.1108286,4.492109808712295,3.0459063901606154,10.47143,4.590391,False,6,"[0.0274786, -0.00233, 0.2832811]","[0.1461859, 0.0635048, 0.7909499]"
2199,2199,99,36.87300000000005,5.404411,0.2050916,4.541591370117498,3.1336595778805494,10.34849,4.627078,False,6,"[0.0274252, -0.0023279, 0.2827701]","[0.1447941, 0.0641752, 0.7929351]"
2200,2200,99,36.88970000000006,5.577883,0.2154027,4.666855574008821,3.121677033878861,10.32129,4.70575,False,6,"[0.0257441, -0.002685, 0.2829953]","[0.1447398, 0.0654225, 0.7947728]"
2201,2201,99,36.9067,5.387398,0.1978375,4.5278271826262095,3.128699265485636,10.35382,4.852017,False,6,"[0.0246554, -0.0034976, 0.2824354]","[0.1456032, 0.0676501, 0.7969464]"
2202,2202,99,36.923,5.795744,-0.1042686,4.745366644433099,2.7797283103814117,10.59469,5.038403,False,6,"[0.0217784, -0.0051456, 0.2823435]","[0.1495017, 0.0704665, 0.7992651]"
2203,2203,99,36.93960000000004,5.835724,-0.09394583,4.7761189203749845,2.784776403974066,10.68792,5.253161,False,6,"[0.0216759, -0.0055488, 0.2817923]","[0.1512971, 0.0737053, 0.8016436]"
2204,2204,99,36.956300000000056,5.835078,-0.09967357,4.774304491846918,2.7792295369319087,10.63904,5.392624,False,6,"[0.0265097, 0.0005459, 0.2822268]","[0.151273, 0.0760173, 0.8052855]"
2205,2205,99,36.97289999999998,5.742288,0.06876985,4.7485161180080615,2.9566058357153677,10.54237,5.542148,False,6,"[0.0266422, 0.001008, 0.2816136]","[0.1504939, 0.078465, 0.808655]"
2206,2206,99,36.989700000000084,5.835485,-0.08329876,4.778472269251082,2.795270822464889,10.56676,5.66696,False,6,"[0.0274688, 0.0010574, 0.2812668]","[0.1517428, 0.0807184, 0.8134407]"
2207,2207,99,37.00660000000005,5.678078,-0.01882393,4.682301081906912,2.8787048713889063,10.83802,5.68808,False,6,"[0.0264457, 0.0009683, 0.2804242]","[0.1564347, 0.081387, 0.817113]"
2208,2208,99,37.0231,5.553242,0.2565143,4.659149707818262,3.1652230748267827,10.91356,5.713223,False,6,"[0.0284501, -0.0005101, 0.2802926]","[0.1585401, 0.082262, 0.8222388]"
2209,2209,99,37.039800000000014,5.537808,0.3433141,4.668787271451025,3.252497691624839,10.8453,5.903104,False,6,"[0.0285734, -0.0004584, 0.2795657]","[0.1584746, 0.085528, 0.8271993]"
2210,2210,99,37.05640000000005,5.956052,0.6904368,5.047153715466668,3.5403273419448134,10.89706,6.138006,False,6,"[0.0285706, -0.0004863, 0.2795702]","[0.1602808, 0.0895333, 0.8325567]"
2211,2211,99,37.07299999999998,6.054864,1.198375,5.237457997453876,4.026931618370758,10.95942,6.152635,False,6,"[0.0280442, 0.0003347, 0.2788837]","[0.1623359, 0.0903691, 0.8383152]"
2212,2212,99,37.08969999999999,6.209589,1.034472,5.308173187223884,3.8461214276418434,10.97448,6.206623,False,6,"[0.0284904, -0.0004053, 0.2787654]","[0.1637913, 0.0918562, 0.8446416]"
2213,2213,99,37.106700000000046,5.995383,0.4497968,5.017986944250305,3.2988117908396273,11.16896,6.211897,False,6,"[0.0276609, -9.14e-05, 0.2782037]","[0.1679826, 0.0926044, 0.8507927]"
2214,2214,99,37.12300000000005,6.063348,0.7729217,5.142663975024305,3.607714173082569,11.4065,6.315221,False,6,"[0.0270851, 0.0012472, 0.278576]","[0.1730234, 0.0949104, 0.8575984]"
2215,2215,99,37.13970000000006,6.259132,1.09026,5.356468119938922,3.8946335748430023,11.53548,6.351597,False,6,"[0.0269641, 0.0016664, 0.2781087]","[0.1763562, 0.096183, 0.8640796]"
2216,2216,99,37.15700000000004,6.362792,-0.6740817,5.011843241178591,2.147421484399171,11.51724,6.338922,False,6,"[0.0290432, 0.0033548, 0.2783812]","[0.177685, 0.0968701, 0.8720068]"
2217,2217,99,37.17330000000004,6.126533,-0.5665243,4.870050816074393,2.2832501163232397,11.2575,6.198339,False,6,"[0.0294681, 0.0058114, 0.2778111]","[0.1751069, 0.0955424, 0.8797205]"
2218,2218,99,37.18960000000004,6.595354,0.7365748,5.510722099160308,3.504165880329296,11.00332,5.980536,False,6,"[0.0302718, 0.0050238, 0.2782232]","[0.1728015, 0.0931021, 0.8887118]"
2219,2219,99,37.20659999999998,5.70436,0.7327006,4.878964718423331,3.6139529625796727,11.05008,6.232084,False,6,"[0.0291736, 0.0021808, 0.2777834]","[0.1749358, 0.0978211, 0.8957859]"
2220,2220,99,37.22340000000008,5.817535,0.5609053,4.918391885471441,3.4306835083986376,11.37402,6.286056,False,6,"[0.0295481, 0.0037528, 0.2781727]","[0.1815833, 0.0994328, 0.9026655]"
2221,2221,99,37.2405,5.980501,0.5481741,5.030758341554699,3.397394407178527,11.33782,6.004539,False,6,"[0.0304917, 0.0052908, 0.2780082]","[0.1824816, 0.0957288, 0.9101046]"
2222,2222,99,37.25660000000005,7.255976,-1.312854,5.49289167352253,1.405761761936998,11.23436,6.107082,False,6,"[0.0309761, -0.0032683, 0.2777869]","[0.1823274, 0.0982133, 0.9179308]"
2223,2223,99,37.27350000000001,7.318607,-1.411247,5.51392369151804,1.3010760978848568,11.44231,6.044198,False,6,"[0.0297878, -0.0027441, 0.2775148]","[0.1870924, 0.0978743, 0.924352]"
2224,2224,99,37.29000000000008,7.756084,-1.875722,5.713619041465759,0.7888149027363158,11.7312,5.714047,False,6,"[0.0325685, 0.0036214, 0.2816811]","[0.1941297, 0.0935422, 0.934853]"
2225,2225,99,37.3066,7.73749,-1.865626,5.70284616359879,0.8011078457620151,11.8292,5.684609,False,6,"[0.0278621, 0.0035671, 0.2789274]","[0.1963618, 0.093325, 0.9375437]"
2226,2226,99,37.32330000000002,7.531661,-1.951742,5.536712499279966,0.7427145408343163,11.95271,5.467908,False,6,"[0.0284559, 0.0027343, 0.2792933]","[0.1998833, 0.0903832, 0.9442084]"
2227,2227,99,37.34010000000001,7.190674,-1.860127,5.3169936359939065,0.8762269578910331,11.93904,5.340106,False,6,"[0.0292569, 0.002672, 0.2792754]","[0.2009952, 0.0888538, 0.9505802]"
2228,2228,99,37.357000000000085,7.009367,-2.02631,5.1492520462175175,0.7360173890240036,11.76694,5.043244,False,6,"[0.035804, -0.0064446, 0.2812084]","[0.200123, 0.0847813, 0.9607031]"
2229,2229,99,37.373699999999985,6.818269,-1.939837,5.034438969071304,0.8453665894593558,11.4331,4.832363,False,6,"[0.0360718, -0.0069192, 0.2808603]","[0.1956489, 0.0817874, 0.9674259]"
2230,2230,99,37.390100000000075,5.890601,-0.2297167,4.782805189408253,2.644344316302356,10.99534,4.759987,False,6,"[0.0382564, -0.0091986, 0.2808794]","[0.189357, 0.0811525, 0.9745811]"
2231,2231,99,37.40650000000005,5.961888,-0.2881014,4.819444804904402,2.577875266499427,10.57409,4.772392,False,6,"[0.0381412, -0.0091437, 0.2807147]","[0.1831949, 0.0819299, 0.9813474]"
2232,2232,99,37.423400000000015,5.657764,-0.337364,4.5924480647451364,2.5682333397761266,10.165,4.653723,False,6,"[0.0371474, -0.0095745, 0.2809627]","[0.1770335, 0.0803738, 0.9873706]"
2233,2233,99,37.44040000000007,5.710236,-0.4562597,4.60142971370585,2.4446927994332293,9.887818,4.527764,False,6,"[0.0351976, -0.0090605, 0.2789827]","[0.1731166, 0.0786477, 0.9931602]"
2234,2234,99,37.45670000000007,5.4938,-0.5613523,4.423290060836896,2.3690015868061254,9.723751,4.491032,False,6,"[0.0343859, -0.009895, 0.2796725]","[0.1709675, 0.0783644, 0.9977104]"
2235,2235,99,37.47360000000003,5.480255,-0.4679889,4.435820155704935,2.462486081828633,9.686884,4.415448,False,6,"[0.0334714, -0.0094814, 0.2799402]","[0.1710782, 0.0773892, 1.00223]"
2236,2236,99,37.48980000000006,7.158664,0.5543889,5.86639099283629,3.2532959046712406,9.640954,4.386217,False,6,"[0.0289996, -0.0011269, 0.2810738]","[0.1707872, 0.0771168, 1.005384]"
2237,2237,99,37.50689999999997,7.201497,0.3951666,5.858993649473231,3.0913512492970403,9.50847,4.370859,False,6,"[0.029418, -0.0014165, 0.2816958]","[0.1690611, 0.0771491, 1.009353]"
2238,2238,99,37.52330000000006,6.635863,0.6467394,5.518118866418984,3.4107110106408824,9.321069,4.32506,False,6,"[0.0279051, -0.0016586, 0.2816743]","[0.1662218, 0.0765923, 1.012721]"
2239,2239,99,37.541900000000055,6.486004,0.3583643,5.34369256035529,3.1464015899819775,9.008757,4.403381,False,6,"[0.0282021, -0.002246, 0.2820382]","[0.1611369, 0.078266, 1.016373]"
2240,2240,99,37.55799999999999,6.02177,0.09113292,4.9516926956515395,2.9429525444341462,8.714753,4.443163,False,6,"[0.0271104, -0.0027617, 0.2818722]","[0.1563797, 0.0792724, 1.020189]"
2241,2241,99,37.57470000000001,5.846354,0.1080812,4.831510554618738,2.9819734708296606,8.416079,4.312909,False,6,"[0.0270838, -0.0023058, 0.2822959]","[0.1514467, 0.0771974, 1.023607]"
2242,2242,99,37.59140000000002,5.139692,0.01009354,4.307965581818367,2.9757649143663105,8.114787,4.104953,False,6,"[0.0355165, 0.0027363, 0.2827829]","[0.1464421, 0.0737095, 1.027056]"
2243,2243,99,37.60820000000001,5.042318,0.02900391,4.243503424313179,3.006764449879549,7.706114,3.979715,False,6,"[0.0357639, 0.0019522, 0.2830412]","[0.1393723, 0.0716576, 1.029992]"
2244,2244,99,37.624700000000075,4.362208,0.3423161,3.836205263698027,3.4013965067288794,7.181825,3.968676,False,6,"[0.0329659, 0.0031987, 0.2833627]","[0.1300876, 0.0716241, 1.032383]"
2245,2245,99,37.64160000000004,4.159373,0.3170843,3.6866164392780596,3.4024585252361534,6.763814,4.113776,False,6,"[0.0322256, 0.0017729, 0.2834561]","[0.1227345, 0.0744284, 1.034841]"
2246,2246,99,37.65820000000008,3.751711,0.221238,3.375276088817585,3.3602343768980507,6.450256,4.290832,False,6,"[0.0299115, 0.000451, 0.2835527]","[0.1171391, 0.0777391, 1.036114]"
2247,2247,99,37.675500000000056,3.539859,0.3358614,3.2524383680152456,3.4998957802106405,6.369876,4.237284,False,6,"[0.0290764, 0.0005357, 0.2839668]","[0.1158162, 0.0768642, 1.037448]"
2248,2248,99,37.691400000000044,3.093642,-0.08211345,2.837479847005884,3.1459989220149343,6.202206,4.253901,False,6,"[0.0255549, 5.01e-05, 0.2841143]","[0.1128021, 0.0772069, 1.037989]"
2249,2249,99,37.70850000000007,2.945998,-0.09533594,2.729812539848619,3.1518272852904765,5.974957,4.262246,False,6,"[0.0251201, 0.0001441, 0.2847024]","[0.1087148, 0.0774134, 1.038719]"
2250,2250,99,37.7251,2.609318,-0.01221358,2.511130983463023,3.276444021530767,5.753045,4.322856,False,6,"[0.0217217, 0.0017013, 0.2847539]","[0.1047569, 0.0785991, 1.039787]"
2251,2251,99,37.74270000000001,2.373109,-0.1423848,2.3130499265191995,3.1786264237532573,5.547462,4.275724,False,6,"[0.020733, 0.0015778, 0.2850974]","[0.1010194, 0.077762, 1.040095]"
2252,2252,99,37.759000000000015,2.057317,0.2647027,2.185913128234053,3.618973273786772,5.340536,4.368875,False,6,"[0.0186783, 0.0010999, 0.2848457]","[0.097321, 0.0795379, 1.04108]"
2253,2253,99,37.77620000000002,1.84059,0.3547114,2.053791964985191,3.7350648563384783,5.281737,4.344312,False,6,"[0.0176338, 0.001671, 0.2850547]","[0.0962262, 0.0790748, 1.040894]"
2254,2254,99,37.79250000000002,1.638893,0.5298389,1.9524791430336248,3.9328950499913824,5.093907,4.368361,False,6,"[0.0153978, -0.0004083, 0.2848969]","[0.0928444, 0.0795646, 1.041552]"
2255,2255,99,37.80910000000006,1.428606,0.5966648,1.8194250110988905,4.025381511600846,5.060253,4.544489,False,6,"[0.0146614, -0.000474, 0.284893]","[0.0921798, 0.0827427, 1.04101]"
2256,2256,99,37.82580000000007,1.264793,1.082562,1.8185640757398498,4.5238064764980095,5.045422,4.646919,False,6,"[0.0129865, -6.07e-05, 0.2849622]","[0.0919192, 0.0846259, 1.041135]"
2257,2257,99,37.84260000000006,0.4807042,1.343122,1.3251487364919274,4.879850113912086,4.955972,4.818434,False,6,"[0.0118009, -0.0007076, 0.2847553]","[0.0902399, 0.0877236, 1.040657]"
2258,2258,99,37.85910000000001,1.647005,1.216681,2.1209531652012377,4.606889733931274,5.205844,4.850133,False,6,"[0.0102445, 0.0013175, 0.2851849]","[0.0947578, 0.0882509, 1.040038]"
2259,2259,99,37.87660000000005,1.446503,1.160072,1.9655820791792713,4.5768167792435355,5.296296,4.908708,False,6,"[0.0091578, 0.0017643, 0.2849755]","[0.0963151, 0.0892307, 1.038975]"
2260,2260,99,37.89300000000003,2.150059,0.7306492,2.361970827835844,4.065081954614173,5.476189,4.885826,False,6,"[0.0081658, 0.0026393, 0.2853991]","[0.099576, 0.0887858, 1.03866]"
2261,2261,99,37.90980000000002,2.146214,0.7165795,2.355915025658505,4.051744450468877,5.59124,4.964121,False,6,"[0.0070995, 0.0029646, 0.2846729]","[0.101602, 0.0901453, 1.037851]"
2262,2262,99,37.92660000000001,3.066717,0.847417,3.0386461750725084,4.062974826033153,6.089171,5.084952,False,6,"[0.0063034, 0.0053949, 0.2854995]","[0.1105874, 0.0922439, 1.036647]"
2263,2263,99,37.950000000000045,2.945488,1.086879,3.009548617796561,4.313773981557045,6.333805,4.866464,False,6,"[0.002397, 0.0066983, 0.2856897]","[0.1149788, 0.088194, 1.035862]"
2264,2264,99,37.95979999999997,4.028323,2.188363,4.0371848438903735,5.258260381726249,6.760303,4.944231,False,6,"[0.0082033, 0.0060592, 0.2852955]","[0.1225918, 0.0894648, 1.03418]"
2265,2265,99,37.97649999999999,4.200107,2.262033,4.176265269182639,5.308762215824818,7.325621,5.16731,False,6,"[0.0071737, 0.0057527, 0.2840882]","[0.1328097, 0.093423, 1.033076]"
2266,2266,99,37.99329999999998,4.768336,2.61336,4.661819848214808,5.581601960506822,7.566162,5.673405,False,6,"[0.010673, 0.0036255, 0.2842866]","[0.1371312, 0.1025633, 1.032401]"
2267,2267,99,38.00980000000004,4.36409,2.685606,4.3927234811130935,5.7041435301154815,7.725653,6.080875,False,6,"[0.0106108, 0.0035413, 0.2831347]","[0.1400573, 0.1099837, 1.032404]"
2268,2268,99,38.026500000000055,4.355028,2.492282,4.340503990504701,5.515299899741536,7.762739,6.254384,False,6,"[0.0152023, 0.0041971, 0.2837541]","[0.1407604, 0.1131647, 1.03257]"
2269,2269,99,38.043000000000006,3.978384,2.354913,4.041287134646364,5.428312664303712,7.81234,6.167507,False,6,"[0.0145595, 0.0053683, 0.2829623]","[0.1418398, 0.1117135, 1.0338]"
2270,2270,99,38.059799999999996,3.967039,2.017005,3.9531955664036453,5.097662841284061,7.796307,5.860732,False,6,"[0.0200079, 0.0108565, 0.2841073]","[0.1416448, 0.1061915, 1.034528]"
2271,2271,99,38.076599999999985,3.673063,2.035125,3.749348462775704,5.152950791987932,7.218077,5.65128,False,6,"[0.0208296, 0.0112038, 0.2836379]","[0.1313294, 0.1026107, 1.036948]"
2272,2272,99,38.093200000000024,3.590457,1.532773,3.571841829565395,4.669770500744442,6.854566,5.349752,False,6,"[0.0236938, 0.0129648, 0.2840445]","[0.124894, 0.0972929, 1.038975]"
2273,2273,99,38.10990000000004,3.415549,1.594608,3.4626541815164686,4.75284136119687,6.976512,5.271661,False,6,"[0.0216436, 0.0133031, 0.2836066]","[0.1273236, 0.0960046, 1.040493]"
2274,2274,99,38.127000000000066,3.242405,1.731298,3.3724505539847365,4.909254872377401,6.836386,5.126074,False,6,"[0.0216649, 0.0123823, 0.2844795]","[0.1248048, 0.0933862, 1.041021]"
2275,2275,99,38.144000000000005,2.993454,1.781747,3.208141518023117,4.990575457634469,6.811637,5.195703,False,6,"[0.0197725, 0.0116916, 0.284301]","[0.1245214, 0.0947931, 1.042467]"
2276,2276,99,38.16000000000008,3.281872,1.866875,3.4325155698494108,5.0374683148142445,6.78803,5.296721,False,6,"[0.0197159, 0.0100125, 0.2843012]","[0.1241504, 0.0966969, 1.04301]"
2277,2277,99,38.17660000000001,3.080835,1.921121,3.303030098926047,5.116411940414526,6.815424,5.426761,False,6,"[0.0182413, 0.0100973, 0.2841548]","[0.1248167, 0.0992126, 1.044353]"
2278,2278,99,38.19320000000005,3.235469,1.735319,3.3684924219858337,4.914090998844761,6.802506,5.541859,False,6,"[0.0178192, 0.0075989, 0.2839831]","[0.1246458, 0.1013851, 1.044923]"
2279,2279,99,38.20990000000006,2.944014,1.685848,3.150416182177278,4.902629059713959,6.7443,5.527724,False,6,"[0.0169619, 0.0079116, 0.2841992]","[0.123785, 0.1013014, 1.046746]"
2280,2280,99,38.226999999999975,3.121775,1.002985,3.1144862769681443,4.208847708842344,6.767785,5.515048,False,6,"[0.0160988, 0.0085895, 0.2841743]","[0.124272, 0.1011099, 1.047184]"
2281,2281,99,38.2432,2.738096,0.7918497,2.7928113805994856,4.050259808381504,6.736741,5.316829,False,6,"[0.014886, 0.0088552, 0.2846645]","[0.1239687, 0.0976689, 1.049487]"
2282,2282,99,38.259900000000016,2.947922,0.6412565,2.9056924856180113,3.875505559192625,6.729032,5.129669,False,6,"[0.0162989, 0.0092647, 0.2842397]","[0.1239314, 0.0942926, 1.050385]"
2283,2283,99,38.27660000000003,2.682173,0.5735788,2.7015029115234457,3.84287275192934,6.593618,4.913716,False,6,"[0.0153243, 0.0095502, 0.2847183]","[0.1217041, 0.090518, 1.052885]"
2284,2284,99,38.29360000000008,2.291322,0.07216148,2.30597482584648,3.399909850810741,6.404488,4.786808,False,6,"[0.0160586, 0.0086064, 0.2840744]","[0.1183254, 0.0882749, 1.054149]"
2285,2285,99,38.309900000000084,2.000466,-0.1442035,2.048781206436595,3.224348022904942,6.287666,4.544778,False,6,"[0.0146467, 0.0083823, 0.2848008]","[0.1164484, 0.084008, 1.056863]"
2286,2286,99,38.326599999999985,1.676642,-0.3593462,1.768535250570487,3.0541906104422214,6.094052,4.451603,False,6,"[0.0154815, 0.0049696, 0.2838606]","[0.1129625, 0.0823716, 1.058056]"
2287,2287,99,38.343200000000024,1.568609,-0.4851288,1.6622448417486932,2.9443447309009523,5.89736,4.389688,False,6,"[0.0136202, 0.0039362, 0.2847919]","[0.1095657, 0.0814262, 1.060724]"
2288,2288,99,38.359800000000064,1.425071,-0.451234,1.568647954580729,2.9959565176154,5.891413,4.377819,False,6,"[0.014612, 0.0031758, 0.2837474]","[0.1095541, 0.0812791, 1.061689]"
2289,2289,99,38.3768,1.418476,-0.006407394,1.669369457507926,3.4339732292029974,5.752246,4.29209,False,6,"[0.0133249, 0.0028475, 0.2844345]","[0.1072176, 0.0798819, 1.06436]"
2290,2290,99,38.39340000000004,1.360827,0.3381173,1.7101797208444889,3.7799221300203127,5.608855,4.332983,False,6,"[0.0113311, 0.0003567, 0.2831896]","[0.1047122, 0.0807884, 1.066241]"
2291,2291,99,38.40989999999999,0.7672511,0.5118201,1.3310721707375435,4.026313570565134,5.625844,4.423675,False,6,"[0.0099186, -0.0007147, 0.2839645]","[0.1052988, 0.082696, 1.068956]"
2292,2292,99,38.42660000000001,0.8737692,0.9401957,1.5079820785241358,4.433741201236472,5.640011,4.70715,False,6,"[0.0082747, -0.001773, 0.2826896]","[0.105762, 0.0881821, 1.070943]"
2293,2293,99,38.44330000000002,0.8357321,1.565,1.6290833705157175,5.052648734877684,5.64296,5.059029,False,6,"[0.0077617, -0.0023999, 0.2834371]","[0.1061171, 0.0950755, 1.073973]"
2294,2294,99,38.460000000000036,1.288842,1.384909,1.9072249835133688,4.81788726471995,5.645107,5.475327,False,6,"[0.0070259, -0.0022243, 0.2824228]","[0.1062585, 0.1030429, 1.074993]"
2295,2295,99,38.476800000000026,0.9011507,1.654335,1.6965666566180586,5.1321068845582305,5.717402,5.593738,False,6,"[0.0070206, -3.17e-05, 0.283523]","[0.1079426, 0.1055928, 1.078133]"
2296,2296,99,38.493400000000065,1.368471,1.881159,2.081178127207575,5.295450049890868,5.673432,5.750381,False,6,"[0.0067057, 0.0016658, 0.2822817]","[0.1073909, 0.1088572, 1.08099]"
2297,2297,99,38.510400000000004,1.151706,1.756727,1.8982235345882745,5.200794006212034,5.752822,5.871606,False,6,"[0.0037948, 0.0025314, 0.2833674]","[0.1092979, 0.1115704, 1.084902]"
2298,2298,99,38.52679999999998,1.529124,1.789351,2.173171607929288,5.184739103064154,5.960784,5.875419,False,6,"[0.0043041, 0.0046314, 0.2822126]","[0.1135151, 0.1118779, 1.087181]"
2299,2299,99,38.543300000000045,1.298701,1.686828,1.9857377165317733,5.113356526384529,5.945202,5.68392,False,6,"[0.0041353, 0.0077451, 0.2834833]","[0.1136382, 0.1086103, 1.091233]"
2300,2300,99,38.56020000000001,1.714095,1.544152,2.2460403835494205,4.9201750218548534,5.652739,5.591475,False,6,"[0.0063427, 0.0068157, 0.2819195]","[0.1082868, 0.1071057, 1.094024]"
2301,2301,99,38.57770000000005,1.5644,1.607807,2.155135189523228,5.001820122612855,6.122068,5.91401,False,6,"[0.0044548, 0.0081798, 0.2832187]","[0.1177609, 0.1137298, 1.097915]"
2302,2302,99,38.59350000000006,1.901106,1.446548,2.3553225719611786,4.8004073267784015,6.441161,5.703745,False,6,"[0.0067453, 0.0092739, 0.2823596]","[0.1243117, 0.1099793, 1.101122]"
2303,2303,99,38.61080000000004,1.871798,0.9451073,2.215767774196017,4.311327590706648,6.383021,5.632281,False,6,"[0.0057037, 0.0087016, 0.2837145]","[0.1236637, 0.1090186, 1.105444]"
2304,2304,99,38.6268,2.108657,0.7009429,2.325619293312552,4.041165007781862,6.492478,5.375595,False,6,"[0.0075461, 0.0088311, 0.2826828]","[0.1261057, 0.104271, 1.108109]"
2305,2305,99,38.64409999999998,2.250157,-0.3224381,2.183338475735397,3.017345315890957,6.470632,4.98398,False,6,"[0.0064595, 0.0083909, 0.2849289]","[0.1261517, 0.0969992, 1.112288]"
2306,2306,99,38.66030000000001,2.450492,-0.5059612,2.2816978437734283,2.811437564815198,6.660587,4.633512,False,6,"[0.008458, 0.007619, 0.2826353]","[0.130406, 0.0905068, 1.116722]"
2307,2307,99,38.67700000000002,2.404268,-0.5376268,2.241468039483827,2.7862097832131445,6.866598,4.355439,False,6,"[0.0077824, 0.0079984, 0.2849567]","[0.134824, 0.0852725, 1.119597]"
2308,2308,99,38.69360000000006,3.102771,-0.3379178,2.783336701487731,2.89343035185106,6.83382,3.940956,False,6,"[0.0094029, 0.0071536, 0.2832831]","[0.1346328, 0.0773941, 1.123424]"
2309,2309,99,38.71090000000004,3.033127,-0.2134812,2.7635097552606975,3.024605786042286,6.823467,3.697246,False,6,"[0.0093341, 0.0047117, 0.285616]","[0.1347497, 0.0727687, 1.126122]"
2310,2310,99,38.7269,3.421306,0.03319696,3.09679175001123,3.2175515201230867,7.130857,3.642421,False,6,"[0.010443, 0.00347, 0.2836266]","[0.1411742, 0.0718355, 1.128459]"
2311,2311,99,38.7441,3.415095,0.1117795,3.1110124799534256,3.295574348860566,7.481523,3.608264,False,6,"[0.0110773, -0.0015865, 0.2819155]","[0.1483151, 0.0712181, 1.129379]"
2312,2312,99,38.75999999999999,3.714027,0.5662058,3.4303269078704415,3.7040733838899493,7.505404,3.90153,False,6,"[0.0121374, -0.0025046, 0.2836164]","[0.14903, 0.0771458, 1.131171]"
2313,2313,99,38.777000000000044,3.75294,0.5331133,3.450037533360854,3.6665889535757605,7.578329,4.229172,False,6,"[0.0120071, -0.0026834, 0.2859704]","[0.1505609, 0.0836837, 1.131666]"
2314,2314,99,38.793300000000045,3.792608,0.3822896,3.442389158761977,3.513301960522347,7.582862,4.462575,False,6,"[0.0153793, -0.0016733, 0.2837162]","[0.1510237, 0.0885382, 1.134458]"
2315,2315,99,38.809900000000084,3.788849,0.5235615,3.473198671929195,3.6526233259030096,7.544919,4.562256,False,6,"[0.015161, -0.0010661, 0.2861234]","[0.1503349, 0.0905698, 1.13503]"
2316,2316,99,38.826599999999985,3.574887,0.1974797,3.2444526217354435,3.359428356613621,7.460475,4.511394,False,6,"[0.0170139, 0.0001649, 0.2845894]","[0.148862, 0.0896938, 1.136778]"
2317,2317,99,38.8433,3.495179,0.1844531,3.184931613410867,3.3567879410283283,7.456811,4.364043,False,6,"[0.0171255, 0.0005599, 0.2869775]","[0.1488718, 0.0868016, 1.137418]"
2318,2318,99,38.86009999999999,3.488024,-0.05980372,3.121995015650848,3.1176443719679585,7.401297,4.337475,False,6,"[0.0185278, 0.0028207, 0.285425]","[0.1477827, 0.0862896, 1.137662]"
2319,2319,99,38.87660000000005,3.490062,-0.1414734,3.1040883050575343,3.037119524176359,7.243199,4.2858,False,6,"[0.0188492, 0.0026738, 0.2873567]","[0.144616, 0.0852721, 1.137854]"
2320,2320,99,38.89340000000004,3.40596,0.04943694,3.0897741805881984,3.2354686768502323,7.051938,4.458776,False,6,"[0.0189426, 0.0019066, 0.2857516]","[0.1407771, 0.0887394, 1.138008]"
2321,2321,99,38.91000000000008,3.436428,-0.03774057,3.0906914651619535,3.1459061309668197,6.855615,4.519104,False,6,"[0.0190635, 0.0026305, 0.2878613]","[0.1367773, 0.0899171, 1.137655]"
2322,2322,99,38.92660000000001,3.296268,0.1154976,3.027761779647672,3.3143779976020915,6.683318,4.672277,False,6,"[0.0178844, 0.0009867, 0.286267]","[0.1332633, 0.092947, 1.137274]"
2323,2323,99,38.94330000000002,3.266343,0.04890802,2.990797564804827,3.2527489109985845,6.716205,4.78501,False,6,"[0.0176354, 0.0009295, 0.2887343]","[0.1337497, 0.0950752, 1.135784]"
2324,2324,99,38.95990000000006,3.075917,0.6031981,2.987298190293424,3.8217833923502242,6.735116,4.895568,False,6,"[0.0174853, -0.0002994, 0.286866]","[0.133896, 0.097113, 1.133805]"
2325,2325,99,38.97670000000005,3.0439,0.4890753,2.937590958490352,3.713705337028758,6.596653,4.983925,False,6,"[0.0176305, -0.0007138, 0.2890786]","[0.1309275, 0.0987305, 1.132153]"
2326,2326,99,38.993400000000065,2.816063,0.7814893,2.8455587475591164,4.0301374275555855,6.467034,5.163456,False,6,"[0.0170849, 0.0002477, 0.2870679]","[0.1281935, 0.102195, 1.130925]"
2327,2327,99,39.010200000000054,2.704131,0.7047024,2.7481161211010514,3.9689416479581965,6.342154,5.375795,False,6,"[0.0173936, -0.0001908, 0.2896564]","[0.1254526, 0.1062145, 1.128721]"
2328,2328,99,39.026500000000055,2.328167,0.9636841,2.5432864059970477,4.271401464923265,6.154295,5.479704,False,6,"[0.0165717, 0.00058, 0.287731]","[0.121479, 0.1080768, 1.126603]"
2329,2329,99,39.043300000000045,2.406433,0.8668664,2.5757615091783634,4.166270668668584,6.044801,5.655004,False,6,"[0.0165784, 0.000248, 0.2904912]","[0.1190097, 0.1112836, 1.123847]"
2330,2330,99,39.06000000000006,2.118091,0.975694,2.397394343614512,4.309987822319863,5.901363,5.717709,False,6,"[0.0154997, 0.0030367, 0.2884388]","[0.1159441, 0.1123114, 1.121707]"
2331,2331,99,39.07680000000005,2.044162,1.027233,2.3572622228330484,4.370065747330974,5.685942,5.855907,False,6,"[0.0154685, 0.0024831, 0.2908917]","[0.1113607, 0.1147125, 1.118468]"
2332,2332,99,39.093399999999974,1.631071,1.106664,2.0836057511160817,4.500796407151803,5.609844,6.015837,False,6,"[0.0141999, 0.0039377, 0.2886797]","[0.1096119, 0.1176013, 1.115934]"
2333,2333,99,39.110000000000014,1.644481,0.8463616,2.03142792529007,4.243261356828948,5.470081,6.214973,False,6,"[0.013757, 0.0035826, 0.2912711]","[0.1064958, 0.1211054, 1.112087]"
2334,2334,99,39.12660000000005,1.547227,1.640393,2.15069686496941,5.036035087273243,5.347263,6.289546,False,6,"[0.011764, 0.0048672, 0.2893505]","[0.1038645, 0.1223041, 1.109673]"
2335,2335,99,39.144000000000005,0.4242541,1.256557,1.2646715910739685,4.801970909760008,5.185401,6.380236,False,6,"[0.0122593, 0.0044139, 0.2917152]","[0.1003137, 0.1236024, 1.105382]"
2336,2336,99,39.16030000000001,1.10334,1.666506,1.84260387414003,5.11829102423064,5.117249,6.394853,False,6,"[0.0107154, 0.0049343, 0.2897273]","[0.0987277, 0.1235619, 1.102473]"
2337,2337,99,39.176900000000046,1.077633,1.987643,1.9004884903766384,5.437182131961018,5.007051,6.505837,False,6,"[0.0104244, 0.0052368, 0.2920617]","[0.0961899, 0.1252031, 1.097899]"
2338,2338,99,39.193700000000035,1.171112,1.681464,1.8941315821308626,5.124351366166145,4.967264,6.481917,False,6,"[0.0082612, 0.0056043, 0.2901188]","[0.0951444, 0.1243764, 1.094709]"
2339,2339,99,39.2106,0.9204346,1.07763,1.5735837308847525,4.562862260671256,4.905099,6.582658,False,6,"[0.008403, 0.0043239, 0.2926919]","[0.0935434, 0.1257826, 1.089997]"
2340,2340,99,39.22720000000004,0.8338141,1.177638,1.5359493584356718,4.672193618316848,4.931983,6.553181,False,6,"[0.0078499, 0.0083228, 0.2906193]","[0.093675, 0.1247036, 1.085551]"
2341,2341,99,39.24980000000005,0.8089878,0.7847703,1.4252914233692773,4.289248121975433,4.791541,6.439258,False,6,"[0.0021812, 0.0064612, 0.2945668]","[0.090582, 0.1219614, 1.080626]"
2342,2342,99,39.26120000000003,0.6422496,0.7479619,1.2985169759651152,4.27433059493809,4.892291,6.221688,False,6,"[0.0056038, 0.0084654, 0.2909665]","[0.0921444, 0.1173597, 1.076519]"
2343,2343,99,39.27850000000001,-0.07888204,-0.2254245,0.5573227353818975,3.4096243045335126,4.780791,5.756648,False,6,"[0.0055178, 0.0101802, 0.2933356]","[0.0895905, 0.1079909, 1.071212]"
2344,2344,99,39.2953,-0.06563007,-0.164958,0.5810314352629604,3.467361302523208,4.238918,5.288362,False,6,"[0.0059453, 0.0085375, 0.2908309]","[0.0791855, 0.0988904, 1.068365]"
2345,2345,99,39.3116,-0.2631777,0.09687227,0.5031985597530932,3.749874027897507,4.256488,5.431801,False,6,"[0.0046928, 0.0054945, 0.2920973]","[0.0790627, 0.1010109, 1.06229]"
2346,2346,99,39.329000000000065,-0.1655944,0.4688559,0.6604217613361358,4.1030187066920165,4.188979,5.181007,False,6,"[0.0042245, 0.0059669, 0.2902658]","[0.0775745, 0.0960364, 1.059152]"
2347,2347,99,39.345500000000015,-0.2471967,0.57104,0.6268559372210137,4.213848956360401,4.091856,5.449729,False,6,"[0.0041097, 0.0039867, 0.291049]","[0.0753369, 0.1004698, 1.053102]"
2348,2348,99,39.36270000000002,0.001191432,1.09747,0.9274439451831478,4.6995572196251,4.154566,5.678967,False,6,"[0.0032423, 0.003776, 0.2892355]","[0.0762413, 0.1043752, 1.049603]"
2349,2349,99,39.37950000000001,-0.1915221,1.078762,0.7865669550460632,4.7057404266933505,4.45655,6.021879,False,6,"[-0.0003988, -0.0011397, 0.2896698]","[0.0813659, 0.110129, 1.043973]"
2350,2350,99,39.396600000000035,0.6839376,1.078699,1.406392953034971,4.594064361213602,4.648384,6.130955,False,6,"[-0.0003299, -0.0008292, 0.288023]","[0.0846253, 0.111798, 1.040798]"
2351,2351,99,39.413599999999974,1.47747,0.6259149,1.8609516878384789,4.047898759098838,4.985962,6.179356,False,6,"[-0.0013288, 0.0004891, 0.2892975]","[0.090374, 0.1121574, 1.035903]"
2352,2352,99,39.43050000000005,1.329871,0.5064859,1.728153183933159,3.949341552433869,5.245456,5.971739,False,6,"[-0.000833, 0.0023586, 0.2882271]","[0.0948867, 0.1081144, 1.033544]"
2353,2353,99,39.44709999999998,1.611787,0.07604478,1.8257721020743596,3.490361668800248,5.398,5.713529,False,6,"[-0.0012464, 0.0028794, 0.2888933]","[0.0973068, 0.1030315, 1.029782]"
2354,2354,99,39.46350000000007,1.380071,0.2241387,1.6968003467757555,3.6654504247498485,5.450934,5.246741,False,6,"[6e-06, 0.0055254, 0.2884293]","[0.0980909, 0.0943953, 1.027939]"
2355,2355,99,39.484800000000064,1.289743,0.03997864,1.5892142667735711,3.495973889733864,5.402512,5.040842,False,6,"[-0.0009607, 0.005412, 0.287411]","[0.0969548, 0.0904293, 1.025195]"
2356,2356,2,39.49790000000007,1.1236,0.1412092,1.4955662162627628,3.616645266499029,5.584217,4.950731,False,6,"[0.0034334, 0.0054156, 0.2876176]","[0.1000784, 0.0886649, 1.023582]"
2357,2357,2,39.51459999999997,1.115491,0.9629093,1.684506817475809,4.425246536271237,5.481471,4.798792,False,6,"[0.0074028, 0.0031356, 0.2870161]","[0.0980227, 0.0857533, 1.021467]"
2358,2358,2,39.530899999999974,1.049912,1.081241,1.6661115549782792,4.5499038152743525,5.368877,4.970326,False,6,"[0.0066601, 0.0025361, 0.2868915]","[0.0957696, 0.088623, 1.019044]"
2359,2359,2,39.547500000000014,1.05777,1.589744,1.7921526147900306,5.048659089161685,5.274276,5.188388,False,6,"[0.0080592, 0.0003801, 0.2864119]","[0.0938018, 0.0922658, 1.016112]"
2360,2360,2,39.5643,1.003428,1.476566,1.7268627362801872,4.9443558438899595,5.311369,5.333919,False,6,"[0.0068918, 0.0011191, 0.2860676]","[0.0941888, 0.094591, 1.013138]"
2361,2361,2,39.58090000000004,1.28495,0.4528556,1.6836419235230677,3.9023607260714863,5.493987,5.469014,False,6,"[0.0064349, 0.0001994, 0.2858159]","[0.0971604, 0.0967161, 1.010161]"
2362,2362,2,39.59789999999998,1.367312,0.3845912,1.7257820791749554,3.8247699257349512,5.508587,5.551028,False,6,"[0.0056024, 0.000704, 0.2856451]","[0.0972339, 0.0979877, 1.008229]"
2363,2363,2,39.61430000000007,2.017196,2.179886,2.611263000739318,5.506331877743535,5.620517,5.396412,False,6,"[0.0055684, 0.0048066, 0.2859793]","[0.0990082, 0.0950366, 1.006055]"
2364,2364,2,39.63099999999997,2.027524,2.062818,2.590838982827047,5.3899606270672855,5.432861,5.235015,False,6,"[0.0052306, 0.0053867, 0.2854114]","[0.0955896, 0.0920887, 1.005079]"
2365,2365,2,39.65039999999999,4.612743,1.111389,4.195801644328791,4.125300674341009,5.435338,5.079224,False,6,"[0.0052641, 0.0079126, 0.2851036]","[0.0955046, 0.0892133, 1.003726]"
2366,2366,2,39.664499999999975,4.338684,1.153937,4.011843750683552,4.2020572215465055,5.25815,4.799881,False,6,"[0.0049996, 0.0073579, 0.2854496]","[0.0922517, 0.0841721, 1.002403]"
2367,2367,2,39.68100000000004,2.038936,-0.01298818,2.1071069343726614,3.3484019127377693,5.041666,4.608427,False,6,"[0.0063707, 0.0022449, 0.2840222]","[0.0883681, 0.08074, 1.001661]"
2368,2368,2,39.69810000000007,2.185324,-0.1837451,2.1702955107793653,3.1619185858017187,4.790657,4.476592,False,6,"[0.0067951, 0.001911, 0.2846869]","[0.0838878, 0.0783651, 1.00095]"
2369,2369,2,39.715599999999995,1.016956,0.4410209,1.4910934947150827,3.9248966781672556,4.52879,4.410827,False,6,"[0.0100164, 0.010825, 0.2843862]","[0.0792762, 0.077203, 1.00087]"
2370,2370,2,39.73090000000002,1.021713,0.3993458,1.484587630180127,3.8833318808810025,4.18427,4.296011,False,6,"[0.010083, 0.0102587, 0.2848169]","[0.0731997, 0.0751617, 1.00055]"
2371,2371,2,39.74800000000005,0.9911927,0.8077906,1.5597498114470838,4.288642813385729,3.843035,4.263604,False,6,"[0.0229397, 0.0055158, 0.2843229]","[0.0672351, 0.0746189, 1.000903]"
2372,2372,2,39.764999999999986,1.03818,0.7642845,1.5827099338537962,4.239894480626867,3.605109,4.149051,False,6,"[0.02151, 0.0057107, 0.2835134]","[0.0630615, 0.0726075, 1.00091]"
2373,2373,2,39.781400000000076,-0.147194,1.283467,0.8664519191113658,4.901273164608318,3.366008,4.141325,False,6,"[0.0100531, -6.4e-05, 0.2823798]","[0.0589246, 0.0725401, 1.001853]"
2374,2374,2,39.79830000000004,0.007813467,1.453521,1.0164901147880574,5.0486401362923665,3.164113,4.165775,False,6,"[0.0107649, -0.0009047, 0.2821021]","[0.0553945, 0.0729853, 1.002065]"
2375,2375,2,39.815000000000055,-1.102834,0.5381185,0.013249670849231121,4.290580633670449,2.949528,4.307832,False,6,"[0.0050066, 0.002171, 0.2820474]","[0.0517162, 0.0756082, 1.003721]"
2376,2376,2,39.831300000000056,-1.024718,0.3724555,0.029307346717792226,4.1178077519150325,2.852899,4.447008,False,6,"[0.0050249, 0.0019638, 0.2817566]","[0.0500464, 0.0781032, 1.00427]"
2377,2377,2,39.849300000000085,-2.240941,0.2248354,-0.8667750139636199,4.127785373332463,2.403274,4.324973,False,6,"[0.0048817, 0.0039783, 0.2821585]","[0.0423044, 0.076232, 1.007976]"
2378,2378,2,39.86520000000007,-2.050692,-0.5357633,-0.9122807840849774,3.35601320109385,2.123169,4.53811,False,6,"[0.005119, 0.0037683, 0.2824827]","[0.037439, 0.080154, 1.009866]"
2379,2379,2,39.88160000000005,-3.036171,-0.2550003,-1.5434973295616157,3.7575880099325354,2.000259,4.154679,False,6,"[-0.0007241, 0.0063149, 0.2818605]","[0.0353749, 0.0735754, 1.012874]"
2380,2380,2,39.898700000000076,-2.893859,-0.4157813,-1.480831080743421,3.5814286817783456,1.107252,3.006436,False,6,"[3.85e-05, 0.0071672, 0.2824617]","[0.0196031, 0.0532692, 1.014256]"
2381,2381,2,39.91500000000008,-3.137565,0.0486696,-1.5433388514706952,4.068961930031323,0.4528818,3.357911,False,6,"[-0.0053726, 0.0026212, 0.2790871]","[0.0080565, 0.0598027, 1.01924]"
2382,2382,2,39.93169999999998,-3.228456,-0.3309303,-1.6976282770158182,3.707478760694151,1.091972,3.533464,False,6,"[-0.0050403, 0.0018318, 0.2817902]","[0.0194765, 0.0630956, 1.02181]"
2383,2383,2,39.94830000000002,-3.146824,-0.304819,-1.633644940298633,3.7227335339531744,1.414255,2.651197,False,6,"[-0.0109632, 0.0010994, 0.2801609]","[0.0253158, 0.0474818, 1.02541]"
2384,2384,2,39.96530000000007,-2.94787,-1.199855,-1.7048390754994136,2.8177264703620977,0.7557665,2.608434,False,6,"[-0.0100285, -0.002619, 0.280073]","[0.0135499, 0.0467955, 1.02718]"
2385,2385,2,39.98149999999998,-2.86495,-1.833728,-1.7963110904515007,2.1841839991895506,0.5591848,2.552443,False,6,"[-0.0148199, -0.0012435, 0.2794053]","[0.0100468, 0.0458881, 1.029388]"
2386,2386,2,39.998800000000074,-2.407788,-2.412371,-1.609727752524376,1.5572087323245714,0.4483985,1.950133,False,6,"[-0.0141668, -0.0020338, 0.2802513]","[0.0080721, 0.0351193, 1.031422]"
2387,2387,2,40.01490000000001,-2.567264,-2.156959,-1.6621258952831832,1.8285597473910045,0.4819122,1.287999,False,6,"[-0.0153964, 0.0002386, 0.2808753]","[0.0086896, 0.0232278, 1.033099]"
2388,2388,2,40.0317,-2.290562,-2.340281,-1.5096496971754458,1.6131134523995891,0.6931606,0.5211368,False,6,"[-0.015863, -0.0016243, 0.2812248]","[0.0125097, 0.0094049, 1.033986]"
2389,2389,2,40.04830000000004,-2.420316,-1.984894,-1.5173174868438828,1.9789306492346856,0.5751064,0.1724848,False,6,"[-0.0155139, -0.0015013, 0.2821851]","[0.0103785, 0.0031126, 1.033936]"
2390,2390,2,40.06510000000003,-2.503628,-2.079206,-1.5986487955452748,1.8968623666403197,0.519017,0.08275165,False,6,"[-0.0145172, -0.0059045, 0.2819128]","[0.0093696, 0.0014938, 1.034303]"
2391,2391,2,40.081800000000044,-2.924101,-1.728364,-1.8132275975692838,2.295277094626513,0.3045523,0.5127077,False,6,"[-0.0141078, -0.0090253, 0.2819045]","[0.0054967, 0.0092537, 1.034087]"
2392,2392,2,40.09890000000007,-2.91617,-2.131673,-1.9031665987711563,1.8978935860699984,0.1214863,0.7981643,False,6,"[-0.0118605, -0.0118831, 0.2820663]","[0.002193, 0.0144091, 1.034284]"
2393,2393,2,40.11520000000007,-2.690302,-2.270317,-1.7760964012936795,1.732837791638862,-0.210774,1.038162,False,6,"[-0.0126579, -0.0106328, 0.2823078]","[-0.0038004, 0.0187207, 1.033076]"
2394,2394,2,40.13210000000004,-2.643241,-2.768806,-1.8608812649727713,1.2369225482838075,-0.426727,0.9099508,False,6,"[-0.0113091, -0.0115548, 0.2827331]","[-0.0076911, 0.0164015, 1.032648]"
2395,2395,2,40.148700000000076,-3.003608,-2.520208,-2.057128194663097,1.5271887641248636,-0.4325992,0.7606362,False,6,"[-0.0119656, -0.009811, 0.2830907]","[-0.0077862, 0.0136909, 1.031221]"
2396,2396,2,40.16579999999999,-2.997184,-2.478135,-2.042611711963757,1.5677191292360804,-0.5964555,0.8989388,False,6,"[-0.0123874, -0.0102855, 0.2833073]","[-0.0107245, 0.016164, 1.030162]"
2397,2397,2,40.18240000000003,-2.957443,-2.082732,-1.9207932281042672,1.9512548145721087,-0.5920179,1.046781,False,6,"[-0.0144851, -0.0085569, 0.2835794]","[-0.0106182, 0.018776, 1.027593]"
2398,2398,2,40.199299999999994,-3.012877,-2.050194,-1.9523323886128292,1.990300578000946,-0.5529914,1.279496,False,6,"[-0.0144541, -0.0105614, 0.2837427]","[-0.0099016, 0.0229132, 1.025883]"
2399,2399,2,40.21570000000008,-2.691868,-1.466307,-1.5867144808547953,2.52321903821492,-0.6003385,1.555035,False,6,"[-0.0132974, -0.0112192, 0.2829895]","[-0.0107204, 0.0277744, 1.023106]"
2400,2400,2,40.2328,-2.593762,-1.515953,-1.5290161167616372,2.4619191797212516,-0.5756469,1.70835,False,6,"[-0.0130884, -0.0137111, 0.283508]","[-0.0102627, 0.0304648, 1.021444]"
2401,2401,2,40.2491,-2.55781,-1.348355,-1.4638531833628927,2.622051018045654,-0.3073421,2.012422,False,6,"[-0.0149067, -0.0125042, 0.2840937]","[-0.005465, 0.0357984, 1.0188]"
2402,2402,2,40.266000000000076,-2.477329,-1.366411,-1.4111491458556,2.5940448811163286,0.01541057,2.109475,False,6,"[-0.0148713, -0.0122924, 0.2840292]","[0.0002732, 0.0374177, 1.015848]"
2403,2403,2,40.28230000000008,-2.282761,-1.337014,-1.266426660240218,2.5981304008522104,-0.07916196,2.336919,False,6,"[-0.0147069, -0.0103525, 0.2846698]","[-0.0013993, 0.0413306, 1.012768]"
2404,2404,2,40.299800000000005,-2.187189,-1.331328,-1.1974128370236143,2.591533935759369,0.1058133,2.472872,False,6,"[-0.0149872, -0.0101934, 0.2847486]","[0.0018648, 0.0436074, 1.009745]"
2405,2405,2,40.31580000000008,-2.274864,-1.281257,-1.2476251755060876,2.6519216150121725,0.1081871,2.576652,False,6,"[-0.0134202, -0.0073064, 0.2854345]","[0.001899, 0.0452583, 1.005709]"
2406,2406,2,40.33260000000007,-2.264625,-1.335161,-1.2531470286158157,2.5976393347961517,0.1618642,2.67153,False,6,"[-0.012933, -0.0075554, 0.2854918]","[0.0028307, 0.046754, 1.001998]"
2407,2407,2,40.349000000000046,-2.321468,-1.306291,-1.2865528296695026,2.633259821536609,0.2109795,2.703527,False,6,"[-0.0127815, -0.0067346, 0.2861199]","[0.0036755, 0.0471331, 0.9981499]"
2408,2408,2,40.36660000000006,-2.302326,-1.324615,-1.2773413832374936,2.612810528676677,0.265235,2.778815,False,6,"[-0.0123793, -0.0068251, 0.2861314]","[0.0046014, 0.0482453, 0.9939801]"
2409,2409,2,40.38250000000005,-2.507769,-1.366128,-1.43263415330156,2.5982038716198588,0.1433401,2.91492,False,6,"[-0.011431, -0.0066928, 0.2867597]","[0.0024753, 0.0503802, 0.9894197]"
2410,2410,2,40.39970000000005,-2.386252,-1.282394,-1.3267592307042513,2.6650052547195884,0.05925712,2.957119,False,6,"[-0.0109444, -0.0066597, 0.2865606]","[0.0010186, 0.0508757, 0.9848695]"
2411,2411,2,40.41610000000003,-2.676176,-1.150646,-1.50081604712968,2.8314502860450714,-0.02123982,3.110484,False,6,"[-0.0114137, -0.0064261, 0.2873191]","[-0.0003631, 0.0532328, 0.9795968]"
2412,2412,2,40.433200000000056,-2.664252,-0.6999456,-1.3855911121628104,3.2728787412965676,-0.03405777,3.215728,False,6,"[-0.011352, -0.0066905, 0.2870591]","[-0.0005794, 0.0547631, 0.9747095]"
2413,2413,2,40.44940000000008,-3.797159,-0.460857,-2.1310630232343324,3.65229181795027,0.0003505796,3.437315,False,6,"[-0.0116608, -0.0065591, 0.28764]","[5.9e-06, 0.058218, 0.9692576]"
2414,2414,2,40.46640000000002,-3.08268,-0.4890116,-1.6318698265787068,3.5335310671504945,-0.3414587,3.470363,False,6,"[-0.0115556, -0.006646, 0.2874194]","[-0.0057455, 0.0584643, 0.9640669]"
2415,2415,2,40.4828,-3.527562,-0.3243985,-1.907853054248017,3.752031854479852,-0.3880382,3.454785,False,6,"[-0.0126022, -0.0068621, 0.2877434]","[-0.006496, 0.0579044, 0.9591498]"
2416,2416,2,40.499700000000075,-3.560175,0.3384216,-1.7739044815830947,4.407609813513558,-0.6553791,3.509064,False,6,"[-0.0119827, -0.006437, 0.2875479]","[-0.0109118, 0.0584949, 0.953907]"
2417,2417,2,40.51589999999999,-3.898468,-0.1092297,-2.1194820204511933,4.0107874677075515,-0.9985554,3.492868,False,6,"[-0.0134549, -0.0057816, 0.287855]","[-0.0165378, 0.0579138, 0.9488201]"
2418,2418,2,40.5326,-4.001554,0.447739,-2.0605084988627365,4.571319343314303,-1.067851,3.371897,False,6,"[-0.0133837, -0.0035138, 0.2876146]","[-0.0175806, 0.055571, 0.9431801]"
2419,2419,2,40.5539,-4.259907,-0.6902542,-2.513046882049593,3.4858367779605355,-1.191621,3.249212,False,6,"[-0.0191857, -0.0023252, 0.2890719]","[-0.0194953, 0.0532076, 0.9372429]"
2420,2420,2,40.566599999999994,-4.071729,-0.9111213,-2.4321426400358206,3.24477723820707,-1.220883,3.004145,False,6,"[-0.0155, -0.0024565, 0.2878098]","[-0.0198666, 0.0489217, 0.932192]"
2421,2421,2,40.58249999999998,-4.156455,-1.878324,-2.721285373625741,2.3050116348834053,-1.284427,2.642864,False,6,"[-0.0177673, -0.0016318, 0.2882166]","[-0.020781, 0.0427827, 0.9268466]"
2422,2422,2,40.599300000000085,-4.043602,-2.140209,-2.7034307584316375,2.0332430125574206,-1.287961,1.9612,False,6,"[-0.0179353, 0.0017027, 0.2882703]","[-0.0207026, 0.0315312, 0.9208138]"
2423,2423,2,40.61590000000001,-3.69959,-2.5222,-2.550367694702803,1.613963194831662,-1.490978,1.4726,False,6,"[-0.019585, -0.0005479, 0.2873966]","[-0.023843, 0.0235489, 0.9160384]"
2424,2424,2,40.63300000000004,-3.743425,-2.481972,-2.5718725993706544,1.6590879154236138,-1.414446,1.377171,False,6,"[-0.0201488, 0.0022509, 0.2880294]","[-0.0224223, 0.0218312, 0.9080901]"
2425,2425,2,40.64960000000008,-3.779821,-2.139148,-2.516417775010528,2.0006557845099904,-1.564038,0.4343865,False,6,"[-0.0213247, -0.0034491, 0.2862888]","[-0.0246267, 0.0068381, 0.9019309]"
2426,2426,2,40.66640000000007,-3.664905,-1.876314,-2.372783074279267,2.244318348698707,-1.317172,0.7909622,False,6,"[-0.0204738, -0.004574, 0.2876141]","[-0.0205923, 0.0123643, 0.8955896]"
2427,2427,2,40.68299999999999,-2.96761,-0.8908598,-1.6456064230414018,3.123923863461335,-0.9147842,0.893357,False,6,"[-0.0208772, -0.0094213, 0.2872825]","[-0.0142263, 0.013893, 0.890961]"
2428,2428,2,40.69960000000003,-3.125374,-0.9389074,-1.7686898343441788,3.0968163036251815,-0.7768419,1.225369,False,6,"[-0.0202725, -0.010717, 0.2867731]","[-0.0119981, 0.0189272, 0.8848616]"
2429,2429,2,40.716600000000085,-3.118652,-1.356135,-1.8627825037018484,2.685907723074408,-0.5380885,1.601087,False,6,"[-0.0185514, -0.012638, 0.2869077]","[-0.0082676, 0.024606, 0.8803112]"
2430,2430,2,40.73350000000005,-3.085736,-1.558463,-1.8874141086619831,2.4828630940213987,-0.4127729,1.863049,False,6,"[-0.0187701, -0.012435, 0.2868804]","[-0.0062996, 0.0284427, 0.8744116]"
2431,2431,2,40.75030000000004,-2.718229,-1.969991,-1.7247142461347487,2.0315588662619706,-0.1976839,1.750084,False,6,"[-0.0189671, -0.0107236, 0.2870929]","[-0.0029995, 0.0265622, 0.8693447]"
2432,2432,2,40.76690000000008,-2.64219,-2.147078,-1.7128337627591579,1.8478232702451316,-0.2867422,1.323339,False,6,"[-0.0183957, -0.0094085, 0.2872]","[-0.0043222, 0.0199507, 0.8636394]"
2433,2433,2,40.78370000000007,-2.382047,-2.352913,-1.577415538526456,1.6123623238071478,-0.2096586,0.926151,False,6,"[-0.0149111, -0.0044726, 0.2876317]","[-0.0031418, 0.0138798, 0.8585888]"
2434,2434,2,40.80029999999999,-2.364047,-2.039206,-1.4903459529771688,1.9183789274176721,0.04242754,0.4576925,False,6,"[-0.0156947, -0.0047107, 0.2874365]","[0.0006316, 0.0068136, 0.8529376]"
2435,2435,2,40.81690000000003,-2.555157,-1.929129,-1.599575130819808,2.0509276855750294,0.3824807,0.344962,False,6,"[-0.0156518, -0.0068007, 0.2872705]","[0.0056639, 0.0051083, 0.8484423]"
2436,2436,2,40.83420000000001,-2.651198,-1.76691,-1.6291399954632828,2.2226010966445524,0.5959805,0.5020617,False,6,"[-0.0154679, -0.0078065, 0.2869293]","[0.0087702, 0.007388, 0.8431072]"
2437,2437,2,40.85030000000006,-2.365968,-1.447146,-1.3514317925281385,2.5005008244554996,0.6211461,0.6773017,False,6,"[-0.0136155, -0.0098641, 0.2867773]","[0.0090944, 0.0099166, 0.8388491]"
2438,2438,2,40.86670000000004,-2.567536,-1.435341,-1.4913485867845129,2.537801103653755,0.7550984,0.862533,False,6,"[-0.0132177, -0.0107383, 0.2864211]","[0.0109904, 0.0125544, 0.8338906]"
2439,2439,2,40.883800000000065,-2.57703,-1.756994,-1.5742783862031509,2.222890718299171,0.907573,1.246015,False,6,"[-0.0118878, -0.0117422, 0.2857739]","[0.0131469, 0.0180508, 0.8299049]"
2440,2440,2,40.90039999999999,-2.730832,-1.951565,-1.7292717986902129,2.05127473429975,0.9745275,1.2738,False,6,"[-0.0118099, -0.0101856, 0.2860658]","[0.014041, 0.0183542, 0.8254371]"
2441,2441,2,40.916900000000055,-2.226888,-1.963038,-1.375188798472486,1.9757502097949713,1.164783,1.224811,False,6,"[-0.0127662, -0.0096356, 0.286073]","[0.0167032, 0.0175643, 0.8215183]"
2442,2442,2,40.93410000000006,-2.231661,-2.041955,-1.3972656365310425,1.8987990461759732,1.511945,1.021329,False,6,"[-0.0132495, -0.0088267, 0.2861344]","[0.0215707, 0.0145693, 0.8172392]"
2443,2443,2,40.950199999999995,-1.583958,-2.241189,-0.9858841428110794,1.6204147495311196,1.747517,0.7962539,False,6,"[-0.0118253, -0.0072304, 0.286206]","[0.0248165, 0.0113049, 0.8134069]"
2444,2444,2,40.9674,-1.687689,-2.414644,-1.100423479030142,1.4631679309227303,2.105001,0.4955948,False,6,"[-0.0128392, -0.0071743, 0.2863214]","[0.029744, 0.0069999, 0.8092334]"
2445,2445,2,40.9837,-1.479187,-2.501446,-0.9733660111802744,1.3512765174734214,2.303364,0.3165319,False,6,"[-0.0128694, -0.0087711, 0.2859353]","[0.0324234, 0.0044533, 0.8060914]"
2446,2446,2,41.00070000000005,-1.597422,-2.655818,-1.093653181297098,1.2146336293462938,2.513609,0.2309328,False,6,"[-0.0136438, -0.0097468, 0.2860456]","[0.0352117, 0.0032329, 0.8021074]"
2447,2447,2,41.01690000000008,-1.260798,-2.467864,-0.8107863027086515,1.3564380701089922,2.741538,0.2862253,False,6,"[-0.0111232, -0.0098041, 0.2860445]","[0.0382521, 0.0039906, 0.7988262]"
2448,2448,2,41.03430000000003,-1.294766,-2.472596,-0.8359573791034864,1.3561181070229913,2.848766,0.3163447,False,6,"[-0.0111426, -0.0101945, 0.2859302]","[0.0395798, 0.0043916, 0.7953913]"
2449,2449,2,41.05040000000008,-0.9348572,-2.102525,-0.4934562433291063,1.673938636786709,3.072634,0.3687792,False,6,"[-0.0078958, -0.0111748, 0.2855378]","[0.0425498, 0.005102, 0.7926704]"
2450,2450,2,41.06700000000001,-1.059578,-2.243255,-0.6151033332097295,1.5515300037807536,3.319123,0.4496192,False,6,"[-0.0084043, -0.012028, 0.2852377]","[0.04579, 0.006196, 0.7895567]"
2451,2451,2,41.08370000000002,-0.8899412,-2.041595,-0.44721903607524505,1.7280942509083843,3.553316,0.5328475,False,6,"[-0.0073651, -0.0124602, 0.2852196]","[0.0488421, 0.0073151, 0.7865496]"
2452,2452,2,41.10050000000001,-0.9710569,-2.347046,-0.5770195925348052,1.4382383996877635,3.790022,0.658224,False,6,"[-0.0079437, -0.013213, 0.2848486]","[0.051943, 0.0090083, 0.7841038]"
2453,2453,2,41.117000000000075,-0.1945257,-1.452183,0.18479429882581355,2.2187088339954304,4.036263,0.8991886,False,6,"[-0.0062637, -0.0122661, 0.2846037]","[0.0552101, 0.0122802, 0.7824246]"
2454,2454,2,41.1336,-0.1508569,-1.334131,0.24368213942329298,2.3291629980123005,4.329492,1.201849,False,6,"[-0.0064263, -0.0122778, 0.2843276]","[0.0590793, 0.0163713, 0.7803565]"
2455,2455,2,41.150300000000016,0.7304654,-0.8587855,0.9802954794030698,2.6839713061512027,4.623139,1.111227,False,6,"[-0.0046342, -0.0104262, 0.2839952]","[0.0630208, 0.0151168, 0.779337]"
2456,2456,2,41.16770000000008,0.5744264,-0.9460815,0.8491344417628321,2.6180704673830846,4.928421,1.237986,False,6,"[-0.0052438, -0.0111061, 0.2835198]","[0.0670945, 0.0168147, 0.7780883]"
2457,2457,2,41.18360000000007,1.544213,-0.2340666,1.7044551442518052,3.194199133784655,5.39578,1.512061,False,6,"[-0.0043984, -0.0100937, 0.2831514]","[0.0734202, 0.0205185, 0.7773154]"
2458,2458,2,41.200500000000034,1.260216,-0.6548118,1.4036948800590077,2.816897813828278,5.769434,1.656153,False,6,"[-0.0047884, -0.011579, 0.2825071]","[0.0785287, 0.0224722, 0.7772245]"
2459,2459,2,41.216999999999985,1.67559,-1.034153,1.6079113055872738,2.3911241339649574,6.200583,1.690825,False,6,"[-0.0009601, -0.007169, 0.2827911]","[0.0844583, 0.0229475, 0.777378]"
2460,2460,2,41.23410000000001,1.916135,-1.331599,1.7077487944871088,2.068126421364943,6.310271,1.297823,False,6,"[-0.0007427, -0.0065694, 0.2820798]","[0.0861128, 0.017642, 0.7787205]"
2461,2461,2,41.25030000000004,1.962116,-1.611074,1.674089328993825,1.7875959828083874,6.174181,1.175079,False,6,"[0.0035906, -0.0042215, 0.2816253]","[0.0845183, 0.0160256, 0.7812829]"
2462,2462,2,41.2672,2.177654,-1.48799,1.8558558080323597,1.8810836438796277,6.521927,1.279083,False,6,"[0.0028219, -0.004648, 0.2814606]","[0.0894812, 0.0174761, 0.7827033]"
2463,2463,2,41.284200000000055,4.472907,-1.940999,3.3736059567178085,1.1432395768854193,6.321868,0.4288045,False,6,"[0.0075927, -0.0011506, 0.281649]","[0.0870425, 0.0058801, 0.7856719]"
2464,2464,2,41.30090000000007,4.627043,-1.983855,3.4725832759255706,1.0814695557903171,6.358985,0.3716374,False,6,"[0.0061897, -0.0032158, 0.2813711]","[0.0877822, 0.0051092, 0.7876859]"
2465,2465,2,41.31720000000007,3.820395,-2.394834,2.8040907403546784,0.7804003098164207,6.360904,0.03158491,False,6,"[0.0082232, -0.0050744, 0.2811083]","[0.0882307, 0.0004363, 0.7914693]"
2466,2466,2,41.334100000000035,3.895571,-2.565974,2.816769201957119,0.6026194552227064,6.125188,-0.2570991,False,6,"[0.0093937, -0.0065268, 0.2807833]","[0.0851417, -0.0035601, 0.7933894]"
2467,2467,2,41.350400000000036,3.299915,-2.690578,2.365512340583786,0.5560999589231961,6.116169,-0.3852413,False,6,"[0.0095282, -0.0078225, 0.2781251]","[0.0853333, -0.0053546, 0.7963568]"
2468,2468,2,41.367500000000064,3.449958,-2.716566,2.4655882071587856,0.5114296450508409,5.841968,-0.6264991,False,6,"[0.0106675, -0.0072872, 0.280535]","[0.081883, -0.0087511, 0.8002925]"
2469,2469,2,41.383800000000065,2.933521,-2.895678,2.0575054473988152,0.4012398555224945,5.542248,-0.7126507,False,6,"[0.0218984, -0.009487, 0.2799379]","[0.0781682, -0.0100204, 0.8055815]"
2470,2470,2,41.401700000000005,2.923803,-2.769835,2.0804403795790147,0.5261574122278869,5.301278,-1.044577,False,6,"[0.0226713, -0.0097031, 0.2801242]","[0.0749601, -0.0147298, 0.8078494]"
2471,2471,2,41.41719999999998,1.890742,-3.006823,1.2928663915620056,0.42495250033525567,5.041301,-1.028717,False,6,"[0.0186706, -0.0116932, 0.2795946]","[0.0716696, -0.0145886, 0.8124415]"
2472,2472,2,41.43410000000006,1.905496,-2.90614,1.3271668798186642,0.5220228059587138,4.556265,-1.010813,False,6,"[0.0190551, -0.0125404, 0.279829]","[0.0649375, -0.0143776, 0.8148775]"
2473,2473,2,41.45060000000001,0.5302186,-3.517405,0.20862177787156844,0.09660806425266744,4.00455,-0.9891849,False,6,"[0.0161237, -0.0131415, 0.2796429]","[0.057317, -0.0141365, 0.8187364]"
2474,2474,2,41.4674,0.5799846,-3.17781,0.3243157862059755,0.42401750013025374,3.436695,-1.001349,False,6,"[0.0168682, -0.0132763, 0.2798029]","[0.0492994, -0.0143486, 0.8209219]"
2475,2475,2,41.48410000000001,-0.1326521,-3.356939,-0.22268385290296278,0.3388249043225766,2.874419,-1.027755,False,6,"[0.0143321, -0.0141469, 0.2796817]","[0.0413897, -0.0147881, 0.8243278]"
2476,2476,2,41.50080000000003,-0.1560821,-3.324632,-0.231618346213057,0.3735633853233118,2.20858,-1.126315,False,6,"[0.014303, -0.0135486, 0.2800431]","[0.0318638, -0.0162437, 0.8262112]"
2477,2477,2,41.51729999999998,-0.7279412,-3.481628,-0.6737010812876343,0.29217509313125767,1.859528,-1.160926,False,6,"[0.0092429, -0.0147071, 0.2799898]","[0.0269159, -0.0168003, 0.8290415]"
2478,2478,2,41.53399999999999,-0.9719064,-3.223228,-0.7852111351934363,0.5772344177409439,1.50702,-1.19294,False,6,"[0.0093146, -0.014213, 0.2799741]","[0.0218527, -0.0172969, 0.8306319]"
2479,2479,2,41.55090000000007,-1.263665,-2.998843,-0.9386187896656815,0.8349570547928096,1.231396,-1.146722,False,6,"[0.0025805, -0.0171397, 0.2788409]","[0.0178982, -0.0166671, 0.8326582]"
2480,2480,2,41.567300000000046,-1.592289,-2.907969,-1.1497599926606128,0.9661650323533864,0.930914,-1.047972,False,6,"[0.0028328, -0.0155365, 0.2798353]","[0.0135687, -0.0152752, 0.835049]"
2481,2481,2,41.5838,-1.695746,-2.883598,-1.2172352576802008,1.0033068129955862,0.762497,-0.7946924,False,6,"[-0.000648, -0.0164184, 0.2799061]","[0.01114, -0.0116104, 0.8370339]"
2482,2482,2,41.600900000000024,-1.953091,-2.689755,-1.3535136621638335,1.2266252906441677,0.6645747,-0.6984753,False,6,"[-0.0007632, -0.0162745, 0.2801551]","[0.0097299, -0.0102263, 0.8388204]"
2483,2483,2,41.617200000000025,0.2211049,0.5212852,0.9466335445943073,4.105245174393384,0.7130881,-0.4569665,False,6,"[-0.0035661, -0.017076, 0.2806672]","[0.0104771, -0.0067138, 0.8417769]"
2484,2484,2,41.63430000000005,0.2324729,0.3960464,0.9250099920867727,3.980711063996151,0.6706616,-0.5379422,False,6,"[-0.0047571, -0.0157915, 0.2804124]","[0.0098616, -0.0079099, 0.8424547]"
2485,2485,2,41.65039999999999,-1.139882,-1.629892,-0.5266384913009574,2.1645817133196594,0.9096708,-0.541986,False,6,"[-0.0061904, -0.0147016, 0.2806318]","[0.013415, -0.0079923, 0.8448734]"
2486,2486,2,41.66740000000004,-1.500356,-1.671373,-0.7916883648964863,2.1697717253913122,1.034618,-0.7121805,False,6,"[-0.0078071, -0.0142666, 0.2808532]","[0.0152726, -0.0105123, 0.8456831]"
2487,2487,2,41.68380000000002,1.35326,-5.540308,0.3120718002212862,-1.99643366096966,1.395039,-0.8259696,False,6,"[-0.0083061, -0.0141323, 0.2805644]","[0.020613, -0.0122029, 0.8464323]"
2488,2488,2,41.70069999999998,0.7546389,-5.362432,-0.06961910200159682,-1.7452975736523992,1.56343,-0.8361552,False,6,"[-0.0096077, -0.0132362, 0.2817433]","[0.023128, -0.0123671, 0.8473724]"
2489,2489,2,41.71720000000005,0.7414761,-5.509444,-0.1137695258572059,-1.8881029184367728,1.812287,-0.8197098,False,6,"[0.0010938, 0.0025789, 0.2834492]","[0.0268322, -0.0121332, 0.8480229]"
2490,2490,2,41.734300000000076,0.7727722,-5.460017,-0.07990080522704346,-1.8435160318852413,2.046788,-0.7926322,False,6,"[0.0011515, 0.0019618, 0.2838048]","[0.030306, -0.0117319, 0.8479944]"
2491,2491,2,41.75049999999999,0.4686636,-3.687761,0.12467802720646282,-0.06297015953942253,2.338514,-0.6075864,False,6,"[-0.0056266, -0.0080464, 0.2827793]","[0.0346331, -0.0089936, 0.8480714]"
2492,2492,2,41.767400000000066,1.219165,-3.738898,0.6439305965906397,-0.20891059874532614,2.444945,-0.5874422,False,6,"[-0.0074298, -0.0082771, 0.2836653]","[0.0362076, -0.0086945, 0.8479869]"
2493,2493,2,41.78390000000002,2.252176,-2.421598,1.6874229197050115,0.9540320818996983,2.715218,-0.4979956,True,6,"[0.0066557, -0.027329, 0.2817452]","[0.0401941, -0.0073666, 0.8475298]"
2494,2494,2,41.80079999999998,2.253543,-2.429678,1.6864764197416418,0.945916770583338,2.917989,-0.549256,True,6,"[0.0037209, -0.0265162, 0.2824892]","[0.0431566, -0.0081166, 0.8466626]"
2495,2495,2,41.81740000000002,1.967481,-2.001582,1.5853664410745718,1.403120450655964,3.23299,-0.4638773,True,6,"[0.0036581, -0.0272634, 0.2826529]","[0.0477766, -0.006848, 0.8458091]"
2496,2496,2,41.834100000000035,2.109319,-1.866372,1.7178249806022647,1.517921716912468,3.535436,-0.2351343,True,6,"[0.0038166, -0.0270461, 0.2829544]","[0.0521818, -0.0034661, 0.8445922]"
2497,2497,2,41.855800000000045,2.086058,-1.989811,1.6721099036745497,1.3995713733106117,3.75452,-4.048264e-05,True,6,"[0.0023302, -0.0183604, 0.2848669]","[0.055359, -6e-07, 0.8435949]"
2498,2498,2,41.86760000000004,1.61056,-1.765296,1.388642310332579,1.6808470866360141,4.030362,0.1308915,True,6,"[0.0060349, -0.0185311, 0.283571]","[0.0592961, 0.0019225, 0.8415652]"
2499,2499,2,41.884000000000015,2.145169,-1.877416,1.7405908055176709,1.5024970760599543,4.359342,0.3708606,False,6,"[0.0111833, -0.0120255, 0.2843578]","[0.0640337, 0.0054371, 0.8399845]"
2500,2500,2,41.90100000000007,2.021853,-1.888932,1.6505524633155662,1.5069009523945684,4.71915,0.5638306,False,6,"[0.0112038, -0.0120805, 0.284708]","[0.0691676, 0.0082455, 0.8378719]"
2501,2501,2,41.91719999999998,2.566015,-1.547879,2.116633006227477,1.7727117537336783,4.947173,0.8376284,False,6,"[0.0098127, -0.0099829, 0.2856464]","[0.0724199, 0.0122321, 0.836647]"
2502,2502,2,41.93410000000006,2.459844,-1.377684,2.0817856425534034,1.9535154776523678,5.357401,1.030122,False,6,"[0.0105249, -0.0093117, 0.2857593]","[0.0782252, 0.0149989, 0.8341557]"
2503,2503,2,41.95069999999998,7.264933,0.08206221,5.829724963549364,2.775544448896346,5.694684,1.121078,False,6,"[0.0103917, -0.0099119, 0.2852931]","[0.0829258, 0.0162734, 0.8315898]"
2504,2504,2,41.96710000000007,6.81473,0.3382353,5.571667293671834,3.084708844037789,5.999869,1.179909,False,6,"[0.0080429, -0.008816, 0.2860495]","[0.0871964, 0.0170874, 0.8296362]"
2505,2505,2,41.9837,4.278681,-0.8048013,3.5052850171865346,2.2846577466194313,6.340304,1.29773,False,6,"[0.0107138, -0.0093755, 0.2860239]","[0.0919435, 0.0187453, 0.8274771]"
2506,2506,2,42.00080000000003,4.122747,-0.797203,3.3966812250503895,2.3120057060329016,6.804525,1.480942,False,6,"[0.0101089, -0.0094439, 0.2863508]","[0.0983923, 0.0213182, 0.8245888]"
2507,2507,2,42.017400000000066,5.115983,-0.8037451,4.098359857185476,2.178946434961419,7.221056,1.548946,False,6,"[0.0128147, -0.0077268, 0.2859438]","[0.1041475, 0.0222271, 0.8219832]"
2508,2508,2,42.03449999999998,5.268697,-0.6329035,4.246960840458227,2.327379859282022,7.614716,1.494892,False,6,"[0.0123106, -0.0068919, 0.2865671]","[0.1095106, 0.0213768, 0.819139]"
2509,2509,2,42.05040000000008,5.915397,-0.676087,4.694604574963417,2.202489978421154,8.110732,1.332541,False,6,"[0.0365172, 0.0004103, 0.2864526]","[0.1163019, 0.0189833, 0.8160841]"
2510,2510,2,42.067499999999995,5.774508,-0.5086207,4.634529755017374,2.3850382029392767,8.248249,1.231752,False,6,"[0.0343282, 0.0016958, 0.2872569]","[0.1179654, 0.0174972, 0.813768]"
2511,2511,2,42.08400000000006,6.144434,-1.52634,4.655319980969745,1.3376603355141485,8.571976,1.119128,False,6,"[0.0214307, -0.0040238, 0.2864452]","[0.1222905, 0.0158486, 0.8112919]"
2512,2512,2,42.100599999999986,6.051344,-1.762051,4.533564610834695,1.1178716334070407,8.82072,1.003657,False,6,"[0.0206572, -0.0039878, 0.2865874]","[0.1255517, 0.0141742, 0.809079]"
2513,2513,2,42.1173,7.344076,-2.081611,5.373129696520598,0.6389947918024426,9.15251,0.7912342,False,6,"[0.0255715, -0.004007, 0.285623]","[0.1300217, 0.0111453, 0.8070158]"
2514,2514,2,42.13430000000005,6.907699,-2.077048,5.065248168269149,0.6991139083170363,9.089289,0.3136048,False,6,"[0.0263733, -0.0031593, 0.2859942]","[0.1288783, 0.0044093, 0.8055787]"
2515,2515,2,42.15129999999999,7.145102,-2.352146,5.168155882462742,0.3984804058612439,8.998041,-0.09304348,False,6,"[0.0295575, -0.0033664, 0.2852721]","[0.1274157, -0.0013067, 0.8046491]"
2516,2516,2,42.16780000000006,6.359854,-2.048978,4.684014741707487,0.7965470044524023,9.005847,-0.4922072,False,6,"[0.028872, -0.0025345, 0.2855032]","[0.1273491, -0.0069029, 0.80352]"
2517,2517,2,42.18400000000008,6.60088,-2.83484,4.6684744576610315,-0.00652762047168709,9.309951,-0.5449944,False,6,"[0.030629, -0.0075812, 0.2845146]","[0.1315285, -0.0076319, 0.8023229]"
2518,2518,2,42.202,6.001767,-2.869349,4.2361158051279295,0.035939052662303794,9.520381,-0.4535412,False,6,"[0.0301402, -0.0087464, 0.2843137]","[0.1344519, -0.0063462, 0.8017009]"
2519,2519,2,42.21730000000002,5.87723,-3.214423,4.066184492460987,-0.2873224404419963,9.477435,-0.4450449,False,6,"[0.0365004, -0.0102935, 0.2832016]","[0.1338014, -0.0062258, 0.8015044]"
2520,2520,2,42.234500000000025,5.66679,-3.3589,3.882958934758725,-0.4024851114286516,9.041754,-0.5070069,False,6,"[0.0343664, -0.0102879, 0.2836693]","[0.1277213, -0.0071025, 0.8026147]"
2521,2521,2,42.25040000000001,5.265718,-3.182524,3.6407808945392164,-0.17800916426798086,8.784548,-0.6053411,False,6,"[0.0354429, -0.0116137, 0.2827381]","[0.1241363, -0.0084874, 0.803305]"
2522,2522,2,42.26769999999999,5.106795,-3.345583,3.4896277280222563,-0.3180022457110372,8.353137,-0.7754952,False,6,"[0.0315655, -0.0101321, 0.2832035]","[0.1181848, -0.010895, 0.8049009]"
2523,2523,2,42.28390000000002,4.669438,-3.601377,3.119367063735403,-0.5136372298844245,8.425537,-1.214189,False,6,"[0.0326479, -0.0139704, 0.2821293]","[0.1192518, -0.0170637, 0.8050883]"
2524,2524,2,42.301199999999994,4.514135,-3.593981,3.0111621006597122,-0.48656853853490034,8.08087,-1.208476,False,6,"[0.0297168, -0.014167, 0.282653]","[0.1145433, -0.0170185, 0.806754]"
2525,2525,2,42.31740000000002,4.069472,-3.355509,2.752833004485472,-0.19550709304641334,7.972235,-1.240467,False,6,"[0.0290591, -0.0158541, 0.2822964]","[0.1131235, -0.0174908, 0.8077555]"
2526,2526,2,42.3347,4.156402,-3.300981,2.827300066837084,-0.15299981988565436,7.849625,-0.9129456,False,6,"[0.0280078, -0.016566, 0.2822573]","[0.1115802, -0.0128971, 0.8093413]"
2527,2527,2,42.350700000000074,3.981463,-3.311436,2.7009631074289775,-0.14097167007263156,7.600409,-0.7400143,False,6,"[0.0259745, -0.0156705, 0.2818294]","[0.1082215, -0.0104757, 0.8110381]"
2528,2528,2,42.36770000000001,3.714742,-3.336998,2.5060636341831257,-0.13208921545657804,7.445934,-0.5303357,False,6,"[0.0251806, -0.0164714, 0.2817651]","[0.1062556, -0.0075256, 0.8130188]"
2529,2529,2,42.38420000000008,3.419032,-3.410763,2.279218904964032,-0.1668848362314983,7.228904,-0.2451119,False,6,"[0.0229773, -0.0177057, 0.2813154]","[0.1034106, -0.0034878, 0.8152711]"
2530,2530,2,42.40089999999998,3.558794,-3.200339,2.4280277335576166,0.022101475665523118,7.295946,-0.1081875,False,6,"[0.0222053, -0.0176656, 0.2812577]","[0.1046521, -0.0015434, 0.8173965]"
2531,2531,2,42.41750000000002,3.651916,-2.69858,2.6128393834609813,0.5033582597274884,7.508808,0.4521117,False,6,"[0.0200109, -0.0164912, 0.2812678]","[0.1079828, 0.0064646, 0.8192379]"
2532,2532,2,42.43439999999998,3.57077,-2.767305,2.539103860288619,0.4461607509732701,7.512369,0.4336446,False,6,"[0.0204435, -0.0162255, 0.2813174]","[0.1083751, 0.0062201, 0.8218195]"
2533,2533,2,42.45100000000002,7.289129,-1.310344,5.516959266501018,1.4040018478768248,7.407813,0.6356514,False,6,"[0.0195428, -0.0162459, 0.2807805]","[0.1072771, 0.0091543, 0.8251068]"
2534,2534,2,42.467899999999986,7.232668,-1.449924,5.443913784801823,1.2740208540649856,7.652352,1.092353,False,6,"[0.0182151, -0.0163585, 0.2805546]","[0.1112843, 0.0157929, 0.8282631]"
2535,2535,2,42.48390000000006,3.858574,-2.417584,2.8257320855045682,0.7531740749457958,7.815139,1.438074,False,6,"[0.016754, -0.0167133, 0.2804277]","[0.1141182, 0.020873, 0.831449]"
2536,2536,2,42.50070000000005,3.618875,-2.390842,2.6623568300238016,0.8100158474960022,8.08868,1.541321,False,6,"[0.0174259, -0.0156668, 0.2801916]","[0.1186402, 0.0224623, 0.8347918]"
2537,2537,2,42.517600000000016,4.156855,-1.675276,3.212792182982948,1.444686444729129,8.201097,1.591672,False,6,"[0.0178407, -0.0131752, 0.2795272]","[0.1210066, 0.0233304, 0.8396137]"
2538,2538,2,42.534400000000005,4.21769,-1.183434,3.3723944741319873,1.9203131299241487,8.334991,1.743961,False,6,"[0.0174395, -0.0135084, 0.2794674]","[0.123686, 0.0257044, 0.8442271]"
2539,2539,2,42.55060000000003,4.630115,-1.300473,3.636669102305218,1.752706210930088,8.494063,2.196194,False,6,"[0.0357482, -0.0063927, 0.279479]","[0.1268921, 0.032584, 0.849657]"
2540,2540,2,42.56770000000006,4.511024,-0.9568072,3.633773850741041,2.1056443564584217,8.927545,2.529933,False,6,"[0.0354137, -0.0070631, 0.2790487]","[0.1342544, 0.0377619, 0.8546425]"
2541,2541,2,42.584100000000035,5.300521,-0.6538851,4.2645217129119,2.3027018211337196,9.380275,2.989273,False,6,"[0.0187576, -0.0117417, 0.2781088]","[0.1420851, 0.0449147, 0.8601039]"
2542,2542,2,42.601,5.364726,-0.5402124,4.336911976729191,2.4062338038562263,9.828878,3.074748,False,6,"[0.0175818, -0.0116069, 0.2779931]","[0.150064, 0.0465275, 0.8661749]"
2543,2543,2,42.6173,6.62482,-0.07672174,5.338893650812274,2.701100787597976,10.27192,2.939965,False,6,"[0.0201684, -0.0081162, 0.2775025]","[0.158176, 0.0448254, 0.8728174]"
2544,2544,2,42.63430000000005,5.761762,-1.185446,4.465148016934316,1.7214788352361348,10.59313,2.69719,False,6,"[0.0204509, -0.0057287, 0.2773164]","[0.1646699, 0.0414796, 0.8804898]"
2545,2545,2,42.65070000000003,6.600648,-1.10348,5.078513972332397,1.6950837845772853,10.67227,2.680795,False,6,"[0.0224174, -0.0062838, 0.2768022]","[0.167513, 0.0416206, 0.8888953]"
2546,2546,2,42.66740000000004,6.311031,-1.315322,4.8232691972480035,1.5238091819537347,11.46702,2.627652,False,6,"[0.0217816, -0.0046108, 0.2760819]","[0.1818186, 0.0411346, 0.8963073]"
2547,2547,2,42.683899999999994,7.497785,-1.585966,5.599389448055382,1.106518371721211,11.63429,2.418026,False,6,"[0.0255849, -0.0031473, 0.2757691]","[0.1865718, 0.0382647, 0.9061532]"
2548,2548,2,42.700500000000034,7.377024,-1.623085,5.505094080863962,1.0854338594515172,11.81554,2.035094,False,6,"[0.0258566, -0.0025962, 0.2753437]","[0.1916293, 0.0325505, 0.9160365]"
2549,2549,2,42.71760000000006,8.275838,-1.793313,6.101138864526245,0.8035420246656155,11.61114,1.385653,False,6,"[0.0319906, -0.0003688, 0.2754419]","[0.1903996, 0.0224144, 0.9266399]"
2550,2550,2,42.73540000000003,7.51078,-1.585326,5.608741769972138,1.1054906050237374,12.20638,1.729763,False,6,"[0.0278022, -0.0057016, 0.2755363]","[0.2024265, 0.0282591, 0.9357548]"
2551,2551,2,42.75080000000003,8.299663,-2.342485,5.987894394574405,0.26077789842845966,12.60018,1.545645,False,6,"[0.0318651, -0.0053042, 0.2753743]","[0.2112541, 0.0255013, 0.9450827]"
2552,2552,2,42.76729999999998,7.841944,-2.323747,5.668260776092251,0.3375491501849881,12.7092,1.376898,False,6,"[0.0304534, -0.0063224, 0.2753577]","[0.215495, 0.0229667, 0.9555115]"
2553,2553,2,42.78399999999999,7.901644,-3.022371,5.5450074116318895,-0.3566702840464169,12.61719,1.114535,False,6,"[0.036317, -0.00764, 0.2759377]","[0.2159994, 0.0187732, 0.9649658]"
2554,2554,2,42.80079999999998,7.941282,-3.519414,5.455309527537133,-0.8502180241201494,12.56736,0.7310788,False,6,"[0.0357115, -0.0078158, 0.2758294]","[0.2174332, 0.0124459, 0.9753501]"
2555,2555,2,42.817499999999995,8.203009,-3.957096,5.536918726271536,-1.3137403127827705,12.61987,0.5292675,False,6,"[0.0401705, -0.0086469, 0.2761741]","[0.2204884, 0.0090973, 0.9848038]"
2556,2556,2,42.8347,8.417001,-4.013642,5.675031636686431,-1.3965960394684425,12.53585,0.04445036,False,6,"[0.0365285, -0.0076679, 0.2770585]","[0.2210234, 0.0007712, 0.9940282]"
2557,2557,2,42.851099999999974,9.174126,-4.078986,6.195607827615898,-1.557343584597331,12.91354,-0.243067,False,6,"[0.040367, -0.0113196, 0.2767171]","[0.2295253, -0.0042469, 1.001073]"
2558,2558,2,42.867399999999975,9.030846,-3.813724,6.157010457490596,-1.2783768437862184,12.96018,-0.4725161,False,6,"[0.0382808, -0.0112787, 0.277943]","[0.232246, -0.0083228, 1.009167]"
2559,2559,2,42.88530000000003,11.64871,-4.29161,7.897280888045361,-2.0818003806011314,12.87115,-0.2979218,False,6,"[0.0385535, -0.0146667, 0.2777814]","[0.2324174, -0.0052889, 1.017141]"
2560,2560,2,42.90219999999999,11.59768,-4.020862,7.925297921334017,-1.8092031364442231,12.9997,0.1458608,False,6,"[0.0387693, -0.0170931, 0.2779245]","[0.2364696, 0.0026076, 1.024287]"
2561,2561,2,42.91910000000007,10.79963,-2.673992,7.679372622650816,-0.38375332429379494,12.75726,0.8704914,False,6,"[0.0400629, -0.0192245, 0.2779139]","[0.2337876, 0.0156892, 1.032585]"
2562,2562,2,42.9357,10.93941,-2.344378,7.85643337627247,-0.07762929134270724,12.47186,1.422446,False,6,"[0.0411805, -0.0195274, 0.278302]","[0.2299697, 0.0258184, 1.039743]"
2563,2563,2,42.95190000000002,10.10191,-1.206493,7.533062852219056,1.1474594769261448,11.98801,2.02894,False,6,"[0.0449047, -0.0198281, 0.2780457]","[0.2226964, 0.0371547, 1.048783]"
2564,2564,2,42.96900000000005,10.04964,-1.071483,7.528042115514746,1.2868114092602125,11.96515,2.284486,False,6,"[0.0442923, -0.0185769, 0.2786792]","[0.2234023, 0.0420542, 1.054177]"
2565,2565,2,42.98540000000003,9.39073,-0.3850962,7.224144912754361,2.0453986240737088,11.8618,2.634891,False,6,"[0.0573736, -0.0208846, 0.2783007]","[0.2226752, 0.0487891, 1.060172]"
2566,2566,2,43.002200000000016,9.430497,-0.5434533,7.214781775422447,1.8846951784840762,11.67447,2.976948,False,6,"[0.0573125, -0.0196301, 0.2792621]","[0.2200457, 0.055382, 1.06495]"
2567,2567,2,43.01870000000008,8.520372,-0.04646901,6.688145584690374,2.4891653876627986,11.12506,3.631177,False,6,"[0.053296, -0.0130489, 0.2793972]","[0.2109817, 0.0680872, 1.072899]"
2568,2568,2,43.03550000000007,8.448038,-0.2321713,6.592934180375161,2.315879056027125,10.80727,3.90645,False,6,"[0.054114, -0.0114621, 0.2799724]","[0.2057199, 0.0735907, 1.077679]"
2569,2569,2,43.051900000000046,7.701681,0.01349772,6.122705565026774,2.6524773234027275,10.33341,4.249758,False,6,"[0.0499221, -0.0059013, 0.2802068]","[0.1979491, 0.0806727, 1.085645]"
2570,2570,2,43.06880000000001,7.169212,-0.3445024,5.660888663363994,2.3685201160935634,10.2138,4.347762,False,6,"[0.049713, -0.0052465, 0.2805149]","[0.1962791, 0.0828233, 1.089368]"
2571,2571,2,43.085199999999986,5.705805,-1.295394,4.399479960098667,1.6205559358939272,9.619008,4.637163,False,6,"[0.0465188, -0.0018906, 0.2812799]","[0.1860394, 0.0890368, 1.097716]"
2572,2572,2,43.101999999999975,5.828443,-1.33659,4.47654943594522,1.5644331084572807,9.398616,4.710448,False,6,"[0.0466858, -0.0026661, 0.2810775]","[0.1822126, 0.0907062, 1.100822]"
2573,2573,2,43.1191,2.899105,-4.489765,1.65545804613205,-1.1610422040477744,9.043307,5.028682,False,6,"[0.0422177, -0.0002286, 0.2818]","[0.1762189, 0.0974247, 1.107185]"
2574,2574,2,43.13570000000004,3.048418,-4.39562,1.7834796615155186,-1.0875526517511833,8.950694,5.260915,False,6,"[0.0418483, -0.0011417, 0.2817611]","[0.1748156, 0.1022009, 1.109923]"
2575,2575,2,43.15210000000002,2.823249,-4.765881,1.5363316671513094,-1.4227381665347751,8.876308,5.661814,False,6,"[0.0381714, 6.65e-05, 0.2822595]","[0.1739785, 0.1104439, 1.114017]"
2576,2576,2,43.173200000000065,2.983696,-4.704606,1.6644486015524529,-1.3829727698279433,8.848873,5.887319,False,6,"[0.0354938, -0.0016967, 0.282182]","[0.1737661, 0.1150945, 1.116163]"
2577,2577,2,43.18540000000007,2.567173,-4.596724,1.39510298789046,-1.2238428944727522,8.668289,5.99425,False,6,"[0.0282057, -0.0063835, 0.2822949]","[0.1706738, 0.1175508, 1.119502]"
2578,2578,2,43.202600000000075,2.580106,-4.53456,1.4189880328486473,-1.164396926149836,8.638329,6.046933,False,6,"[0.0288583, -0.0065962, 0.2827084]","[0.1704759, 0.1188713, 1.122142]"
2579,2579,2,43.21870000000001,2.135908,-4.399631,1.1364561614587476,-0.9751568977583762,8.384356,6.288077,False,6,"[0.0142474, -0.022091, 0.2813356]","[0.1658525, 0.1239947, 1.125277]"
2580,2580,2,43.235700000000065,2.144674,-4.34586,1.1554023789865802,-0.9234283163852375,8.237941,6.16935,False,6,"[0.0150096, -0.021665, 0.2818433]","[0.1633112, 0.1219306, 1.12801]"
2581,2581,2,43.25229999999999,1.605717,-4.054563,0.8428270689964834,-0.5684286886473995,8.16198,6.32488,False,6,"[0.0138899, -0.0234826, 0.2816576]","[0.1621146, 0.1252842, 1.13031]"
2582,2582,2,43.26920000000007,1.631382,-4.069258,0.8575167181595997,-0.5861430283736935,7.998907,6.641955,False,6,"[0.0147046, -0.023217, 0.282116]","[0.1591089, 0.131849, 1.132275]"
2583,2583,2,43.28539999999998,1.204469,-4.212485,0.5213206117036485,-0.6724786126355067,7.639368,6.730984,False,6,"[0.0126545, -0.0226924, 0.2822416]","[0.1522017, 0.1339247, 1.13475]"
2584,2584,2,43.30250000000001,1.22128,-3.669185,0.6619448590739337,-0.14066625894566442,7.646801,6.726514,False,6,"[0.0127325, -0.0224091, 0.2825556]","[0.1525807, 0.1340362, 1.136457]"
2585,2585,2,43.31939999999997,0.6508906,-4.039483,0.17036596020512146,-0.4318752819655485,7.515829,6.75203,False,6,"[0.0105524, -0.021769, 0.2829378]","[0.1500582, 0.1346584, 1.137377]"
2586,2586,2,43.336200000000076,0.6905356,-3.030938,0.4373856054969231,0.5542690318648456,7.488471,6.783375,False,6,"[0.0106063, -0.0215233, 0.2832185]","[0.149701, 0.135466, 1.138863]"
2587,2587,2,43.35239999999999,-1.398898,-4.4366,-1.375007803668571,-0.5608304050383799,7.451722,6.779464,False,6,"[0.0079464, -0.0200937, 0.2834735]","[0.1490322, 0.1354547, 1.13943]"
2588,2588,2,43.36940000000004,-1.320522,-4.843009,-1.4158049709658798,-0.9702417730134636,7.455258,6.687549,False,6,"[0.0080775, -0.0201768, 0.2836146]","[0.1492657, 0.1337464, 1.140668]"
2589,2589,2,43.38580000000002,5.035076,1.942096,4.691636747807237,4.887876000169663,7.580511,6.783616,False,6,"[0.0059658, -0.0208993, 0.2837476]","[0.1517827, 0.1356677, 1.140517]"
2590,2590,2,43.40320000000008,4.983788,1.90906,4.647496859055667,4.86194700820778,7.440625,6.718373,False,6,"[0.00605, -0.0181986, 0.2837892]","[0.1490881, 0.1344756, 1.141577]"
2591,2591,2,43.419399999999996,4.92287,1.919094,4.606743152538938,4.879574990978183,7.205305,6.662124,False,6,"[0.0032221, -0.0200292, 0.2836221]","[0.1443249, 0.133342, 1.141599]"
2592,2592,2,43.43669999999997,5.150244,2.409434,4.883902133539863,5.332493111535374,7.605324,6.841207,False,6,"[0.0034149, -0.0150019, 0.2833268]","[0.1524446, 0.1369735, 1.14171]"
2593,2593,2,43.45270000000005,5.047994,3.232299,5.0064652394546885,6.154241474624566,7.480649,6.193182,False,6,"[-0.0069083, -0.0219492, 0.2828928]","[0.1501461, 0.1240815, 1.143457]"
2594,2594,2,43.4701,4.921262,2.744798,4.801235203560132,5.691282470692991,7.5806,6.616614,False,6,"[-0.0064941, -0.0238697, 0.2817208]","[0.1523416, 0.1327831, 1.144703]"
2595,2595,2,43.48610000000008,4.964086,2.39681,4.7491080320922,5.34381989989434,7.51647,6.880393,False,6,"[0.0250656, 0.0096469, 0.284495]","[0.1512316, 0.1383041, 1.146172]"
2596,2596,2,43.50310000000002,4.876437,2.105502,4.618032624833338,5.068696742819823,7.594105,7.086628,False,6,"[0.0247755, 0.0094699, 0.2841112]","[0.1531017, 0.1427618, 1.148345]"
2597,2597,2,43.519499999999994,4.496124,1.226031,4.140394975735282,4.2528389076547155,7.733454,7.04331,False,6,"[0.0244765, 0.0095218, 0.2841727]","[0.1560675, 0.1419915, 1.149246]"
2598,2598,2,43.536800000000085,4.625972,1.204004,4.227110888671322,4.214636169255872,7.41923,6.576154,False,6,"[0.0256369, 0.0119684, 0.284438]","[0.1501968, 0.1329688, 1.15342]"
2599,2599,2,43.55280000000005,4.574337,0.5150126,4.027312589557042,3.5440779881153057,7.04739,5.680664,False,6,"[0.0251782, 0.0160973, 0.2850374]","[0.1430193, 0.1150784, 1.156887]"
2600,2600,2,43.57000000000005,4.590294,0.6000357,4.05875458942629,3.6256043600617547,7.124446,5.473737,False,6,"[0.024494, 0.0136382, 0.2844692]","[0.1450631, 0.111216, 1.160598]"
2601,2601,2,43.58630000000005,4.063833,0.5365044,3.6709587052708152,3.63028534414036,7.019792,5.109959,False,6,"[0.0246913, 0.0118988, 0.2842745]","[0.1432117, 0.1040027, 1.163044]"
2602,2602,2,43.60340000000008,4.141637,0.6516833,3.7533341587575832,3.733563856938945,6.846826,4.810589,False,6,"[0.0242578, 0.0104532, 0.2843288]","[0.1400937, 0.0981919, 1.16675]"
2603,2603,2,43.61959999999999,3.575759,0.5056582,3.3180854368454766,3.6621952303094525,6.757682,4.863546,False,6,"[0.0223271, 0.0060767, 0.2839378]","[0.1384628, 0.0994289, 1.168524]"
2604,2604,2,43.63639999999998,3.51203,0.4701419,3.2645494534918256,3.6354147263155325,6.339658,5.000745,False,6,"[0.0229576, 0.0059631, 0.283727]","[0.1302771, 0.102604, 1.172593]"
2605,2605,2,43.653099999999995,2.942242,0.7334675,2.923518106107062,3.966854749735826,6.105902,5.124899,False,6,"[0.022632, 0.0025427, 0.2828744]","[0.1256891, 0.1053769, 1.174958]"
2606,2606,2,43.67000000000007,2.949732,0.8447769,2.955193221954317,4.075294790988257,5.90718,5.130774,False,6,"[0.0226897, 0.0029597, 0.2826059]","[0.1220131, 0.1058838, 1.179251]"
2607,2607,2,43.686199999999985,2.517055,0.5479538,2.578525229810608,3.838739715671009,5.788547,5.05243,False,6,"[0.020069, 0.0026451, 0.2824765]","[0.1198371, 0.1045126, 1.182125]"
2608,2608,2,43.70339999999999,2.549135,0.4822641,2.5856748544475545,3.7700898874037954,5.625317,5.055709,False,6,"[0.0204448, 0.0032115, 0.2823419]","[0.1168933, 0.1049918, 1.18677]"
2609,2609,2,43.719600000000014,2.332453,-0.2286614,2.2638236121422377,3.099017037188005,5.444479,4.870341,False,6,"[0.0176394, 0.0024913, 0.2822758]","[0.1133637, 0.101348, 1.189407]"
2610,2610,2,43.73660000000007,2.120885,-0.2743749,2.103199027305121,3.081063014560585,5.331545,4.799951,False,6,"[0.0173138, 0.0023149, 0.2821056]","[0.1114827, 0.100312, 1.194596]"
2611,2611,2,43.75310000000002,1.956951,-0.03386815,2.0441131042317386,3.3383334989781694,5.256633,4.601392,False,6,"[0.0144978, 0.0036111, 0.2820738]","[0.1102487, 0.0964427, 1.198305]"
2612,2612,2,43.76970000000006,1.98077,-0.02524117,2.063021330516814,3.3437753679331492,5.122261,4.561904,False,6,"[0.0145353, 0.0041594, 0.2820858]","[0.1078919, 0.0960358, 1.203623]"
2613,2613,2,43.786500000000046,1.559196,-0.5352674,1.6437011459093314,2.896268562159332,5.026548,4.357563,False,6,"[0.0123837, 0.0026942, 0.2817091]","[0.1062548, 0.0920545, 1.208051]"
2614,2614,2,43.80439999999999,1.348633,-0.5375982,1.494066597757211,2.920822958126726,4.700147,4.376948,False,6,"[0.0125327, 0.0023695, 0.2815062]","[0.0998068, 0.0929159, 1.213935]"
2615,2615,2,43.82040000000006,0.8102745,-0.8332821,1.0428441435696554,2.6988610401143522,4.58709,4.231589,False,6,"[0.0114492, -0.0011218, 0.2810889]","[0.0977254, 0.0901229, 1.218045]"
2616,2616,2,43.83749999999998,0.7409459,-0.882688,0.9820527405886932,2.6591437319272266,4.471184,4.223781,False,6,"[0.0104105, -0.0013462, 0.2811112]","[0.0957073, 0.0903918, 1.223946]"
2617,2617,2,43.8537,0.5549831,-0.9049346,0.8451170024196033,2.6609885357842558,4.285589,4.190039,False,6,"[0.0096067, -0.0001662, 0.2811579]","[0.0920233, 0.0899642, 1.228002]"
2618,2618,2,43.87099999999998,0.5051064,-0.7715423,0.8414074895768102,2.798445464703864,3.984069,4.190473,False,6,"[0.0097259, -0.0001239, 0.2812181]","[0.0859541, 0.0904227, 1.234132]"
2619,2619,2,43.88740000000007,0.01276636,-0.7555132,0.49661975534451114,2.8769683148849086,3.839216,4.278682,False,6,"[0.0076436, -0.0026235, 0.2808109]","[0.0830564, 0.0925973, 1.237663]"
2620,2620,2,43.904300000000035,0.04289627,-0.6343465,0.5466597754339741,2.992209709051926,3.802938,4.224062,False,6,"[0.0066068, -0.0026332, 0.2806325]","[0.0827284, 0.091921, 1.24457]"
2621,2621,2,43.920900000000074,-0.4815277,-0.6950228,0.16098256751320816,2.9994368840164056,3.746733,4.194113,False,6,"[0.0039679, -0.0040805, 0.2805546]","[0.0818019, 0.0916026, 1.249148]"
2622,2622,2,43.93780000000004,-0.4518864,-0.686834,0.1839092688668963,3.0037058124148754,3.508033,4.284868,False,6,"[0.0036245, -0.0043179, 0.2802578]","[0.0770135, 0.0941258, 1.25627]"
2623,2623,2,43.954000000000065,-0.5775617,-0.6778265,0.09706304633797225,3.0285809909842234,3.362409,4.415249,False,6,"[0.0027111, -0.0044208, 0.2798795]","[0.0740755, 0.0973512, 1.260804]"
2624,2624,2,43.97140000000002,-0.4739791,-0.6288629,0.1820020938303798,3.0634964938492115,3.26189,4.486348,False,6,"[0.0024647, -0.0037649, 0.2795692]","[0.072322, 0.0995665, 1.268978]"
2625,2625,2,43.98750000000007,-0.550777,-0.422196,0.17659253598933244,3.276399990124894,3.184425,4.409586,False,6,"[6.21e-05, -0.0036778, 0.2788931]","[0.070873, 0.0982333, 1.273869]"
2626,2626,2,44.00470000000007,-0.440907,-0.5664341,0.22020871509506146,3.1206351327190354,2.999288,4.375971,False,6,"[0.000209, -0.0030911, 0.2791823]","[0.0671938, 0.0981373, 1.282439]"
2627,2627,2,44.02089999999998,-0.6892126,-0.4970581,0.06084092748873626,3.2204749035338938,3.086046,4.351243,False,6,"[-0.0023439, -0.0033832, 0.2788879]","[0.0694438, 0.0980077, 1.288053]"
2628,2628,2,44.038099999999986,-0.5448695,-0.372257,0.1926069855565573,3.3247269152160177,3.093857,4.408429,False,6,"[-0.0021972, -0.0033397, 0.2785881]","[0.0700935, 0.0999764, 1.296815]"
2629,2629,2,44.05410000000006,-0.9216509,-0.2267877,-0.039695474224106686,3.51573087754631,3.03964,4.463991,False,6,"[-0.0028084, -0.0032959, 0.2785878]","[0.0691447, 0.1016559, 1.302123]"
2630,2630,2,44.07190000000003,-0.8464139,-0.1531069,0.03103052927714267,3.5785523005339432,2.975154,4.463731,False,6,"[-0.0023062, -0.0030599, 0.2787788]","[0.0681704, 0.1023938, 1.311651]"
2631,2631,2,44.088300000000004,-1.534295,0.1924668,-0.37412612473439255,4.0058817455685,2.708004,4.497334,False,6,"[-0.0026728, -0.0020488, 0.2780367]","[0.0623384, 0.1036648, 1.317971]"
2632,2632,2,44.10490000000004,-1.363997,0.2718333,-0.23474816611624516,4.06217155705899,2.513222,4.549525,False,6,"[-0.0021419, -0.0027518, 0.2783364]","[0.0582819, 0.1056584, 1.327842]"
2633,2633,2,44.12160000000006,-1.467769,0.0554946,-0.3594767840487394,3.862783835073982,2.441928,4.721863,False,6,"[-0.0033347, -0.0024049, 0.2772092]","[0.0569484, 0.110302, 1.33539]"
2634,2634,2,44.13900000000001,-1.331207,0.04958821,-0.2641878528819215,3.839568461930053,2.244196,4.589203,False,6,"[-0.0026426, -0.0018054, 0.2778695]","[0.0527143, 0.1079725, 1.345143]"
2635,2635,2,44.15560000000005,-1.477653,0.03290736,-0.3718263294410966,3.8418452110908223,2.079472,4.714383,False,6,"[-0.0044517, -0.0010953, 0.2767246]","[0.0491047, 0.1115286, 1.352391]"
2636,2636,2,44.172000000000025,-1.481312,-0.1442271,-0.4163846816728447,3.6682238324976617,2.215792,4.593459,False,6,"[-0.0041004, -0.0007417, 0.2775442]","[0.0527127, 0.1094565, 1.362362]"
2637,2637,2,44.188800000000015,-1.208454,-0.3028418,-0.2607763077323231,3.4775499687682854,2.335773,4.595893,False,6,"[-0.0074286, 0.0009316, 0.2773424]","[0.055862, 0.1100901, 1.369519]"
2638,2638,2,44.20550000000003,-1.15425,-0.5694639,-0.2855685610107225,3.208603002279539,2.435758,4.501099,False,6,"[-0.0066166, 0.0013184, 0.2778813]","[0.0586509, 0.1085406, 1.378801]"
2639,2639,2,44.22230000000002,-1.37413,-0.984695,-0.5396264248790881,2.82854653612109,2.467499,4.318826,False,6,"[-0.0071178, 0.0002691, 0.2777887]","[0.0597159, 0.1046535, 1.385757]"
2640,2640,2,44.23860000000002,-1.306319,-0.9156522,-0.47525702213845267,2.887756485382991,2.282968,4.148264,False,6,"[-0.0064755, 0.0002412, 0.2786601]","[0.0556039, 0.1011582, 1.394754]"
2641,2641,2,44.25540000000001,-1.267701,-1.1791,-0.5103323651727116,2.6239163142102555,2.342042,3.896857,False,6,"[-0.007189, 0.0001601, 0.2786897]","[0.0572752, 0.0953926, 1.400401]"
2642,2642,2,44.27200000000005,-1.26519,-1.062102,-0.4808346933838292,2.738581898448484,2.312565,3.740949,False,6,"[-0.0072314, -0.0007039, 0.2796433]","[0.0568944, 0.0921168, 1.408841]"
2643,2643,2,44.28880000000004,-0.8625782,-0.9060506,-0.1588058349292334,2.8406195217862575,2.435302,3.694281,False,6,"[-0.0059002, -0.0014784, 0.2797035]","[0.0601471, 0.0913129, 1.414238]"
2644,2644,2,44.30540000000008,-0.8735905,-0.8471209,-0.1526407741068171,2.8999396531002026,2.417212,3.772226,False,6,"[-0.0056451, -0.0027848, 0.2801806]","[0.0600094, 0.0937287, 1.421574]"
2645,2645,2,44.32209999999998,-0.5372182,-0.2401698,0.22931910059897676,3.4535668284690724,2.696578,3.984224,False,6,"[-0.0067083, -0.0048067, 0.2796544]","[0.0672, 0.0993756, 1.426783]"
2646,2646,2,44.33879999999999,-0.5973619,0.02293924,0.24907360701675096,3.7198184216269112,2.768756,4.033893,False,6,"[-0.0063922, -0.0044801, 0.2803154]","[0.0693125, 0.1010721, 1.433214]"
2647,2647,2,44.35570000000007,0.1182852,-0.07165222,0.7333532358961881,3.5356145545870907,2.900135,4.293973,False,6,"[-0.0061963, -0.0057631, 0.2800049]","[0.072835, 0.1079504, 1.437717]"
2648,2648,2,44.372400000000084,0.1206355,-0.1414848,0.7184721530684103,3.4666834012427103,3.232284,4.375883,False,6,"[-0.0062019, -0.0052061, 0.2808148]","[0.0815173, 0.1104563, 1.44345]"
2649,2649,2,44.38900000000001,0.793973,0.4670252,1.3393786822349893,3.978882281583968,3.400902,4.41609,False,6,"[-0.0042301, -0.0044433, 0.2809564]","[0.0860366, 0.1118093, 1.447776]"
2650,2650,2,44.405500000000075,1.411199,0.3612428,1.7513230127310027,3.796227858319968,3.554424,4.540108,False,6,"[-0.0042894, -0.0041594, 0.2813025]","[0.0902257, 0.11534, 1.452533]"
2651,2651,2,44.4221,1.421469,0.3718728,1.7611128748265084,3.8053656864830545,3.834271,4.585548,False,6,"[-0.0026408, -0.0011806, 0.2816444]","[0.0975555, 0.1167454, 1.455601]"
2652,2652,2,44.43900000000008,1.851189,0.5544775,2.108625978134906,3.930043831851807,4.059931,4.566093,False,6,"[-0.0029391, 0.0001129, 0.2818914]","[0.1036669, 0.1166432, 1.46055]"
2653,2653,2,44.45569999999998,1.893827,0.6306159,2.156853582818199,3.9994366990829304,4.411629,4.595922,False,6,"[0.0005821, -0.0003526, 0.2819809]","[0.112918, 0.117655, 1.463617]"
2654,2654,2,44.47379999999998,2.930779,1.31329,3.052776983163035,4.538166152268808,4.644525,4.536907,False,6,"[0.0005945, -0.0006973, 0.2823673]","[0.119249, 0.1164742, 1.467856]"
2655,2655,2,44.489599999999996,2.706321,1.277765,2.8854399687984507,4.531868767097317,4.879865,4.554813,False,6,"[0.0039158, 0.0023032, 0.2825603]","[0.1255231, 0.1171254, 1.470235]"
2656,2656,99,44.523000000000025,2.13321,0.603686,2.319960586370496,3.942450545767226,5.265529,4.308513,False,6,"[0.0069739, 0.0017849, 0.2830881]","[0.1360702, 0.1112354, 1.476449]"
2657,2657,99,44.54020000000003,2.037361,0.520467,2.232381077719225,3.872882839173049,5.489807,4.159418,False,6,"[0.0070348, 0.00184, 0.2834947]","[0.1420757, 0.1075047, 1.478269]"
2658,2658,99,44.55619999999999,4.108958,1.491803,3.9292428438065192,4.563400402148365,5.700581,3.972783,False,6,"[0.0091732, 0.0027467, 0.2838179]","[0.1476348, 0.1027129, 1.478958]"
2659,2659,99,44.57310000000007,3.995498,1.407157,3.8288563431715312,4.49467550138559,5.75904,3.893697,False,6,"[0.0094042, 0.0031305, 0.2844116]","[0.1492898, 0.1007501, 1.480255]"
2660,2660,99,44.58960000000002,6.423664,7.71716,7.043042965082484,10.386579038801937,5.887917,3.752359,False,6,"[0.0145781, 0.006528, 0.2847493]","[0.152624, 0.0970632, 1.479965]"
2661,2661,99,44.60640000000001,6.347096,7.597954,6.960588497710952,10.279185109118403,6.087133,3.608414,False,6,"[0.0134876, 0.0063644, 0.2853342]","[0.1579358, 0.0933943, 1.48099]"
2662,2662,99,44.62329999999997,2.264034,-1.304428,1.9605049385135889,2.0504757437073002,6.249594,3.409566,False,6,"[0.0106263, 0.0030059, 0.2852794]","[0.1620745, 0.0881755, 1.479988]"
2663,2663,99,44.640100000000075,2.340844,-1.237356,2.030778858858917,2.1066014884126734,6.283068,3.216958,False,6,"[0.0101686, 0.0025967, 0.2858464]","[0.1630171, 0.0832181, 1.480602]"
2664,2664,99,44.656400000000076,3.499638,-0.1467766,3.109611817464298,3.0306866716427914,6.515034,3.153236,True,6,"[0.0205684, 0.0074565, 0.2863162]","[0.1688695, 0.0814615, 1.478699]"
2665,2665,99,44.67309999999998,4.208149,-0.05782583,3.6323248429257933,3.027778033457569,6.568024,3.185543,True,6,"[0.0200391, 0.0070474, 0.286896]","[0.1702192, 0.0822805, 1.478387]"
2666,2666,99,44.68990000000008,4.302949,0.009742005,3.715453476975852,3.082097503228258,6.729022,3.322536,True,6,"[0.0326645, 0.0393154, 0.2901285]","[0.1741198, 0.0856742, 1.475759]"
2667,2667,99,44.70609999999999,4.223447,0.1035968,3.681401275468874,3.1844739345328574,6.808113,3.405965,True,6,"[0.0323442, 0.0387875, 0.2907781]","[0.1760555, 0.0877656, 1.47467]"
2668,2668,99,44.72320000000002,4.481048,-0.1799087,3.7966175769858364,2.873002450797034,6.923455,3.545198,True,6,"[0.0113158, -0.0065174, 0.2862195]","[0.1788308, 0.0912418, 1.472723]"
2669,2669,99,44.739900000000034,4.405747,-0.2220134,3.733327451679622,2.8412222006102743,6.965645,3.60726,True,6,"[0.0117218, -0.0061936, 0.2867506]","[0.1797501, 0.0927497, 1.471239]"
2670,2670,99,44.75630000000001,4.417333,-0.03881297,3.784935444387439,3.0197945893350293,7.061082,3.672995,False,6,"[0.017566, -0.0007358, 0.2872314]","[0.1819358, 0.094288, 1.468801]"
2671,2671,99,44.772699999999986,3.675994,0.4520218,3.3763457419954648,3.5967021733188878,6.980539,3.553943,False,6,"[0.021029, -0.0002884, 0.2858037]","[0.1794688, 0.0910357, 1.465772]"
2672,2672,99,44.78970000000004,3.831733,0.2819049,3.4463066287206625,3.4096556803598816,6.935719,3.808413,False,6,"[0.0214814, 4.85e-05, 0.2854964]","[0.1779626, 0.0973852, 1.462956]"
2673,2673,99,44.80640000000005,3.60789,0.469755,3.3323283593771205,3.622813093117836,7.002971,3.770824,False,6,"[0.0211022, 0.0005167, 0.2857557]","[0.1794088, 0.0962621, 1.460541]"
2674,2674,99,44.82299999999998,3.56663,0.1314695,3.222967003496577,3.295606187412152,6.995692,3.9623,False,6,"[0.0223744, -0.0008965, 0.2855006]","[0.178872, 0.1009686, 1.457702]"
2675,2675,99,44.839500000000044,3.137969,-0.2253053,2.834938308485648,2.9996185310684202,6.918207,3.837503,False,6,"[0.0220004, -0.0011065, 0.2855456]","[0.1766261, 0.0976432, 1.45568]"
2676,2676,99,44.85630000000003,2.882253,0.07293192,2.7245469441293393,3.3253280370833167,6.957744,3.795642,False,6,"[0.0220491, -0.0001934, 0.2854253]","[0.1772766, 0.0963745, 1.452658]"
2677,2677,99,44.8732,2.832219,0.08856828,2.6928266451469365,3.3470743997685695,6.730709,3.550925,False,6,"[0.0184931, 0.0022709, 0.2878469]","[0.1712257, 0.0900331, 1.450863]"
2678,2678,99,44.88980000000004,2.770177,0.1358823,2.6601097236614852,3.401484513501057,6.455171,3.607851,False,6,"[0.0192497, 0.0014141, 0.2874114]","[0.1638269, 0.0912973, 1.447962]"
2679,2679,99,44.906400000000076,2.667221,0.5242773,2.6792358364393745,3.7963254641042172,6.188306,3.443249,False,6,"[0.0181036, 0.0023541, 0.2871172]","[0.1568467, 0.0870366, 1.446548]"
2680,2680,99,44.923,3.241009,1.159072,3.235887084392269,4.347048735622105,6.335535,3.809974,False,6,"[0.0178663, 0.0006577, 0.2866398]","[0.1602197, 0.0960993, 1.443046]"
2681,2681,99,44.939500000000066,3.325989,0.9615531,3.249257110297266,4.1420927475106595,6.614095,4.220136,False,6,"[0.0156774, -0.0011245, 0.2859656]","[0.1670494, 0.1063046, 1.440661]"
2682,2682,99,44.956300000000056,3.745543,0.6972227,3.4836820702216404,3.8288188461004666,7.031301,4.39027,False,6,"[0.0143874, 0.0003637, 0.2857637]","[0.1773231, 0.1103784, 1.437687]"
2683,2683,99,44.973100000000045,3.518996,0.8875858,3.368384715559246,4.044790775522118,7.300848,4.35501,False,6,"[0.0141374, 0.0004417, 0.2857663]","[0.1839612, 0.1093503, 1.435873]"
2684,2684,99,44.98950000000002,5.149111,0.7976549,4.501227969756496,3.7485799258363763,7.420453,4.235832,False,6,"[0.0138162, 0.0006772, 0.2855392]","[0.1867478, 0.1061985, 1.433871]"
2685,2685,99,45.006200000000035,5.052367,0.7080153,4.411493579802483,3.6728161544239124,7.526424,3.83929,False,6,"[0.013322, 0.0026168, 0.28597]","[0.1894193, 0.096212, 1.433673]"
2686,2686,99,45.02290000000005,3.561822,-0.7113864,3.0198685843443274,2.467859797274447,7.701514,3.09612,False,6,"[0.016198, 0.0057875, 0.2860495]","[0.193738, 0.0774913, 1.432632]"
2687,2687,99,45.039800000000014,3.646353,-0.6559405,3.092854586490603,2.5115750366216663,7.399977,2.533607,False,6,"[0.016646, 0.0048074, 0.2864324]","[0.1861232, 0.0634115, 1.433074]"
2688,2688,99,45.05640000000005,8.299438,1.450834,6.886470057735891,3.9888831678721015,7.542336,2.524575,False,6,"[0.0186968, 0.0034756, 0.2855976]","[0.1896056, 0.0631387, 1.43202]"
2689,2689,99,45.07299999999998,8.235087,1.619045,6.880761931718939,4.1624052977972665,7.700487,2.153932,False,6,"[0.0175961, 0.004433, 0.2861364]","[0.1935683, 0.0538427, 1.43157]"
2690,2690,99,45.089500000000044,4.592204,9.511397,6.171437905121714,12.383453009576577,7.649123,1.985792,False,6,"[0.025767, 0.0039811, 0.2859457]","[0.192107, 0.0495962, 1.430419]"
2691,2691,99,45.10649999999998,4.628587,9.495082,6.193332267794163,12.36278007295229,7.478083,1.807256,False,6,"[0.0252807, 0.0035337, 0.2859499]","[0.1878324, 0.0451511, 1.430959]"
2692,2692,99,45.12290000000007,3.78654,9.437713,5.583555931376847,12.413752074887569,7.2252,1.805402,False,6,"[0.0177336, -0.0035375, 0.2848962]","[0.1814763, 0.0451208, 1.431469]"
2693,2693,99,45.140100000000075,3.867327,9.373655,5.625577563716101,12.340496127406073,6.86083,1.681112,False,6,"[0.0181487, -0.0032605, 0.2847884]","[0.1723965, 0.0420524, 1.432821]"
2694,2694,99,45.156400000000076,3.004652,8.6056,4.832816422150461,11.695635334152755,6.802211,1.57267,False,6,"[0.0415628, 0.0072163, 0.284922]","[0.1709927, 0.0393574, 1.433517]"
2695,2695,99,45.17309999999998,3.156156,8.653032,4.951321791434941,11.722935982088426,6.710071,1.304284,False,6,"[0.0412622, 0.0080585, 0.2851027]","[0.1687291, 0.0326526, 1.434147]"
2696,2696,99,45.18960000000004,2.476949,5.878262,3.8130167671250588,9.082483563247896,6.498481,1.004283,False,6,"[0.0231924, 0.0483785, 0.2887454]","[0.1634419, 0.0251527, 1.43485]"
2697,2697,99,45.206300000000056,2.415138,5.772408,3.7441739489738954,8.986330588429814,6.31122,0.7623691,False,6,"[0.0233836, 0.0483078, 0.2888281]","[0.1587801, 0.0191035, 1.435635]"
2698,2698,99,45.22280000000001,0.6700181,6.599163,2.7044778011238217,10.02135489241873,6.138824,0.3815683,False,6,"[0.0191039, 0.0479807, 0.2886487]","[0.1544833, 0.0095655, 1.436324]"
2699,2699,99,45.23950000000002,0.6966302,6.632173,2.7311405569394935,10.0504043125597,5.827969,0.03839245,False,6,"[0.0195157, 0.0476564, 0.2886928]","[0.1467063, 0.0009631, 1.437318]"
2700,2700,99,45.25630000000001,-0.4249018,5.537611,1.6777461717038247,9.117654418598296,5.583417,-0.2517361,False,6,"[0.0151181, 0.0435882, 0.2880234]","[0.1406202, -0.00632, 1.438442]"
2701,2701,99,45.272800000000075,-0.5840272,5.632788,1.5876324616205089,9.23148166414614,5.283518,-0.5432392,False,6,"[0.0158739, 0.0438101, 0.2878781]","[0.1331539, -0.0136522, 1.439858]"
2702,2702,99,45.28970000000004,-1.768333,4.754145,0.5409498897224625,8.518940275640594,4.99435,-0.7894461,False,6,"[0.0123905, 0.0294902, 0.2864338]","[0.1259381, -0.0198576, 1.441115]"
2703,2703,99,45.30630000000008,-1.861382,4.662045,0.4532486928786401,8.440287338263094,4.817615,-1.059983,False,6,"[0.0120775, 0.0289473, 0.286352]","[0.1215553, -0.0266849, 1.442245]"
2704,2704,99,45.322900000000004,-2.657258,4.012113,-0.2642311963848226,7.90300157133596,4.74084,-1.126584,False,6,"[0.0033525, 0.0331646, 0.28667]","[0.1197119, -0.0283863, 1.443484]"
2705,2705,99,45.33960000000002,-2.623189,4.005142,-0.24176135231477636,7.891806941086211,4.506838,-1.316638,False,6,"[0.0034839, 0.0333151, 0.2865244]","[0.1138855, -0.033208, 1.444847]"
2706,2706,99,45.35630000000003,-3.813919,2.877625,-1.3519570315265539,6.935491044577961,4.228314,-1.524901,False,6,"[-0.0021191, 0.0277039, 0.2857496]","[0.1069472, -0.0385085, 1.446556]"
2707,2707,99,45.372799999999984,-3.717024,3.500633,-1.135747020169519,7.53543040370785,4.215421,-1.878932,False,6,"[-0.0029103, 0.0281593, 0.2855086]","[0.1067239, -0.047501, 1.447968]"
2708,2708,99,45.38970000000006,-4.298443,3.675884,-1.505880461986337,7.781793508238994,4.133986,-1.929481,False,6,"[-0.008795, 0.0236921, 0.2848754]","[0.1047818, -0.048839, 1.449723]"
2709,2709,99,45.406400000000076,-4.131821,3.002057,-1.5475561147404586,7.098312878438008,4.057199,-1.986254,False,6,"[-0.0092543, 0.0232215, 0.2847586]","[0.1029856, -0.0503538, 1.451931]"
2710,2710,99,45.42309999999998,-5.660251,2.667377,-2.709005851597727,6.964251807895717,4.011688,-1.936629,False,6,"[-0.0131833, 0.0199233, 0.284054]","[0.102001, -0.0491789, 1.454419]"
2711,2711,99,45.439700000000016,-5.543767,3.186756,-2.503478861426763,7.459847071165218,3.857792,-2.105845,False,6,"[-0.01301, 0.0198824, 0.2839653]","[0.0982493, -0.0535742, 1.456989]"
2712,2712,99,45.45620000000008,-6.183562,2.434496,-3.134694785629743,6.802094187643114,3.844221,-1.889247,False,6,"[-0.0188625, 0.0142228, 0.2829484]","[0.0981419, -0.048177, 1.460549]"
2713,2713,99,45.47289999999998,-6.182856,2.424601,-3.1365393055083186,6.792279365291904,3.706042,-2.183298,False,6,"[-0.018382, 0.0173091, 0.2829498]","[0.0948068, -0.0558015, 1.463678]"
2714,2714,99,45.489900000000034,-7.014814,1.98577,-3.829550624062537,6.467063977814193,3.266428,-2.62011,False,6,"[-0.0212489, 0.0181621, 0.2827035]","[0.0837137, -0.0671235, 1.466814]"
2715,2715,99,45.50660000000005,-7.03223,1.768564,-3.8933431550405526,6.255814169585976,2.8644,-2.625386,False,6,"[-0.0203853, 0.0147992, 0.2821913]","[0.0736154, -0.0674637, 1.47128]"
2716,2716,99,45.523000000000025,-7.789555,1.4341,-4.50878576166164,6.02365562925554,3.234999,-2.173781,False,6,"[-0.0279002, 0.0131146, 0.2814999]","[0.0834327, -0.0560305, 1.476125]"
2717,2717,99,45.539800000000014,-7.602594,1.248381,-4.420415687013651,5.817294824747619,3.257928,-2.763959,False,6,"[-0.0274082, 0.0157223, 0.2823843]","[0.0841362, -0.0713578, 1.478072]"
2718,2718,99,45.55650000000003,-7.884477,0.7414504,-4.740098742827243,5.355020914808976,2.961684,-2.74555,False,6,"[-0.0305468, 0.0119869, 0.2819417]","[0.0766597, -0.0710564, 1.481712]"
2719,2719,99,45.573600000000056,-7.754206,0.6599253,-4.667179970672408,5.258289472707105,2.8506,-2.785103,False,6,"[-0.030593, 0.0119576, 0.2824005]","[0.0739336, -0.0722321, 1.484806]"
2720,2720,99,45.59010000000001,-7.831205,0.8412107,-4.678745441908515,5.446273651564576,2.983563,-2.852034,False,6,"[-0.0347437, 0.0097901, 0.2823613]","[0.0775384, -0.0741143, 1.487686]"
2721,2721,99,45.60680000000002,-7.921425,0.7980781,-4.7528420186010125,5.415385234380229,2.969347,-2.797183,False,6,"[-0.0348809, 0.008731, 0.2827672]","[0.0772848, -0.0727964, 1.489933]"
2722,2722,99,45.62360000000001,-12.71702,-1.954638,-8.800397287050117,3.3214141354887667,3.180784,-2.891493,False,6,"[-0.0386769, 0.0070782, 0.2827315]","[0.0829094, -0.0753553, 1.49192]"
2723,2723,99,45.640499999999975,-12.73831,-1.991243,-8.82414365018963,3.288153021394659,3.218457,-2.993021,False,6,"[-0.0378313, 0.0061765, 0.2834344]","[0.0839676, -0.0780749, 1.493239]"
2724,2724,99,45.65719999999999,-0.9734336,-2.927977,-0.7163398537372747,0.8676020142543504,2.966815,-2.733312,False,6,"[-0.0392668, 0.0036695, 0.2835451]","[0.0774962, -0.0713872, 1.495287]"
2725,2725,99,45.67410000000007,-1.014564,-2.863269,-0.7301299113773485,0.9364408810907081,2.855771,-2.523337,False,6,"[-0.0386551, 0.0032698, 0.2838765]","[0.0746824, -0.0659768, 1.497124]"
2726,2726,99,45.69080000000008,2.107114,-4.734216,1.036797697427636,-1.3003162653141604,2.502713,-2.314915,False,6,"[-0.0390746, 0.0041714, 0.2841004]","[0.065527, -0.0606044, 1.499186]"
2727,2727,99,45.70780000000002,2.06178,-4.657366,1.0229081692850848,-1.219008306761829,2.349069,-2.10044,False,6,"[-0.0395664, 0.0039611, 0.2843584]","[0.0615449, -0.0550247, 1.500291]"
2728,2728,99,45.724300000000085,2.302033,-4.086839,1.3281840751689007,-0.6889243162228285,2.188991,-1.823265,False,6,"[-0.0639105, -0.0096651, 0.2832009]","[0.0573888, -0.0477935, 1.501394]"
2729,2729,99,45.741100000000074,2.146981,-4.133284,1.207400504962525,-0.714802598081631,2.111734,-1.860735,False,6,"[-0.0640427, -0.0098496, 0.2832965]","[0.0553636, -0.0487782, 1.50145]"
2730,2730,99,45.75750000000005,1.39086,-3.885231,0.7308236314863129,-0.3746165211388237,1.895705,-1.51175,False,6,"[-0.0048045, -0.0144626, 0.2827631]","[0.0497054, -0.0396328, 1.501747]"
2731,2731,99,45.774400000000014,1.908503,-4.021267,1.0650935827766321,-0.5743081632861342,1.719141,-1.367736,False,6,"[-0.0050138, -0.0141602, 0.2831188]","[0.045079, -0.0358606, 1.501948]"
2732,2732,99,45.7912,1.415688,-3.905127,0.7436884190212193,-0.3973356964835073,1.434781,-1.152572,False,6,"[0.010387, -0.02338, 0.2823118]","[0.0376173, -0.030216, 1.501873]"
2733,2733,99,45.80830000000003,1.389192,-4.0204,0.6976176406912398,-0.507248052765056,1.236491,-0.9699791,False,6,"[0.0101549, -0.0229798, 0.2820784]","[0.0324082, -0.0254214, 1.501478]"
2734,2734,99,45.824299999999994,-0.4964065,-3.782332,-0.5810149479785074,-0.032875842573226066,1.07724,-0.9669426,False,6,"[0.0113699, -0.0202085, 0.2828344]","[0.0282156, -0.0253261, 1.500542]"
2735,2735,99,45.84109999999998,-0.5806813,-3.832346,-0.652532598994134,-0.071285270238723,0.8650602,-0.9207852,False,6,"[0.010601, -0.0204345, 0.2827718]","[0.0226411, -0.0240999, 1.499482]"
2736,2736,99,45.86329999999998,-1.082746,-4.094141,-1.07002924878454,-0.2645683243207815,0.6698385,-0.9613452,False,6,"[0.0068991, -0.0192978, 0.2841499]","[0.0175183, -0.0251433, 1.498388]"
2737,2737,99,45.87419999999997,-1.228662,-4.159534,-1.1888336388911864,-0.31023348125863404,0.5433546,-1.131303,False,6,"[0.0094367, -0.0199087, 0.2831964]","[0.0141931, -0.029554, 1.496594]"
2738,2738,99,45.89089999999999,-1.471452,-4.160663,-1.3610007346562352,-0.28038926921325125,0.4959841,-1.117424,False,6,"[0.0070079, -0.0193571, 0.2835656]","[0.012946, -0.0291695, 1.495471]"
2739,2739,99,45.90750000000003,-1.650828,-4.125006,-1.4795540479983034,-0.22247653112532895,0.3651506,-1.214377,False,6,"[0.0068781, -0.0199345, 0.2836248]","[0.0095167, -0.0316537, 1.493238]"
2740,2740,99,45.92439999999999,-1.532771,-3.908458,-1.344661809295986,-0.024704332841369858,0.2619788,-1.136925,False,6,"[-0.002462, -0.0187861, 0.284163]","[0.0068207, -0.0296038, 1.491698]"
2741,2741,99,45.940900000000056,-1.668749,-3.827809,-1.421828808864721,0.0718936746747505,0.09980983,-1.12644,False,6,"[-0.0028797, -0.0190328, 0.2841265]","[0.0025941, -0.0292799, 1.489114]"
2742,2742,99,45.957700000000045,-2.024116,-3.999138,-1.7140271716979605,-0.05118212095079766,-0.01198301,-0.9996797,False,6,"[-0.0053756, -0.0203588, 0.2844278]","[-0.000311, -0.0259492, 1.487103]"
2743,2743,99,45.974199999999996,-2.180221,-4.159293,-1.8624971120697822,-0.1886804217372653,-0.1231275,-0.8109592,False,6,"[-0.0060924, -0.0206584, 0.2840598]","[-0.0031896, -0.0210089, 1.48422]"
2744,2744,99,45.9914,-2.068188,-3.794559,-1.6967608918290278,0.15549709376092968,-0.290128,-0.7188882,False,6,"[-0.0073121, -0.0207076, 0.2846587]","[-0.0075027, -0.0185913, 1.481661]"
2745,2745,99,46.007400000000075,-2.238138,-3.809197,-1.8205566115858351,0.16277813040764322,-0.4321811,-0.7075623,False,6,"[-0.0082006, -0.0205211, 0.2845424]","[-0.0111498, -0.018255, 1.478143]"
2746,2746,99,46.02449999999999,-2.143458,-4.171292,-1.8393111311306698,-0.205160037500828,-0.3990504,-0.6655421,False,6,"[-0.0076261, -0.0194715, 0.284998]","[-0.0102744, -0.0171363, 1.475179]"
2747,2747,99,46.04090000000008,-2.269207,-4.115683,-1.9151684390001922,-0.13447547575972596,-0.3858657,-0.8089604,False,6,"[-0.0083098, -0.0190843, 0.2852342]","[-0.0099071, -0.0207712, 1.471051]"
2748,2748,99,46.057500000000005,-2.211417,-4.080335,-1.8658772471073046,-0.10710320185840327,-0.467615,-0.8378444,False,6,"[-0.0100906, -0.0199607, 0.2855124]","[-0.0119761, -0.021459, 1.467367]"
2749,2749,99,46.07569999999998,-2.380231,-3.932621,-1.9504032886700466,0.05959266372052818,-0.4325224,-0.9346712,False,6,"[-0.0108633, -0.0207508, 0.2853469]","[-0.0110402, -0.0238593, 1.462457]"
2750,2750,99,46.09090000000003,-2.231547,-3.618216,-1.770641749647687,0.34963409157971226,-0.4774968,-0.8897755,False,6,"[-0.0103325, -0.0189769, 0.2861219]","[-0.0121513, -0.0226442, 1.458025]"
2751,2751,99,46.10730000000001,-2.377827,-3.568091,-1.8623346688421711,0.4175465134726757,-0.4226876,-0.8198752,False,6,"[-0.0111881, -0.01906, 0.2862674]","[-0.0107198, -0.020794, 1.453059]"
2752,2752,99,46.12419999999997,-2.185869,-3.377434,-1.6812534620945687,0.5804512289792734,-0.5118039,-0.6142529,False,6,"[-0.0107274, -0.0209032, 0.2866139]","[-0.0129321, -0.0155209, 1.447689]"
2753,2753,99,46.14089999999999,-2.390932,-3.526786,-1.8618270219174793,0.4598118798249802,-0.5554249,-0.5442365,False,6,"[-0.0113575, -0.020624, 0.2866192]","[-0.0139809, -0.0136993, 1.442181]"
2754,2754,99,46.1576,-2.068422,-2.983754,-1.5048259813693492,0.9523866517144088,-0.5114378,-0.647837,False,6,"[-0.0110898, -0.0204865, 0.2871838]","[-0.0128202, -0.0162396, 1.436192]"
2755,2755,99,46.17470000000003,-1.953553,-2.441047,-1.2949154357049544,1.4711145894626125,-0.4193244,-0.6737902,False,6,"[-0.0119396, -0.0197463, 0.2872397]","[-0.010466, -0.0168177, 1.430028]"
2756,2756,99,46.19130000000007,-1.476841,-2.789549,-1.0399640224850317,1.0678295899043642,-0.2998,-0.673394,False,6,"[-0.0112249, -0.0182149, 0.2880564]","[-0.0074482, -0.0167303, 1.423437]"
2757,2757,99,46.20870000000002,-1.781496,-3.030286,-1.3127019367572892,0.870074186338087,-0.1852742,-0.6105438,False,6,"[-0.0119505, -0.0179455, 0.2877923]","[-0.0045825, -0.0151014, 1.417116]"
2758,2758,99,46.225700000000074,-1.292986,-3.898766,-1.172593511347787,-0.04574970885771368,-0.06555344,-0.8002491,False,6,"[-0.0110007, -0.0170089, 0.2882096]","[-0.001614, -0.0197047, 1.410716]"
2759,2759,99,46.24279999999999,-1.342554,-3.965552,-1.2235118539551035,-0.10506751090040067,0.1096259,-0.7892543,False,6,"[-0.0120122, -0.0177309, 0.2876895]","[0.002687, -0.0193466, 1.404374]"
2760,2760,99,46.258500000000026,-0.1414529,-2.556381,-0.03924216630380395,1.1267359023285115,0.4084076,-0.870738,False,6,"[-0.0104054, -0.0150171, 0.2881066]","[0.0099692, -0.021256, 1.398567]"
2761,2761,99,46.276700000000005,-0.3703032,-2.68678,-0.2321671006742445,1.0277562664819269,0.2306025,-1.622855,False,6,"[-0.0098107, -0.0122615, 0.2876253]","[0.0056007, -0.0394249, 1.391547]"
2762,2762,99,46.29169999999999,-0.9749644,-2.819946,-0.6918283609515083,0.9739701219344412,0.348234,-1.784486,False,6,"[-0.0074145, -0.0140129, 0.2875901]","[0.0084218, -0.0431702, 1.385648]"
2763,2763,99,46.30849999999998,-1.087291,-2.845155,-0.7773302382898284,0.9635154471300544,0.6927007,-1.716542,False,6,"[-0.0089383, -0.0152131, 0.2873774]","[0.016687, -0.0413615, 1.380178]"
2764,2764,99,46.325500000000034,-0.8118489,-2.641588,-0.5340821032915808,1.128464560941973,0.9000132,-1.30611,False,6,"[-0.0064798, -0.0195654, 0.287087]","[0.0215924, -0.0313381, 1.374484]"
2765,2765,99,46.34230000000002,-1.096867,-2.798943,-0.7731614023801203,1.0101534971038117,1.029385,-1.099153,False,6,"[-0.0067223, -0.019884, 0.2868318]","[0.0246018, -0.0262696, 1.369191]"
2766,2766,99,46.3587,0.001729697,-1.406072,0.3346714683742142,2.2390057550008517,0.8576776,-1.114193,False,6,"[-0.0007104, -0.0128462, 0.2877293]","[0.0204195, -0.026528, 1.363993]"
2767,2767,99,46.37520000000006,-0.2926959,-1.627998,0.07363296240442119,2.058433647951787,0.8673347,-1.077963,False,6,"[-0.0018566, -0.0134802, 0.2872562]","[0.0205671, -0.0255628, 1.358548]"
2768,2768,99,46.39179999999999,-2.287401,-3.451984,-1.7708027257142143,0.5201279589900651,0.9101405,-1.252929,True,6,"[-0.0048905, -0.0141551, 0.2873717]","[0.0214968, -0.0295955, 1.353169]"
2769,2769,99,46.408500000000004,-2.527374,-3.65562,-1.9889544595635198,0.3505890037727615,0.7335049,-1.544164,True,6,"[-0.0054578, -0.0142916, 0.2875679]","[0.0172535, -0.0363286, 1.347634]"
2770,2770,99,46.425700000000006,-2.129312,-3.130992,-1.5828216506948984,0.8154440323864978,0.6055002,-1.822867,True,6,"[-0.0040743, -0.0132654, 0.2875205]","[0.014179, -0.0426989, 1.341645]"
2771,2771,99,46.44240000000002,-2.503406,-3.321282,-1.8927714093994585,0.6761208961724643,0.2154051,-1.920962,True,6,"[-0.0055022, -0.0140497, 0.2873758]","[0.0050235, -0.044816, 1.336209]"
2772,2772,99,46.45870000000002,-2.672686,-3.421314,-2.0363247952293353,0.5993912298296298,0.06119053,-2.060923,True,6,"[8.7e-06, -0.0070755, 0.2882608]","[0.0014208, -0.0478737, 1.330362]"
2773,2773,99,46.4769,-3.011574,-3.518986,-2.2994044947983543,0.5466046442202623,-0.1030445,-1.963867,True,6,"[-0.0014707, -0.008182, 0.287881]","[-0.0023828, -0.0454293, 1.32488]"
2774,2774,99,46.492000000000075,-3.650728,-3.916907,-2.846214544666966,0.23701465695423396,-0.3278556,-2.008528,True,6,"[-0.011475, -0.0173291, 0.287279]","[-0.0075493, -0.0462677, 1.319303]"
2775,2775,99,46.508500000000026,-3.880823,-3.912964,-3.0081916688668064,0.2702251226363508,-0.546616,-2.063587,True,6,"[-0.0126836, -0.0183587, 0.2873515]","[-0.0125328, -0.047333, 1.31364]"
2776,2776,99,46.525600000000054,-3.686409,-3.580401,-2.7917503846017264,0.572282034379223,-0.6271781,-2.117463,False,6,"[-0.0106926, -0.015731, 0.2875841]","[-0.0143156, -0.0483519, 1.307743]"
2777,2777,99,46.54230000000007,-3.836565,-3.736323,-2.935005421220842,0.4381854787864725,-0.8184426,-2.128756,False,6,"[-0.0125703, -0.0166851, 0.2875141]","[-0.0185983, -0.0483927, 1.301899]"
2778,2778,99,46.55860000000007,-3.914932,-4.069719,-3.0694807397674944,0.12051482450329054,-0.9142737,-2.216884,False,6,"[-0.0134111, -0.0171756, 0.287293]","[-0.0206898, -0.0501883, 1.296479]"
2779,2779,99,46.57680000000005,-4.13388,-4.239316,-3.2646816866427293,-0.018251097833994923,-0.8618513,-2.325161,False,6,"[-0.015125, -0.0176793, 0.2874903]","[-0.019413, -0.0523985, 1.290476]"
2780,2780,99,46.591999999999985,-2.731436,-5.185766,-2.4959649543362428,-1.1272232802126458,-0.8177763,-2.320085,False,6,"[-0.0183349, -0.0196757, 0.287364]","[-0.0183429, -0.0520648, 1.285066]"
2781,2781,99,46.6087,-2.871065,-5.128491,-2.5812548289571886,-1.0531317828892162,-0.8073706,-2.459399,False,6,"[-0.0195, -0.019662, 0.2874537]","[-0.018021, -0.0549253, 1.278791]"
2782,2782,99,46.62560000000008,-2.854068,-4.998545,-2.5384330987375128,-0.9275877449252743,-0.8015726,-2.531975,False,6,"[-0.0185358, -0.0180014, 0.287694]","[-0.0178064, -0.0562791, 1.272705]"
2783,2783,99,46.642400000000066,-3.032948,-5.170559,-2.7058378437399395,-1.0738374478949426,-0.6762848,-2.698454,False,6,"[-0.0192949, -0.0187893, 0.2877212]","[-0.0149469, -0.0596814, 1.266266]"
2784,2784,99,46.65859999999998,-3.024528,-4.883209,-2.631795719449004,-0.7925031486317495,-0.5312628,-2.630199,False,6,"[-0.0196738, -0.0204542, 0.2874811]","[-0.0116931, -0.0579298, 1.261047]"
2785,2785,99,46.67520000000002,-3.145857,-5.171789,-2.786070827887369,-1.0606512932498324,-0.5178092,-2.468291,False,6,"[-0.0207504, -0.0212815, 0.2871018]","[-0.0113437, -0.0541052, 1.255152]"
2786,2786,99,46.69190000000003,-2.87359,-5.289905,-2.6212857073168263,-1.2114476583080807,-0.4168228,-2.291986,False,6,"[-0.013674, -0.0260122, 0.2866145]","[-0.0090945, -0.050034, 1.250098]"
2787,2787,99,46.70900000000006,-2.934486,-4.944143,-2.58248122764987,-0.8638687656069628,-0.2900599,-2.415465,False,6,"[-0.0143708, -0.0257174, 0.2865485]","[-0.0062972, -0.0524706, 1.243887]"
2788,2788,99,46.726,-2.586323,-4.685039,-2.27458726588275,-0.6536091854818906,-0.2645617,-2.450957,False,6,"[-0.0143029, -0.0250926, 0.286894]","[-0.0057199, -0.0530224, 1.238743]"
2789,2789,99,46.744500000000016,-2.676464,-4.706911,-2.343590725478734,-0.663612741890268,-0.1295992,-2.415169,False,6,"[-0.0151208, -0.0258239, 0.2853818]","[-0.0027887, -0.0520005, 1.232891]"
2790,2790,99,46.75890000000004,-2.742354,-4.388439,-2.314787789831029,-0.3422177851199013,-0.1207576,-2.196201,False,6,"[-0.0151159, -0.0244417, 0.2860855]","[-0.0025891, -0.0471107, 1.22845]"
2791,2791,99,46.775800000000004,-2.832551,-4.245541,-2.3447926418033296,-0.19027812997399085,-0.02212005,-1.890815,False,6,"[-0.0156849, -0.0258302, 0.2853827]","[-0.0004724, -0.0403975, 1.223688]"
2792,2792,99,46.79280000000006,-2.701452,-4.156761,-2.2309379666721254,-0.11973916331417334,0.01122694,-1.521039,False,6,"[-0.0143158, -0.0264065, 0.2851994]","[0.0002391, -0.0324058, 1.220401]"
2793,2793,99,46.80920000000003,-3.05213,-3.269361,-2.2689762673034726,0.7971068374082928,0.1587001,-1.334225,False,6,"[-0.0145786, -0.0246022, 0.284397]","[0.0033683, -0.0283227, 1.216046]"
2794,2794,99,46.82630000000006,-2.733863,-3.935728,-2.2015171165530916,0.1016243694237069,0.1892212,-1.599316,False,6,"[-0.0128576, -0.0233274, 0.2846466]","[0.0040063, -0.0338705, 1.213103]"
2795,2795,99,46.84310000000005,-2.832325,-3.536346,-2.1766060691636295,0.5066904021035459,0.2786427,-1.491644,False,6,"[-0.01326, -0.0233551, 0.2836548]","[0.0058814, -0.0314913, 1.209345]"
2796,2796,99,46.85940000000005,-2.310446,-3.74404,-1.8563145808193018,0.23603317079810981,0.4441468,-1.536433,False,6,"[-0.0135882, -0.0217705, 0.2836809]","[0.0093607, -0.0323884, 1.20752]"
2797,2797,99,46.87689999999998,-2.619806,-3.90111,-2.1125608510370593,0.12110560381435498,0.6481168,-1.519344,False,6,"[-0.0139936, -0.0209955, 0.2828263]","[0.0136237, -0.0319433, 1.204327]"
2798,2798,99,46.89280000000008,-2.146971,-4.066478,-1.8169652610947842,-0.10170088495038776,0.8451464,-1.67085,False,6,"[-0.0133619, -0.0205811, 0.2831867]","[0.01775, -0.0350991, 1.203256]"
2799,2799,99,46.910600000000045,-2.259629,-4.169127,-1.921049305933039,-0.18822139540897398,0.9622156,-1.952387,False,6,"[-0.0150539, -0.0161276, 0.282331]","[0.0201558, -0.0409092, 1.200077]"
2800,2800,99,46.92650000000003,-1.935941,-4.554065,-1.783074213234634,-0.6078063784504826,1.111693,-2.23481,False,6,"[-0.0135064, -0.01946, 0.2828501]","[0.0232641, -0.0467852, 1.198864]"
2801,2801,99,46.94290000000001,-2.202459,-4.488338,-1.9562012436698009,-0.5092309112515929,1.333472,-2.058188,False,6,"[-0.0139966, -0.0174837, 0.2829107]","[0.0278389, -0.0429795, 1.195948]"
2802,2802,99,46.95950000000005,-1.612597,-4.102084,-1.4470550128587636,-0.2048229218288582,1.46734,-2.355723,False,6,"[-0.0114158, -0.0185154, 0.282942]","[0.0306193, -0.0491743, 1.195341]"
2803,2803,99,46.976099999999974,1.351464,-4.243474,0.6180535747649974,-0.7216753170699963,1.554112,-1.995774,False,6,"[-0.0128952, -0.0192183, 0.2818236]","[0.0323822, -0.0415915, 1.193549]"
2804,2804,99,46.992500000000064,-1.162699,-4.259867,-1.1659021420316673,-0.41725058217645916,1.788429,-1.782773,False,6,"[-0.0105928, -0.0200878, 0.2825565]","[0.0372599, -0.037142, 1.193306]"
2805,2805,99,47.01049999999998,-1.128472,-4.396508,-1.174042593792238,-0.5559051234585306,1.735738,-1.612972,False,6,"[-0.0111067, -0.020518, 0.2814789]","[0.0361019, -0.0335471, 1.19134]"
2806,2806,99,47.026500000000055,-1.645799,-4.114217,-1.4734372352404619,-0.2125142518330767,1.987863,-1.465255,False,6,"[-0.0095533, -0.0225118, 0.2826291]","[0.0413362, -0.0304634, 1.190947]"
2807,2807,99,47.04280000000006,-0.8593982,-3.481327,-0.7667036435794277,0.30923063813807294,2.192233,-1.380199,False,6,"[-0.0108328, -0.0221103, 0.2816705]","[0.0455119, -0.0286452, 1.18891]"
2808,2808,99,47.091499999999996,-0.6918332,-3.798462,-0.7232021143662506,-0.023813067948433186,2.919339,-1.723953,False,6,"[-0.0079846, -0.0203404, 0.2836192]","[0.0602647, -0.035568, 1.181748]"
2809,2809,99,47.108400000000074,-0.5904666,-3.299774,-0.5332807410929212,0.4533744142225511,3.718056,-1.664119,False,6,"[0.0066158, -0.0208073, 0.2804275]","[0.0764882, -0.034196, 1.17704]"
2810,2810,99,47.12520000000006,-0.3636474,-3.753945,-0.48029354984478134,-0.021902808377538552,3.226448,-1.439013,False,6,"[-0.0057621, -0.021147, 0.283905]","[0.0663346, -0.0295605, 1.176735]"
2811,2811,99,47.153999999999996,-0.5452781,-3.285776,-0.49796999855048996,0.46137048412089676,3.331337,-1.108992,False,6,"[-0.0056191, -0.0219322, 0.2852619]","[0.0683038, -0.0227153, 1.173435]"
2812,2812,99,47.17190000000005,-0.7685499,-2.969753,-0.5811763871364537,0.8004234897766804,3.352862,-1.015545,False,6,"[-0.0081946, -0.0205147, 0.2852029]","[0.0685511, -0.0207419, 1.170106]"
2813,2813,99,47.18830000000003,-0.6689699,-2.480175,-0.3946783518324035,1.2688854348249325,3.218226,-1.100444,False,6,"[-0.0042974, -0.0174285, 0.286485]","[0.0656954, -0.0224431, 1.168379]"
2814,2814,99,47.20519999999999,-0.6485894,-2.519317,-0.38952234589667967,1.227818298008979,3.02161,-0.8744565,False,6,"[-0.0034418, -0.0189238, 0.2850265]","[0.0615307, -0.0177919, 1.165664]"
2815,2815,99,47.22180000000003,-0.3919314,-2.972237,-0.3151123633092817,0.7499663494038389,2.887701,-0.8069226,False,6,"[-0.002942, -0.0164589, 0.2854679]","[0.0587283, -0.0163979, 1.164259]"
2816,2816,99,47.24440000000004,-0.4526917,-3.177585,-0.40678395835421877,0.5558966454474596,2.719677,-0.50072,False,6,"[-0.0017905, -0.01851, 0.2821098]","[0.0551198, -0.0101408, 1.160344]"
2817,2817,99,47.25610000000006,-0.3404297,-3.484724,-0.40006961970060884,0.23972770786187603,2.711545,-0.5002549,False,6,"[-0.0027106, -0.0163511, 0.2848091]","[0.0548597, -0.0101138, 1.158337]"
2818,2818,99,47.273199999999974,-0.2661985,-3.592381,-0.37301933548946375,0.12445844484661261,2.82831,-0.7003249,False,6,"[-0.0038261, -0.014797, 0.2852242]","[0.0570287, -0.0141102, 1.154345]"
2819,2819,99,47.28970000000004,-0.06578255,-3.717471,-0.2607583471015418,-0.024031534892869022,2.709031,-0.959297,False,6,"[-0.0033453, -0.0124098, 0.286506]","[0.0544615, -0.0192728, 1.150998]"
2820,2820,99,47.30790000000002,-0.08025576,-3.850276,-0.30247056017521745,-0.15270716322234223,2.730525,-1.242721,False,6,"[-0.0032447, -0.0126111, 0.286624]","[0.0547011, -0.0248807, 1.146947]"
2821,2821,99,47.32450000000006,-0.01606174,-3.851248,-0.257250352468928,-0.16184667250813556,2.68596,-1.401897,False,6,"[-0.0019546, -0.0148359, 0.2857352]","[0.0536411, -0.0279823, 1.143412]"
2822,2822,99,47.341499999999996,0.007934507,-3.882135,-0.2475785117136743,-0.19526176849819565,2.795002,-1.408075,False,6,"[-0.0022562, -0.015853, 0.2855552]","[0.0556168, -0.0280022, 1.139205]"
2823,2823,99,47.35760000000005,0.06812822,-3.972474,-0.2263639359169105,-0.29172122097199793,2.748302,-1.404471,False,6,"[-0.001701, -0.0174329, 0.2862781]","[0.0545011, -0.027836, 1.135351]"
2824,2824,99,47.37459999999999,0.03504832,-3.887591,-0.22967412031872547,-0.20408072465493055,2.728371,-1.288969,False,6,"[-0.0013288, -0.017956, 0.2860089]","[0.0538763, -0.0254379, 1.130546]"
2825,2825,99,47.3913,-0.0627095,-3.73795,-0.2634345759769957,-0.04455009994467085,2.671773,-1.242731,False,6,"[-0.0003292, -0.018627, 0.2866869]","[0.052546, -0.024427, 1.126025]"
2826,2826,99,47.40769999999998,0.05859853,-3.574355,-0.13878648012799166,0.10076537219098958,2.661487,-1.028698,False,6,"[-0.0004013, -0.0192834, 0.2865227]","[0.0521024, -0.0201259, 1.120839]"
2827,2827,99,47.42489999999998,-0.08530328,-3.255493,-0.16512488225635646,0.43248950656663343,2.705139,-0.8892034,False,6,"[-8.05e-05, -0.0193357, 0.2872271]","[0.0527058, -0.0173134, 1.115498]"
2828,2828,99,47.44150000000002,0.05793893,-3.13387,-0.034891247486554144,0.5337584340507355,2.672141,-0.7386409,False,6,"[3.98e-05, -0.0194815, 0.2870837]","[0.0517983, -0.0143086, 1.109848]"
2829,2829,99,47.45810000000006,0.2957435,-3.054616,0.15225590040895232,0.5813311296809345,2.607064,-0.5946591,False,6,"[0.0003418, -0.0199599, 0.2874244]","[0.0502927, -0.011464, 1.104525]"
2830,2830,99,47.47500000000002,0.4502545,-3.090984,0.2530359005344471,0.5258897100359006,2.78384,-0.5260182,False,6,"[0.0001758, -0.0195311, 0.2874103]","[0.0534252, -0.0100873, 1.098709]"
2831,2831,99,47.49160000000006,0.4128687,-2.757699,0.30552989424443344,0.8582088348346426,2.685111,-0.4216865,False,6,"[-0.0003154, -0.0188241, 0.2881287]","[0.0512379, -0.008041, 1.092532]"
2832,2832,99,47.50930000000005,0.4725228,-2.640325,0.3755749738092448,0.9659586613586382,2.845866,-0.2306361,False,6,"[0.0002943, -0.017972, 0.2877113]","[0.0539911, -0.004372, 1.086108]"
2833,2833,99,47.52499999999998,0.5372754,-3.190536,0.29106180139697724,0.4169554616958022,2.816966,-0.528146,False,6,"[-0.0004302, -0.0164345, 0.2889305]","[0.0531239, -0.0099523, 1.079644]"
2834,2834,99,47.542100000000005,0.4420359,-3.010361,0.26631865175695074,0.60617385733102,2.931594,-0.5361872,False,6,"[0.0002916, -0.0157878, 0.2883564]","[0.0549263, -0.0100375, 1.072557]"
2835,2835,99,47.55849999999998,0.603368,-2.983541,0.3868989757046318,0.6119640125705854,2.965989,-0.554544,False,6,"[0.0014938, -0.0154439, 0.2894078]","[0.0552309, -0.0103175, 1.065975]"
2836,2836,99,47.57510000000002,0.4636409,-3.049273,0.27239611823547594,0.5651766506656934,2.901623,-0.8327953,False,6,"[0.0022708, -0.0156041, 0.2889639]","[0.0536646, -0.0153902, 1.05876]"
2837,2837,99,47.59170000000006,0.8004953,-2.899236,0.5464426102483881,0.669686862966878,3.004024,-0.7799593,False,6,"[0.0020856, -0.0139407, 0.289417]","[0.0551937, -0.0143181, 1.051745]"
2838,2838,99,47.608299999999986,0.8237325,-2.945431,0.5519501728723383,0.6213238262554781,2.946886,-0.9903269,False,6,"[0.0023873, -0.0133485, 0.289462]","[0.0537845, -0.0180606, 1.0448]"
2839,2839,99,47.625099999999975,0.7745937,-3.289526,0.4356340673150483,0.28941182419810163,2.860168,-0.8637038,False,6,"[0.0027087, -0.0161011, 0.2888458]","[0.0518377, -0.0156419, 1.037566]"
2840,2840,99,47.641700000000014,0.6839664,-3.388686,0.3479747809990102,0.20351156636058265,3.052773,-0.9755979,False,6,"[0.0022303, -0.0152027, 0.2890852]","[0.0549842, -0.0175568, 1.030991]"
2841,2841,99,47.65840000000003,0.4633189,-3.926498,0.06433094132792228,-0.2969196444700901,2.969072,-1.369807,False,6,"[0.0030443, -0.0150667, 0.2890793]","[0.0531165, -0.0244885, 1.0241]"
2842,2842,99,47.67510000000004,0.4283656,-3.9728,0.028613251511564908,-0.3379690149080692,3.12869,-1.271498,False,6,"[0.0023388, -0.0153963, 0.2890238]","[0.055626, -0.0225876, 1.017668]"
2843,2843,99,47.69170000000008,3.918805,-4.362156,2.4076575081231404,-1.1656316291218474,3.159335,-1.48581,False,6,"[0.0040284, -0.0146017, 0.2883187]","[0.0558195, -0.0262307, 1.011281]"
2844,2844,99,47.70870000000002,4.070376,-4.062894,2.585875327412652,-0.8908408218625654,2.985478,-1.562301,False,6,"[0.0041488, -0.0148469, 0.2885532]","[0.0524319, -0.0274196, 1.005335]"
2845,2845,99,47.72530000000006,7.772627,0.8243518,6.365048800523648,3.4403402333242274,3.063044,-1.599539,False,6,"[0.0038908, -0.0165404, 0.2877785]","[0.0534864, -0.0279115, 0.9995365]"
2846,2846,99,47.74170000000004,7.729638,0.6840879,6.301379699156169,3.307969529256558,3.079761,-1.559373,False,6,"[0.0034354, -0.0170395, 0.2877665]","[0.0534725, -0.0270553, 0.9938428]"
2847,2847,99,47.75830000000008,-1.096915,-2.551122,-0.7144802097563241,1.2537182699904288,3.149693,-1.372424,False,6,"[0.0023225, -0.0197129, 0.2872023]","[0.0543785, -0.0236751, 0.988198]"
2848,2848,99,47.775100000000066,-1.138049,-2.572676,-0.7487105057173726,1.2377792414688757,3.229159,-1.313809,False,6,"[0.0021468, -0.0199419, 0.2871419]","[0.0554501, -0.0225404, 0.9828226]"
2849,2849,99,47.792100000000005,1.688925,-4.050205,0.9027723245176973,-0.5747540014086505,3.194837,-1.347146,False,6,"[0.0196782, -0.0219126, 0.2872601]","[0.0545624, -0.0229873, 0.9774995]"
2850,2850,99,47.80849999999998,1.653008,-4.040525,0.8796358956898725,-0.5606613587492708,3.072982,-1.665576,False,6,"[0.0204294, -0.0203917, 0.2870862]","[0.0521697, -0.0282572, 0.9717724]"
2851,2851,99,47.82540000000006,1.411661,-3.830048,0.7586253806642639,-0.32303459195474415,2.751354,-2.105473,True,6,"[0.0394569, 0.0041593, 0.2890694]","[0.046464, -0.0355452, 0.9668494]"
2852,2852,99,47.841600000000085,1.545828,-3.688846,0.8870723758788728,-0.20136639238888643,2.751643,-2.550871,True,6,"[0.0391688, 0.0034456, 0.2885746]","[0.0461945, -0.0428193, 0.9611392]"
2853,2853,99,47.858400000000074,0.8175821,-3.751795,0.3565471817695517,-0.17038715354796574,2.912604,-2.513848,True,6,"[-0.0055092, -0.0128198, 0.2877307]","[0.048666, -0.041994, 0.9565158]"
2854,2854,99,47.87549999999999,0.9637781,-3.653154,0.4834271243141277,-0.09208153657630236,3.128614,-2.896096,True,6,"[-0.0057, -0.0128923, 0.2869299]","[0.051987, -0.0481165, 0.9511164]"
2855,2855,99,47.89179999999999,1.362568,-3.592661,0.7801097640470264,-0.08347151417893528,3.190071,-2.764823,True,6,"[0.0084477, -0.0202864, 0.2865007]","[0.0527542, -0.0457101, 0.9465207]"
2856,2856,99,47.90859999999998,1.346907,-3.531641,0.7834787090993284,-0.021504362275484468,3.311975,-2.604918,True,6,"[0.0082572, -0.0202115, 0.2861293]","[0.0545368, -0.0428758, 0.9424127]"
2857,2857,99,47.92520000000002,1.344661,-3.746566,0.7309672336024317,-0.23244645644766448,3.248497,-2.605953,False,6,"[0.00705, -0.0191525, 0.2860859]","[0.053246, -0.0426978, 0.938127]"
2858,2858,99,47.94180000000006,1.33474,-3.735426,0.7265823433499115,-0.2202332080087901,3.336863,-2.688047,False,6,"[0.0077165, -0.018435, 0.2859401]","[0.0544634, -0.0438562, 0.9341093]"
2859,2859,99,47.95850000000007,1.499304,-4.103502,0.7558898767054099,-0.6029591611258338,3.477029,-2.852526,False,6,"[0.0040816, -0.0187554, 0.2860143]","[0.0564945, -0.046329, 0.9297947]"
2860,2860,99,47.976099999999974,1.464922,-4.214468,0.7052561103696298,-0.7076331924942245,3.690831,-3.077318,False,6,"[0.0048115, -0.018261, 0.2860152]","[0.0597073, -0.0497614, 0.9256033]"
2861,2861,99,47.99189999999999,1.216445,-4.460587,0.4710180775380135,-0.9178402776540651,3.739482,-3.376388,False,6,"[0.0068093, -0.0179742, 0.2862761]","[0.060217, -0.0543558, 0.9213251]"
2862,2862,99,48.008699999999976,1.37145,-4.659546,0.5336258429925808,-1.1331392276358434,3.744054,-3.631413,False,6,"[0.0067358, -0.0176807, 0.2864801]","[0.0600238, -0.0582131, 0.917245]"
2863,2863,99,48.02539999999999,1.212511,-5.283236,0.2733260008506355,-1.7258387402948108,3.776372,-3.828448,False,6,"[0.0067218, -0.0187519, 0.2863615]","[0.0602648, -0.0610984, 0.9130242]"
2864,2864,20,48.04219999999998,1.152281,-5.319331,0.222130262339428,-1.7536340857278612,3.83708,-3.965027,False,6,"[0.0066739, -0.0187007, 0.286434]","[0.0609578, -0.0629968, 0.9088685]"
2865,2865,20,48.05880000000002,1.107077,-5.749923,0.08810669764336232,-2.1710570559856697,3.849524,-4.201902,False,6,"[0.007497, -0.0205493, 0.2864317]","[0.0608491, -0.0664383, 0.9043068]"
2866,2866,20,48.075500000000034,1.085561,-5.781341,0.06542925640365815,-2.199191569625505,4.077087,-4.356748,False,6,"[0.0073215, -0.021097, 0.2862961]","[0.0641308, -0.0685462, 0.8997164]"
2867,2867,20,48.09210000000007,1.033215,-5.596645,0.07212660340871047,-2.0109985121164575,4.282838,-4.406643,False,6,"[0.006087, -0.0223624, 0.2866616]","[0.0670418, -0.0689874, 0.8952137]"
2868,2868,20,48.108600000000024,1.129133,-5.552849,0.15041464124816994,-1.980184554627681,4.442038,-4.510774,False,6,"[0.0068606, -0.0233561, 0.2865633]","[0.0691523, -0.0702268, 0.8901759]"
2869,2869,20,48.12549999999999,0.8950136,-5.165624,0.07639754793267428,-1.5697711905182414,4.49095,-4.322196,False,6,"[0.006055, -0.0264545, 0.2860807]","[0.0695882, -0.0669632, 0.8859912]"
2870,2870,20,48.14229999999998,1.014634,-5.146985,0.1655069622381562,-1.5667034178300767,4.725829,-4.098202,False,6,"[0.0057464, -0.0266004, 0.2856958]","[0.0729289, -0.0632077, 0.8821808]"
2871,2871,20,48.15890000000002,1.10239,-5.283967,0.1951851958784715,-1.7125176159248516,4.894682,-3.902726,False,6,"[0.0055213, -0.0287698, 0.2857168]","[0.0752327, -0.0599327, 0.878509]"
2872,2872,20,48.17630000000008,1.312142,-4.94496,0.4240128045078806,-1.4060830094590102,5.251691,-3.76299,False,6,"[0.0054014, -0.0288609, 0.2850536]","[0.0804023, -0.0575319, 0.8747283]"
2873,2873,20,48.19200000000001,1.276452,-4.554926,0.491152754215205,-1.0182071285213725,5.476696,-3.651314,False,6,"[0.0051418, -0.0279378, 0.2851039]","[0.0835834, -0.0556306, 0.8717631]"
2874,2874,20,48.2088,1.394934,-4.294056,0.6368469237237565,-0.7769294215541853,5.724922,-3.546041,False,6,"[0.0056052, -0.0276481, 0.2843863]","[0.0870946, -0.0538359, 0.8687513]"
2875,2875,20,48.225599999999986,1.529459,-3.842167,0.8391571412292764,-0.3499634618144376,5.794805,-3.221703,False,6,"[0.004441, -0.0256988, 0.2842719]","[0.0880098, -0.0488148, 0.8672221]"
2876,2876,20,48.242000000000075,1.457435,-4.016394,0.7468840141316603,-0.5120113928939007,6.147768,-3.034466,False,6,"[0.0050239, -0.025551, 0.283666]","[0.0932038, -0.0458705, 0.8653019]"
2877,2877,20,48.259000000000015,1.608448,-3.499773,0.9762047046990358,-0.023528866849679808,6.302807,-2.634948,False,6,"[0.0054471, -0.02618, 0.2830727]","[0.095537, -0.039807, 0.8649747]"
2878,2878,20,48.275600000000054,1.853096,-3.645301,1.1149404768517122,-0.1977445619659397,6.526397,-2.562094,False,6,"[0.0064684, -0.0244333, 0.2823984]","[0.0988818, -0.0386762, 0.8643342]"
2879,2879,20,48.292100000000005,3.309543,-4.292953,1.9926852282820287,-1.0199428125907355,6.651692,-2.533108,False,6,"[0.0062946, -0.0225057, 0.2824995]","[0.1008103, -0.038243, 0.8644467]"
2880,2880,20,48.30860000000007,3.399524,-4.363013,2.039794346566202,-1.1002696917758854,6.730511,-2.744604,False,6,"[0.0068668, -0.0211736, 0.2819909]","[0.1020402, -0.0414506, 0.8646525]"
2881,2881,20,48.325500000000034,3.914641,-4.636101,2.339804696716777,-1.4343340910989317,6.868563,-2.783092,False,6,"[0.0075268, -0.0189321, 0.2818992]","[0.1042249, -0.0420618, 0.8652481]"
2882,2882,20,48.34220000000005,3.793904,-4.457299,2.296683567843396,-1.2432143523672847,6.914732,-3.27494,False,6,"[0.0071735, -0.019797, 0.2819505]","[0.1049921, -0.0495385, 0.8657418]"
2883,2883,20,48.3587,4.492249,-4.456353,2.791348289263654,-1.331318056317044,7.453667,-3.114582,False,6,"[0.007932, -0.0172761, 0.2824794]","[0.1133143, -0.0471284, 0.8661196]"
2884,2884,20,48.37670000000003,4.522749,-4.552651,2.790127351425322,-1.429848305938866,7.502131,-3.811111,False,6,"[0.009123, -0.0179642, 0.2819757]","[0.1141583, -0.0577462, 0.8668689]"
2885,2885,20,48.39210000000003,4.527194,-4.694042,2.75977532051241,-1.5693741824274738,7.874196,-3.44531,False,6,"[0.0163057, -0.021167, 0.2819754]","[0.1201118, -0.052286, 0.8684718]"
2886,2886,20,48.40859999999998,4.612738,-4.854031,2.7824364682588314,-1.7375176639118983,8.246516,-3.552871,False,6,"[0.0167343, -0.0214934, 0.281709]","[0.1259599, -0.0539616, 0.8691024]"
2887,2887,20,48.425500000000056,4.686848,-5.291599,2.731236528050322,-2.177008237951612,8.142185,-3.64721,False,6,"[0.0192809, -0.0228487, 0.2817612]","[0.1245152, -0.0554743, 0.8702952]"
2888,2888,20,48.44209999999998,4.802661,-5.2909,2.813399787893652,-2.191086496674431,8.202538,-3.81948,False,6,"[0.0187125, -0.0219968, 0.2821839]","[0.1255881, -0.0581657, 0.8712474]"
2889,2889,20,48.45900000000006,4.956204,-5.722494,2.8198552085764006,-2.6348328950610833,8.238683,-4.045514,False,6,"[0.0221643, -0.0219865, 0.2821121]","[0.1263262, -0.0617055, 0.87247]"
2890,2890,20,48.476099999999974,4.517539,-6.039941,2.434061273637666,-2.890893731441574,8.404244,-4.315868,False,6,"[0.022354, -0.0225024, 0.2826002]","[0.1289103, -0.065849, 0.8725315]"
2891,2891,20,48.4923,5.158282,-5.811328,2.941882937873417,-2.7479023506323585,8.514074,-4.479519,False,6,"[0.0223868, -0.0232155, 0.2827353]","[0.1306968, -0.0683962, 0.8730456]"
2892,2892,20,48.50890000000004,5.061711,-5.791569,2.87819038084889,-2.7161711570712495,8.587912,-4.62331,False,6,"[0.0228497, -0.0240505, 0.283207]","[0.1318092, -0.0705807, 0.8727929]"
2893,2893,20,48.52570000000003,4.988568,-5.794301,2.8257565643079046,-2.7095310178162224,8.462614,-4.488611,False,6,"[0.023216, -0.0262277, 0.2831776]","[0.1299387, -0.0685585, 0.8733379]"
2894,2894,20,48.54280000000006,4.917689,-5.519983,2.8405659800963035,-2.430894585509261,8.339107,-4.421194,False,6,"[0.0238087, -0.0262423, 0.2833729]","[0.1280117, -0.0675229, 0.8733153]"
2895,2895,20,48.558899999999994,4.452456,-5.663694,2.4771239650148544,-2.512820350078811,8.184446,-4.327101,False,6,"[0.0245692, -0.0283915, 0.283321]","[0.1256561, -0.0661074, 0.8736733]"
2896,2896,20,48.58220000000006,4.37665,-5.528646,2.455448327948498,-2.3704304185047356,8.04683,-4.272729,False,6,"[0.0225165, -0.0301539, 0.2849837]","[0.1234802, -0.0652552, 0.8734266]"
2897,2897,20,48.59230000000002,3.953805,-5.323783,2.2046039232909234,-2.1151815433541783,7.772704,-4.053586,False,6,"[0.0255846, -0.0288448, 0.2834139]","[0.119238, -0.0619059, 0.8735537]"
2898,2898,20,48.60910000000001,3.890592,-5.297971,2.1659635308133964,-2.0817543368285287,7.634671,-3.902294,False,6,"[0.025107, -0.0287505, 0.2834581]","[0.1170754, -0.0595781, 0.8734077]"
2899,2899,20,48.62570000000005,3.597401,-5.057141,2.0154379558884465,-1.8076869225914018,7.350131,-3.530912,False,6,"[0.0247263, -0.0287454, 0.2832737]","[0.1127176, -0.0539191, 0.8738316]"
2900,2900,20,48.642400000000066,3.631095,-5.093253,2.0307380399181008,-1.8474735386391492,7.152562,-3.49427,False,6,"[0.0243883, -0.0273928, 0.2834491]","[0.1095919, -0.0533271, 0.8733237]"
2901,2901,20,48.65899999999999,3.362376,-5.011683,1.8598062773558157,-1.7330469498916488,6.945105,-3.258045,False,6,"[0.0220652, -0.0281029, 0.2833713]","[0.1063828, -0.0497146, 0.8733352]"
2902,2902,20,48.67560000000003,3.308709,-4.979635,1.8294020904247539,-1.694708037254455,6.836521,-3.211684,False,6,"[0.0217047, -0.0274496, 0.2835885]","[0.1045696, -0.048943, 0.872218]"
2903,2903,20,48.69240000000002,2.868825,-5.008528,1.5111109562039657,-1.6670223864851144,6.712406,-3.115382,False,6,"[0.0196064, -0.0264341, 0.2836704]","[0.1026444, -0.0474683, 0.8721405]"
2904,2904,20,48.70900000000006,2.865082,-4.895448,1.5352524104679535,-1.5554100801445685,6.488054,-2.99229,False,6,"[0.0193005, -0.0263169, 0.2837967]","[0.0990432, -0.0455247, 0.8709053]"
2905,2905,20,48.726099999999974,2.479667,-4.748607,1.2971622005142514,-1.3619572947534184,6.334418,-2.902936,False,6,"[0.0178496, -0.0251249, 0.2839171]","[0.0966216, -0.044137, 0.8703938]"
2906,2906,20,48.74270000000001,2.371701,-4.847351,1.1973253695881285,-1.4452381611463858,6.182436,-2.844052,False,6,"[0.0180344, -0.0253293, 0.2841874]","[0.0941028, -0.0431566, 0.8687116]"
2907,2907,20,48.75940000000003,2.271139,-4.968607,1.0973970287923671,-1.5515877881024567,6.028502,-2.76597,False,6,"[0.0167123, -0.024945, 0.2844549]","[0.0916311, -0.0419191, 0.8676594]"
2908,2908,20,48.77539999999999,2.340822,-4.911473,1.1602703391558404,-1.5043204809760553,5.856323,-2.801384,False,6,"[0.0164493, -0.0247913, 0.2845308]","[0.0887778, -0.0423528, 0.8655373]"
2909,2909,20,48.79219999999998,2.563637,-4.804057,1.3434769099480848,-1.4271591009597309,5.775217,-2.77302,False,6,"[0.014282, -0.024977, 0.2849993]","[0.0873759, -0.0418448, 0.8639165]"
2910,2910,20,48.80880000000002,2.549207,-4.84467,1.323637949500468,-1.46523387571649,5.770223,-2.774135,False,6,"[0.0142668, -0.0244163, 0.2850694]","[0.0870311, -0.0417328, 0.861257]"
2911,2911,20,48.82560000000001,2.48964,-4.589174,1.3419970444521454,-1.20653790829369,5.765412,-2.706336,False,6,"[0.0123548, -0.0236991, 0.285294]","[0.0867969, -0.0406359, 0.8596607]"
2912,2912,20,48.841999999999985,2.432551,-4.653587,1.2863159258735861,-1.2625646565818522,5.845175,-2.587715,False,6,"[0.0118248, -0.0242119, 0.2855015]","[0.0876869, -0.0387114, 0.8565433]"
2913,2913,20,48.85890000000006,2.516757,-4.422984,1.4005710504015099,-1.0466634611271406,5.965866,-2.452776,False,6,"[0.011334, -0.0248449, 0.2857822]","[0.0892512, -0.036584, 0.8540629]"
2914,2914,20,48.87560000000008,2.547203,-4.465249,1.4121136889169186,-1.0920831557386839,5.933178,-2.430089,False,6,"[0.0116893, -0.0245728, 0.2859568]","[0.0884053, -0.0361009, 0.8506626]"
2915,2915,20,48.89229999999998,2.602425,-4.093632,1.5392574780989765,-0.7338980723245889,5.949049,-2.405598,False,6,"[0.0128207, -0.0240653, 0.2863433]","[0.0883521, -0.0356191, 0.8478668]"
2916,2916,20,48.90890000000002,2.693638,-3.938346,1.6406291452677229,-0.5929118142656309,6.069066,-2.258844,False,6,"[0.0127495, -0.0242717, 0.2863665]","[0.0897513, -0.0332967, 0.8441372]"
2917,2917,20,48.92610000000002,3.311968,-3.542777,2.1721381861022206,-0.2829784798730719,6.256408,-2.205067,False,6,"[0.012461, -0.0230043, 0.2865935]","[0.0921595, -0.0323684, 0.840634]"
2918,2918,20,48.94220000000007,2.981669,-4.239109,1.7733016778298551,-0.9252235641347273,6.435416,-2.163849,False,6,"[0.0121885, -0.0233546, 0.2869135]","[0.0943376, -0.0316017, 0.8363709]"
2919,2919,20,48.959100000000035,4.753252,-1.409158,3.6981019966986457,1.630191528249188,6.651835,-2.035386,False,6,"[0.0126176, -0.0222042, 0.287064]","[0.0970696, -0.0295811, 0.8323522]"
2920,2920,20,48.97550000000001,4.618867,-1.940949,3.476960060007783,1.1246799777711116,6.822937,-2.184391,False,6,"[0.0127848, -0.0224425, 0.287387]","[0.0989985, -0.0315601, 0.8274087]"
2921,2921,20,48.9923,5.588894,-3.171935,3.8721040152023556,-0.20880465732671505,6.994462,-2.237036,False,6,"[0.0130815, -0.0205982, 0.2878088]","[0.1010134, -0.0321628, 0.8233458]"
2922,2922,20,49.00890000000004,5.706687,-3.514575,3.8743232982888816,-0.5605691612161419,7.200932,-2.500588,False,6,"[0.0135286, -0.0197966, 0.2875515]","[0.1033862, -0.0357353, 0.818279]"
2923,2923,20,49.02589999999998,4.833955,-2.493056,3.4984377938167577,0.5546468201224397,7.170465,-2.98455,False,6,"[0.0166379, -0.0178003, 0.2875087]","[0.1023953, -0.0424355, 0.8139161]"
2924,2924,20,49.042100000000005,4.934188,-2.348542,3.6036436160081378,0.6838963707357584,7.415374,-2.837439,False,6,"[0.0149308, -0.0212472, 0.2866522]","[0.1054584, -0.0401602, 0.8102824]"
2925,2925,20,49.05910000000006,4.753376,-1.737881,3.6203068460047887,1.3071065234112274,7.748218,-3.194485,False,6,"[0.0239135, -0.0070746, 0.2875926]","[0.1095975, -0.0449564, 0.805495]"
2926,2926,20,49.07569999999998,5.230642,-1.375871,4.04398909287445,1.6020425870663488,8.000338,-3.265334,False,6,"[0.0232146, -0.0097379, 0.2873467]","[0.1127706, -0.0457773, 0.8023705]"
2927,2927,20,49.09249999999997,5.053197,-1.522942,3.8835099923087872,1.480123930969648,8.353255,-3.065877,False,6,"[0.0280435, -0.0158816, 0.2865821]","[0.1173239, -0.0427965, 0.7990264]"
2928,2928,20,49.10900000000004,5.046233,-1.809188,3.8107603077575734,1.1996890152635542,8.709416,-2.646976,False,6,"[0.0285387, -0.01754, 0.285584]","[0.1220659, -0.0368385, 0.7968286]"
2929,2929,20,49.12570000000005,5.968607,-3.369971,4.094027694469063,-0.4518449651088412,8.934487,-2.221404,False,6,"[0.0242067, -0.0124626, 0.2862358]","[0.1249211, -0.0308228, 0.7946004]"
2930,2930,20,49.14229999999998,6.256094,-3.547885,4.255421157473533,-0.6633512756176048,9.274057,-2.315697,False,6,"[0.0246846, -0.0117267, 0.2859284]","[0.1293168, -0.0320249, 0.7919391]"
2931,2931,20,49.15890000000002,10.04704,-4.460842,6.723174830370659,-2.0439215227595167,9.624223,-2.740263,True,6,"[0.023834, -0.0086966, 0.286628]","[0.1338376, -0.0377767, 0.7892661]"
2932,2932,20,49.175700000000006,10.31758,-4.496498,6.906274102187891,-2.113455963000323,9.739481,-3.455909,True,6,"[0.0262204, -0.0068792, 0.286416]","[0.1349314, -0.0474739, 0.7861195]"
2933,2933,20,49.192600000000084,8.091068,-5.098626,5.187204665057771,-2.4213652132211374,9.824617,-3.822037,True,6,"[0.0253212, -0.0076133, 0.2863596]","[0.1358083, -0.0523919, 0.784237]"
2934,2934,20,49.20889999999997,8.146173,-5.149696,5.214120179670382,-2.478582294413286,10.22303,-3.874301,True,6,"[0.0252384, -0.0090281, 0.2858196]","[0.1410053, -0.0529503, 0.781871]"
2935,2935,20,49.225900000000024,7.603504,-4.798357,4.913142204310446,-2.064100096327617,10.37314,-4.084843,True,6,"[0.0298441, -0.0168089, 0.2854524]","[0.1428486, -0.0557309, 0.780381]"
2936,2936,20,49.242399999999975,7.729004,-4.861313,4.987082522263491,-2.1419735493214267,10.43602,-4.244702,True,6,"[0.0312202, -0.0176574, 0.2847896]","[0.1434898, -0.0578214, 0.779056]"
2937,2937,20,49.259000000000015,7.975592,-4.658565,5.2097074028339465,-1.9741506810188012,10.31213,-4.269446,False,6,"[0.050346, -0.0221686, 0.284162]","[0.1416352, -0.0581131, 0.7784312]"
2938,2938,20,49.27600000000007,7.957095,-4.728864,5.179955556625348,-2.040882367320493,10.18216,-4.227355,False,6,"[0.0516113, -0.0222948, 0.2835041]","[0.1398275, -0.0575446, 0.7785195]"
2939,2939,20,49.29280000000006,7.317057,-4.38628,4.8079643251804365,-1.6225908162945073,9.995711,-4.165922,False,6,"[0.0403113, -0.0253001, 0.2835587]","[0.1372335, -0.0567135, 0.7786305]"
2940,2940,20,49.30920000000003,7.474117,-4.567315,4.8762737241455145,-1.82053604261377,9.849531,-4.134327,False,6,"[0.0405177, -0.0255096, 0.2830567]","[0.1352612, -0.0563131, 0.7790631]"
2941,2941,20,49.32619999999997,6.886081,-4.906428,4.379589250578799,-2.078846624526226,9.704052,-4.207725,False,6,"[0.0378493, -0.0238009, 0.2835352]","[0.1331253, -0.0572738, 0.7784836]"
2942,2942,20,49.342700000000036,7.015828,-4.912465,4.470022096550299,-2.1013215029712287,9.633499,-4.323248,False,6,"[0.0384567, -0.0240991, 0.2833517]","[0.1322392, -0.0588968, 0.7790744]"
2943,2943,20,49.359699999999975,6.967299,-5.107854,4.389370021447227,-2.2871628881882815,9.514554,-4.502914,False,6,"[0.039721, -0.023102, 0.2835056]","[0.1305439, -0.0613394, 0.778884]"
2944,2944,20,49.37639999999999,7.018151,-5.157533,4.413603900695714,-2.342470669926155,9.524707,-4.574148,False,6,"[0.0396481, -0.0234643, 0.283652]","[0.1307253, -0.0623327, 0.7791197]"
2945,2945,20,49.39300000000003,6.602909,-5.306893,4.084218002643576,-2.4363217305837477,9.449696,-4.70387,False,6,"[0.0364701, -0.021786, 0.284023]","[0.1296034, -0.064072, 0.7786787]"
2946,2946,20,49.40970000000004,6.576338,-5.378115,4.048530939412521,-2.5029311711494584,9.318844,-4.777987,False,6,"[0.0372386, -0.0226748, 0.2838463]","[0.1278697, -0.0651337, 0.7792468]"
2947,2947,20,49.42650000000003,6.144792,-5.447021,3.7266631461782485,-2.515633353635792,9.219722,-4.796807,False,6,"[0.0342446, -0.0243417, 0.28356]","[0.1265584, -0.065429, 0.7796946]"
2948,2948,20,49.4443,6.179535,-5.411128,3.759765779700312,-2.4847871441484086,9.142982,-4.788721,False,6,"[0.0349076, -0.0243797, 0.2836514]","[0.1256341, -0.0653949, 0.7806094]"
2949,2949,20,49.46010000000001,4.428577,-5.693509,2.4531532700400014,-2.5390781704835534,8.909316,-4.764948,False,6,"[0.0346052, -0.0253116, 0.2831728]","[0.1224507, -0.0651115, 0.7811231]"
2950,2950,20,49.478200000000015,4.512339,-5.334274,2.597570268415614,-2.1967007484019003,8.738433,-4.57535,False,6,"[0.0348618, -0.0255602, 0.2831846]","[0.1203473, -0.0626565, 0.7829602]"
2951,2951,20,49.49329999999998,4.260792,-5.733388,2.3249101655314464,-2.5568800266880487,8.548488,-4.518347,False,6,"[0.0326991, -0.0262395, 0.2824842]","[0.1178712, -0.061967, 0.7841548]"
2952,2952,20,49.51120000000003,4.191621,-5.396015,2.3558682289421187,-2.216490852405677,8.379729,-4.309752,False,6,"[0.0325588, -0.0265876, 0.2824185]","[0.1158717, -0.05928, 0.7866074]"
2953,2953,20,49.52780000000007,3.813385,-5.117895,2.1539642538971258,-1.8949322387967529,8.342114,-4.286608,False,6,"[0.030336, -0.026869, 0.281776]","[0.1155531, -0.0590672, 0.7880322]"
2954,2954,20,49.54500000000007,3.959921,-4.639506,2.3710570039645398,-1.4434533673747483,8.346093,-4.114033,False,6,"[0.0305021, -0.026685, 0.2817136]","[0.1160128, -0.0568788, 0.790785]"
2955,2955,20,49.56169999999997,4.121858,-4.121225,2.608505376153913,-0.9547321152810078,8.319172,-3.770706,False,6,"[0.0217688, -0.0280232, 0.2810785]","[0.1159477, -0.0522595, 0.7929348]"
2956,2956,20,49.578899999999976,3.883798,-4.65679,2.3130655512267344,-1.4507350176650355,8.290948,-3.581346,False,6,"[0.0221868, -0.0262498, 0.2811359]","[0.1160774, -0.0498551, 0.7965624]"
2957,2957,20,49.59559999999999,4.37476,-4.01184,2.8134805809594403,-0.8794714538902682,8.325475,-3.123035,False,6,"[0.0208387, -0.0280829, 0.279705]","[0.1171928, -0.0436946, 0.8008344]"
2958,2958,20,49.61279999999999,4.546162,-4.132093,2.906345190366275,-1.0195085787534834,8.445087,-2.996558,False,6,"[0.0204838, -0.0264005, 0.2794954]","[0.119589, -0.0421643, 0.8054688]"
2959,2959,20,49.62940000000003,4.254911,-4.314303,2.6569640983978884,-1.1614525089113652,8.743228,-2.96471,False,6,"[0.0186041, -0.024998, 0.2791127]","[0.1245558, -0.0419443, 0.8098884]"
2960,2960,20,49.64639999999997,4.01766,-3.82123,2.605807894282526,-0.6466124017901853,8.80674,-3.363636,False,6,"[0.0193283, -0.0226588, 0.2792142]","[0.1261827, -0.0478689, 0.8144566]"
2961,2961,20,49.6635,4.870243,-4.367493,3.080027937519141,-1.2921776144931885,9.046144,-3.384168,False,6,"[0.0200938, -0.0200907, 0.2788308]","[0.1305025, -0.0484711, 0.8196875]"
2962,2962,20,49.679899999999975,4.711115,-4.457436,2.9460526908680897,-1.3602861037922853,9.165536,-3.400711,False,6,"[0.0188707, -0.0226418, 0.2779639]","[0.1332671, -0.0490816, 0.8259637]"
2963,2963,20,49.69680000000005,5.202947,-4.848932,3.2015229451394323,-1.807753316566191,9.768915,-3.553218,False,6,"[0.0213005, -0.0195274, 0.2784275]","[0.1431565, -0.0516305, 0.8314768]"
2964,2964,20,49.71370000000002,4.935856,-5.004459,2.975569449643185,-1.9265533833894386,9.507976,-3.932442,False,6,"[0.0220878, -0.0200687, 0.2777902]","[0.1403112, -0.0575887, 0.8377503]"
2965,2965,20,49.73149999999998,5.727029,-5.33197,3.4581381113592897,-2.3492996898955356,9.824888,-3.854219,False,6,"[0.0206517, -0.020941, 0.27758]","[0.1465059, -0.0569946, 0.8459876]"
2966,2966,20,49.747600000000034,6.437106,-5.33546,3.96005829326618,-2.4432588344612247,10.21041,-4.247355,False,6,"[0.0195263, -0.0185687, 0.2780077]","[0.1533483, -0.0632294, 0.8513861]"
2967,2967,20,49.76400000000001,6.823348,-5.617406,4.166724179723681,-2.7695983448902917,10.42349,-4.59805,False,6,"[0.0236782, -0.0212239, 0.2778905]","[0.1580294, -0.0690882, 0.8590509]"
2968,2968,20,49.780399999999986,6.73347,-5.639325,4.097895793260628,-2.779681623340063,10.52767,-4.691028,False,6,"[0.0228926, -0.0216548, 0.2777887]","[0.1607414, -0.0709756, 0.8649511]"
2969,2969,20,49.797300000000064,7.531452,-5.618639,4.667782184224698,-2.8610877664587138,10.75396,-4.716521,False,6,"[0.0253143, -0.0235833, 0.2779987]","[0.1656406, -0.0719549, 0.8721255]"
2970,2970,20,49.813600000000065,7.291545,-6.206716,4.358593205453596,-3.4084640216012723,10.98091,-4.644469,False,6,"[0.0239986, -0.0243338, 0.2778881]","[0.1703218, -0.0713111, 0.8777908]"
2971,2971,20,49.83100000000002,7.397704,-5.928918,4.499573152569599,-3.1489783798240127,11.18997,-4.639639,False,6,"[0.0279104, -0.0259735, 0.2782974]","[0.1750773, -0.0718231, 0.8850178]"
2972,2972,20,49.84789999999998,7.294063,-5.723585,4.4748421707349175,-2.9339635596462124,11.41372,-4.58001,False,6,"[0.0315689, -0.0261316, 0.2798067]","[0.1801466, -0.0714814, 0.8923248]"
2973,2973,20,49.864599999999996,7.783871,-5.627242,4.8444610205495575,-2.9017242158740615,11.51414,-4.596829,False,6,"[0.033531, -0.0275626, 0.280228]","[0.1829503, -0.072209, 0.8980954]"
2974,2974,20,49.88099999999997,7.589512,-5.395689,4.761712286329735,-2.649374537736409,11.36619,-4.425677,False,6,"[0.0330301, -0.0276247, 0.2797611]","[0.1816188, -0.0699263, 0.9034802]"
2975,2975,20,49.897699999999986,7.347383,-5.328215,4.606267007789041,-2.5521915212367814,11.10814,-4.442815,False,6,"[0.0370395, -0.0275614, 0.2801544]","[0.1785165, -0.0706443, 0.9092224]"
2976,2976,20,49.91770000000008,6.922828,-5.38641,4.291886677743904,-2.5552582222815783,10.8876,-4.170347,False,6,"[0.0354712, -0.0301486, 0.2772202]","[0.1760361, -0.0667325, 0.9152087]"
2977,2977,20,49.93190000000004,6.495698,-4.994496,4.0823256167866315,-2.115629189224819,10.55594,-3.916862,False,6,"[0.0361678, -0.0289289, 0.2785637]","[0.1718967, -0.0631587, 0.9224445]"
2978,2978,20,49.94780000000003,6.321661,-5.036151,3.9492352057551963,-2.1343794192031025,10.16119,-3.913641,False,6,"[0.0355204, -0.0278144, 0.2775085]","[0.1664457, -0.0635328, 0.928675]"
2979,2979,20,49.964500000000044,6.035838,-4.917338,3.7750173350972593,-1.9811697598678704,9.72576,-3.84161,False,6,"[0.0380665, -0.0274384, 0.2784752]","[0.1601742, -0.062753, 0.9345276]"
2980,2980,20,49.98110000000008,5.986784,-4.905406,3.743113235128368,-1.9631889870043775,9.509821,-3.686997,False,6,"[0.0369219, -0.026173, 0.2771039]","[0.1574579, -0.0605691, 0.9399415]"
2981,2981,20,49.997799999999984,5.813678,-4.728721,3.6624123578293153,-1.767473206364759,9.172213,-3.705412,False,6,"[0.0359355, -0.0259919, 0.2786915]","[0.1526164, -0.0612121, 0.9451865]"
2982,2982,20,50.01420000000007,5.695577,-4.665197,3.593845236338296,-1.6899848362252738,8.967438,-3.572108,False,6,"[0.0337604, -0.0262171, 0.2780518]","[0.149931, -0.0593122, 0.9501214]"
2983,2983,20,50.031799999999976,5.757024,-4.719915,3.6243866937689484,-1.7515957289463948,9.005515,-3.54993,False,6,"[0.0318388, -0.0244376, 0.2796318]","[0.1511165, -0.0591538, 0.9535182]"
2984,2984,20,50.04759999999999,5.641952,-4.642132,3.5613424820937256,-1.6604797769781632,8.900492,-3.451842,False,6,"[0.0309292, -0.0246031, 0.2791854]","[0.149912, -0.0577412, 0.9572642]"
2985,2985,20,50.06460000000004,5.589839,-4.767994,3.4946256086646534,-1.7775330461518415,8.780373,-3.60758,False,6,"[0.0296737, -0.0241447, 0.2806379]","[0.1482582, -0.060517, 0.9598644]"
2986,2986,20,50.08100000000002,5.493354,-4.671325,3.449215900957369,-1.6702256147613754,8.592845,-3.661283,False,6,"[0.0293943, -0.024056, 0.2802899]","[0.1455282, -0.0616257, 0.9630736]"
2987,2987,20,50.098299999999995,5.20519,-4.902017,3.1905338250491786,-1.8602112565994942,8.387342,-3.680895,False,6,"[0.0286568, -0.0232817, 0.2814526]","[0.1423529, -0.062112, 0.965488]"
2988,2988,20,50.11430000000007,4.925581,-4.797723,3.017275651069339,-1.7220631162645335,8.14859,-3.701731,False,6,"[0.0280415, -0.0229435, 0.2811588]","[0.1386668, -0.0626553, 0.9684356]"
2989,2989,20,50.131500000000074,5.035461,-4.861197,3.0800340057019233,-1.798454234252155,8.040493,-3.702821,False,6,"[0.0284462, -0.0232959, 0.2821519]","[0.1369994, -0.0627639, 0.9698273]"
2990,2990,20,50.147699999999986,4.936771,-4.484559,3.0993949856995804,-1.4157119525976443,7.801154,-3.652288,False,6,"[0.0278727, -0.0229093, 0.2821402]","[0.1332049, -0.0620612, 0.9722742]"
2991,2991,20,50.16470000000004,4.511895,-4.510029,2.792540777311652,-1.386575575656706,7.572445,-3.625347,False,6,"[0.0276529, -0.0235668, 0.2825417]","[0.1293767, -0.061661, 0.9732032]"
2992,2992,20,50.18079999999998,4.282014,-4.307579,2.6777465896909476,-1.1582995739217612,7.373203,-3.453573,False,6,"[0.0272011, -0.0231111, 0.2828385]","[0.1261784, -0.058846, 0.97509]"
2993,2993,20,50.197900000000004,4.228351,-4.433128,2.6100064466570343,-1.2748476138025602,7.208612,-3.349939,False,6,"[0.0258327, -0.0243205, 0.2835692]","[0.1231628, -0.0569981, 0.9737569]"
2994,2994,20,50.21429999999998,3.970843,-4.260923,2.4684860358139744,-1.0727741965837128,7.093451,-3.196021,False,6,"[0.0245284, -0.0238887, 0.284618]","[0.1212619, -0.0544127, 0.9744567]"
2995,2995,20,50.23130000000003,4.039354,-4.28447,2.5114141426650787,-1.104650812378675,7.022972,-3.049386,False,6,"[0.0250504, -0.0241792, 0.2843004]","[0.1198941, -0.0518462, 0.9732327]"
2996,2996,20,50.247799999999984,3.802481,-3.868473,2.4422642797493523,-0.6656092443134289,6.904386,-3.042227,False,6,"[0.0246917, -0.0224202, 0.2858601]","[0.1178021, -0.0517033, 0.9728395]"
2997,2997,20,50.26480000000004,3.958346,-3.812259,2.5659379960079653,-0.6302336334111969,6.851238,-2.992232,False,6,"[0.0225166, -0.0225072, 0.2853425]","[0.1167, -0.0507709, 0.9712868]"
2998,2998,20,50.28100000000006,3.77211,-3.716395,2.456792270465961,-0.5122748178959844,6.770162,-2.993442,False,6,"[0.0214833, -0.021612, 0.2869228]","[0.1151594, -0.0507269, 0.9700521]"
2999,2999,20,50.298,4.035087,-3.517636,2.690075755557266,-0.35046180875649924,6.875232,-2.954982,False,6,"[0.0211687, -0.0221979, 0.2863228]","[0.1166229, -0.0499281, 0.9672256]"
3000,3000,20,50.314500000000066,4.061717,-3.18176,2.7885079405311943,-0.0237577527025854,6.857063,-2.943479,False,6,"[0.0200208, -0.0214885, 0.2884192]","[0.1160438, -0.0496189, 0.9649974]"
3001,3001,20,50.331500000000005,4.439924,-3.877169,2.891524871784643,-0.7554245920176275,7.02312,-2.735253,False,6,"[0.0202701, -0.0215046, 0.2870429]","[0.1185624, -0.0459792, 0.9624022]"
3002,3002,20,50.34780000000001,4.220128,-3.452154,2.836602422828986,-0.30969730888665925,7.142591,-2.970227,False,6,"[0.0192191, -0.0195536, 0.2891678]","[0.1201644, -0.0497555, 0.9589257]"
3003,3003,20,50.364599999999996,4.33413,-4.316276,2.712585094537755,-1.173491367155055,7.363114,-3.234198,False,6,"[0.0199101, -0.0191731, 0.2877338]","[0.1234477, -0.0539821, 0.9553097]"
3004,3004,20,50.38099999999997,4.167361,-4.21328,2.61891210317907,-1.0510051046937123,7.562751,-3.55316,False,6,"[0.0191196, -0.0188364, 0.2899936]","[0.1262544, -0.0590481, 0.9509482]"
3005,3005,20,50.39830000000006,5.31234,-4.82429,3.284813444980516,-1.7974818790925156,7.705865,-3.758104,False,6,"[0.020367, -0.0177482, 0.2887214]","[0.1280706, -0.0621714, 0.946501]"
3006,3006,20,50.41470000000004,5.178293,-4.772508,3.2021742917418647,-1.7295005666413932,7.676198,-4.175841,False,6,"[0.0206857, -0.0161937, 0.29131]","[0.1269313, -0.0687586, 0.9417503]"
3007,3007,20,50.43140000000005,5.515699,-4.848681,3.4230163513085046,-1.8473800262072366,7.893395,-4.390964,False,6,"[0.0223531, -0.0195106, 0.2878824]","[0.1298354, -0.0719086, 0.9364662]"
3008,3008,20,50.447700000000054,5.139597,-4.698413,3.192331854342396,-1.6517465162352023,8.190247,-4.268757,False,6,"[0.0214145, -0.017507, 0.2902141]","[0.1344344, -0.0697184, 0.9340364]"
3009,3009,20,50.46490000000006,5.374656,-4.535645,3.397321707686714,-1.5217461642714367,8.23911,-4.213095,False,6,"[0.0218375, -0.0217472, 0.2881333]","[0.1346895, -0.0685221, 0.9301823]"
3010,3010,20,50.48110000000008,5.329877,-4.091616,3.470819291051318,-1.0796451841075223,8.698194,-3.828344,False,6,"[0.0210875, -0.0213207, 0.2894146]","[0.1417723, -0.0620106, 0.9266814]"
3011,3011,20,50.49800000000005,5.544947,-4.305798,3.572347416220971,-1.3175631189968975,8.881281,-3.549898,False,6,"[0.0267443, -0.0242751, 0.2876214]","[0.1441924, -0.0572454, 0.9227657]"
3012,3012,20,50.51430000000005,5.257506,-4.384603,3.350163179191509,-1.3583662870549347,9.007758,-3.056483,False,6,"[0.026205, -0.0241416, 0.289158]","[0.1458235, -0.0491186, 0.9198874]"
3013,3013,20,50.53129999999999,5.483844,-4.768221,3.419525495119638,-1.7642426224121168,9.17676,-3.100194,False,6,"[0.0277317, -0.0243609, 0.2871799]","[0.1480694, -0.0496424, 0.9165635]"
3014,3014,20,50.54790000000003,5.184704,-4.72353,3.218317542548325,-1.6821823052723817,9.300306,-3.075342,False,6,"[0.0259999, -0.0237575, 0.2890664]","[0.1495244, -0.0490555, 0.9130602]"
3015,3015,20,50.56490000000008,5.424273,-4.844616,3.359248232326458,-1.8317288534755907,9.514438,-3.365471,False,6,"[0.0270296, -0.0227908, 0.2872992]","[0.1524998, -0.0535074, 0.9098942]"
3016,3016,20,50.581300000000056,4.987304,-4.695704,3.085147553397297,-1.6296679628462103,9.470648,-3.86407,False,6,"[0.0270604, -0.0207489, 0.2900577]","[0.1511239, -0.0611895, 0.9059318]"
3017,3017,20,50.598100000000045,5.349571,-4.701541,3.340256049785302,-1.6815907318700845,9.132062,-4.20551,False,6,"[0.0279207, -0.0216542, 0.2876029]","[0.1453747, -0.0664998, 0.9043636]"
3018,3018,20,50.614700000000084,4.911701,-4.643142,3.0440725861075872,-1.5683712110285715,9.202038,-4.111739,False,6,"[0.026547, -0.0221204, 0.2884943]","[0.1460667, -0.064816, 0.9016396]"
3019,3019,20,50.63160000000005,5.567903,-4.467196,3.5503613265541576,-1.479111894448761,9.020411,-3.870611,False,6,"[0.0275325, -0.0239217, 0.286784]","[0.142954, -0.0609259, 0.9004996]"
3020,3020,20,50.648000000000025,5.128663,-4.262186,3.287943800519998,-1.221628315487588,8.909093,-3.720513,False,6,"[0.026127, -0.0237919, 0.2879388]","[0.1408779, -0.0584391, 0.8986942]"
3021,3021,20,50.664800000000014,5.160096,-4.432433,3.2698630205152712,-1.3929546444498744,8.643205,-3.613554,False,6,"[0.0271922, -0.0242716, 0.2863687]","[0.1365578, -0.0567336, 0.898364]"
3022,3022,20,50.68169999999998,4.710986,-4.25446,2.994051598589415,-1.1607847016211892,8.535375,-3.452125,False,6,"[0.0250925, -0.0236186, 0.2875424]","[0.1346044, -0.0541028, 0.8968706]"
3023,3023,20,50.69870000000003,4.79894,-4.220633,3.0643390709709366,-1.1387529376900476,8.352476,-3.301736,False,6,"[0.0267537, -0.0234972, 0.2857082]","[0.1316732, -0.0517385, 0.8968356]"
3024,3024,20,50.71500000000003,4.539027,-4.275165,2.8673960428084824,-1.1592101853237011,8.304049,-3.258387,False,6,"[0.0246692, -0.0233142, 0.2870644]","[0.1306494, -0.0509604, 0.8951262]"
3025,3025,20,50.732000000000085,4.304051,-4.233682,2.710857277265789,-1.0884830925326794,8.12911,-3.178977,False,6,"[0.0278442, -0.0223146, 0.2856242]","[0.1279017, -0.0497323, 0.8954228]"
3026,3026,20,50.74840000000006,3.994862,-4.273842,2.4824310680565365,-1.0885332303506692,7.907211,-3.204935,False,6,"[0.0257933, -0.0214178, 0.2873842]","[0.1241931, -0.0500699, 0.8941846]"
3027,3027,20,50.765100000000075,3.774015,-4.504327,2.271459660297392,-1.2868978145568377,7.7314,-3.161979,False,6,"[0.0257697, -0.02212, 0.2853628]","[0.1215199, -0.0494473, 0.8950861]"
3028,3028,20,50.781799999999976,3.422799,-4.514096,2.02047800369189,-1.2517215479288168,7.600612,-3.187809,False,6,"[0.0236192, -0.0213215, 0.2866133]","[0.119256, -0.0497754, 0.8937095]"
3029,3029,20,50.79860000000008,3.033713,-5.114185,1.6028217069191588,-1.7918840690798135,7.270601,-3.306813,False,6,"[0.0239784, -0.0210776, 0.285614]","[0.1140207, -0.0516376, 0.8937091]"
3030,3030,20,50.81479999999999,2.724089,-5.116646,1.3830193740585799,-1.754828144116991,7.067192,-3.370153,False,6,"[0.0227516, -0.0214239, 0.2865903]","[0.1106481, -0.0525579, 0.8925024]"
3031,3031,20,50.83170000000007,2.899572,-5.233057,1.4796836722674644,-1.8916096437183523,6.742027,-3.312472,False,6,"[0.0215118, -0.0211588, 0.2858269]","[0.1055109, -0.0516574, 0.8925208]"
3032,3032,20,50.84840000000008,2.329487,-5.194085,1.0852868976250825,-1.7806266311872587,6.534297,-3.260831,False,6,"[0.0200351, -0.0214393, 0.2868851]","[0.102119, -0.0507945, 0.8915416]"
3033,3033,20,50.86540000000002,2.600266,-5.280655,1.2564925477839568,-1.9002298570711948,6.250275,-3.226362,False,6,"[0.0188315, -0.0224894, 0.2854792]","[0.0976483, -0.0502586, 0.8915803]"
3034,3034,20,50.88160000000005,2.240087,-5.323002,0.9914463616931861,-1.8959285605630178,6.063433,-3.071226,False,6,"[0.0171248, -0.0226047, 0.286319]","[0.0946426, -0.0478047, 0.8909747]"
3035,3035,20,50.89840000000004,2.678871,-5.310574,1.3050576939407015,-1.939655783672408,5.823143,-2.853513,False,6,"[0.0150973, -0.0254947, 0.2848662]","[0.090863, -0.0444089, 0.8909497]"
3036,3036,20,50.91500000000008,2.143349,-5.213175,0.9489749946002297,-1.7756571820213543,5.700513,-2.604236,False,6,"[0.0135921, -0.0255787, 0.2856668]","[0.0888939, -0.0405043, 0.8905213]"
3037,3037,20,50.93180000000007,2.558953,-5.305806,1.2212832947226826,-1.9196811986486937,5.566338,-2.411596,False,6,"[0.014402, -0.0260426, 0.2843422]","[0.0868115, -0.0375145, 0.8907607]"
3038,3038,20,50.94820000000004,1.974379,-5.093314,0.8577394092357944,-1.636315375691904,5.520056,-2.268656,False,6,"[0.0116064, -0.0259357, 0.2853115]","[0.0860971, -0.0352935, 0.890884]"
3039,3039,20,50.96550000000002,2.327122,-4.858779,1.1630550629964895,-1.4507861396379456,5.629467,-2.05063,False,6,"[0.0128957, -0.0262451, 0.2839555]","[0.0877886, -0.0318892, 0.8906209]"
3040,3040,20,50.982000000000085,2.024261,-4.763262,0.9712545651405349,-1.3182995960101094,5.676535,-1.798248,False,6,"[0.0111391, -0.0265321, 0.2847638]","[0.0885695, -0.0279749, 0.8910445]"
3041,3041,20,50.99919999999997,2.455246,-3.977103,1.462660868851484,-0.6006091371325049,5.640408,-1.404775,False,6,"[0.0132414, -0.0263058, 0.2830003]","[0.088097, -0.0218745, 0.8920044]"
3042,3042,20,51.01490000000001,2.359675,-5.061923,1.1379731162115079,-1.6545864544524411,5.719251,-1.301905,False,6,"[0.010621, -0.0258925, 0.2837881]","[0.0894761, -0.0203037, 0.893397]"
3043,3043,20,51.0317,2.291685,-9.038601,0.14765755920984702,-5.554200208210788,5.718109,-1.122735,False,6,"[0.0125996, -0.0261819, 0.2819214]","[0.0896795, -0.0175521, 0.8956089]"
3044,3044,20,51.048400000000015,2.240858,-9.052248,0.10843782005658964,-5.561132451156198,5.845375,-0.9952085,False,6,"[0.0097498, -0.025208, 0.2828225]","[0.0919446, -0.0156013, 0.8981032]"
3045,3045,20,51.06529999999998,5.038543,16.95765,8.251662909662091,19.644731027538093,5.909923,-1.008693,False,6,"[0.0114235, -0.0238953, 0.2811022]","[0.0933054, -0.0158703, 0.9013708]"
3046,3046,20,51.081999999999994,2.770131,-4.101199,1.6562034698522323,-0.7627161064508394,5.999535,-1.183539,False,6,"[0.0099674, -0.0234985, 0.282005]","[0.0950544, -0.0186856, 0.904453]"
3047,3047,20,51.099000000000046,3.25691,-4.123765,1.995505129615068,-0.8469544381820411,5.801151,-1.454299,False,6,"[0.0120626, -0.019559, 0.2813216]","[0.0922481, -0.0230517, 0.9079841]"
3048,3048,20,51.11520000000007,2.990028,-4.305403,1.7635132414261963,-0.9914430600254622,5.301685,-1.797559,False,6,"[0.0115315, -0.0247877, 0.2798408]","[0.0846359, -0.0286236, 0.9120556]"
3049,3049,20,51.13210000000004,4.060173,-3.304677,2.7582925582727715,-0.14436381911709262,6.316272,-1.46311,True,6,"[0.0111333, -0.0442549, 0.2782014]","[0.1014019, -0.0233987, 0.9161012]"
3050,3050,20,51.14840000000004,3.882813,-3.545492,2.575663271253273,-0.35842498123445,6.43039,-2.034511,True,6,"[0.0109253, -0.0444825, 0.2792036]","[0.1036207, -0.0326605, 0.9193969]"
3051,3051,20,51.16579999999999,4.408867,-3.897294,2.8647678366420015,-0.7712439356886556,6.833809,-1.780853,True,6,"[0.0256244, 0.0886214, 0.2906357]","[0.1106759, -0.0287139, 0.9235206]"
3052,3052,20,51.18220000000008,4.239201,-4.370109,2.6326192623590607,-1.2142957849442517,7.10253,-1.981658,True,6,"[0.0136262, -0.0201925, 0.2816176]","[0.115445, -0.0320576, 0.9265141]"
3053,3053,20,51.198800000000006,5.1376,-4.152435,3.3202741928185917,-1.1149043518439914,7.052613,-1.916716,True,6,"[0.0159913, -0.0202607, 0.2810166]","[0.1152272, -0.031169, 0.9313786]"
3054,3054,20,51.21519999999998,5.100198,-4.438462,3.226025753608423,-1.3912434312757052,7.473109,-1.995749,True,6,"[0.014754, -0.0212653, 0.2824637]","[0.1225434, -0.0325535, 0.9341976]"
3055,3055,20,51.232000000000085,5.508384,-4.085184,3.5987293051429683,-1.0960820327757235,7.579756,-2.194947,False,6,"[0.0199964, -0.0162664, 0.2817104]","[0.1247388, -0.0359285, 0.9374005]"
3056,3056,20,51.24860000000001,5.314219,-4.151969,3.4454339705236676,-1.1369638845279741,7.633997,-2.318594,False,6,"[0.0192221, -0.0175477, 0.2832111]","[0.1259886, -0.0380593, 0.9399859]"
3057,3057,20,51.26560000000006,5.512772,-3.881075,3.650194765494503,-0.8960429989823373,7.564883,-2.355516,False,6,"[0.0217483, -0.0192164, 0.2820733]","[0.1252725, -0.0388017, 0.9432838]"
3058,3058,20,51.28710000000001,5.421709,-3.699735,3.628684670097128,-0.7062121110603679,7.450139,-2.344791,False,6,"[0.0209223, -0.0215709, 0.2822637]","[0.1236992, -0.0387339, 0.945949]"
3059,3059,20,51.29870000000005,5.562184,-3.622132,3.746529599605659,-0.6478532732999716,7.030763,-2.30638,False,6,"[0.0253797, -0.0204938, 0.2822811]","[0.1170861, -0.0382368, 0.9493756]"
3060,3060,20,51.315200000000004,5.185202,-3.667985,3.4687559311526925,-0.6448554271978351,6.581134,-2.36895,False,6,"[0.0252319, -0.021944, 0.2827069]","[0.1098858, -0.0394029, 0.9524618]"
3061,3061,20,51.33210000000008,5.448935,-3.720654,3.6430049089228893,-0.7302424174534572,6.00594,-2.391995,False,6,"[0.0272413, -0.0201749, 0.2824788]","[0.1004648, -0.0398888, 0.9549063]"
3062,3062,20,51.34870000000001,5.097368,-3.826314,3.3690556905702613,-0.7892631434251998,5.443526,-2.41485,False,6,"[0.026302, -0.0205266, 0.2827642]","[0.0912482, -0.0403815, 0.9575407]"
3063,3063,20,51.36559999999997,5.332269,-3.81165,3.5388440251415,-0.8047993631846841,4.824099,-2.55041,False,6,"[0.0272946, -0.0191858, 0.282804]","[0.0809731, -0.042736, 0.9594427]"
3064,3064,20,51.38200000000006,5.209924,-3.960313,3.4169995115943634,-0.9353074497803133,4.459399,-2.771799,False,6,"[0.0268816, -0.0183145, 0.2832319]","[0.074908, -0.0465023, 0.960498]"
3065,3065,20,51.39880000000005,5.448432,-3.942034,3.5901981524525963,-0.9477507088075745,3.965568,-2.933718,False,6,"[0.0275782, -0.0179265, 0.2831882]","[0.0666641, -0.0492822, 0.961645]"
3066,3066,20,51.41539999999998,5.181893,-4.076823,3.369548849004491,-1.0462398302408973,3.776251,-2.887682,False,6,"[0.0257295, -0.018176, 0.2835307]","[0.0635074, -0.0485346, 0.96218]"
3067,3067,20,51.432500000000005,-0.1388324,-4.860456,-0.5832815144443355,-1.1380447226710961,3.239708,-2.93566,False,6,"[0.0270619, -0.0184487, 0.2836989]","[0.0544939, -0.0493702, 0.9627233]"
3068,3068,20,51.44870000000003,-0.9794441,-4.476527,-1.087486771395005,-0.6535477249925323,3.064597,-2.742543,False,6,"[0.0253107, -0.0189774, 0.2837475]","[0.051542, -0.0461168, 0.9627118]"
3069,3069,20,51.46590000000003,-0.7612929,-4.404446,-0.915954024889226,-0.6105190104445688,2.663265,-2.767,False,6,"[0.0265367, -0.0189423, 0.2843155]","[0.0447814, -0.0465283, 0.9627041]"
3070,3070,20,51.482200000000034,-1.242528,-4.761859,-1.341357316940834,-0.9004311105804428,2.290782,-2.720116,False,6,"[0.0258953, -0.0196613, 0.2839964]","[0.0384705, -0.0456905, 0.9616895]"
3071,3071,20,51.49959999999999,-1.284991,-4.669177,-1.3494631178449206,-0.8039294809485664,1.831463,-2.599264,False,6,"[0.0271436, -0.0196106, 0.2845814]","[0.0307291, -0.0436267, 0.9610071]"
3072,3072,20,51.51580000000001,-1.979268,-4.312651,-1.7565533000356104,-0.3650206813814192,1.537234,-2.540056,False,6,"[0.025785, -0.0202651, 0.2843249]","[0.025749, -0.0425641, 0.959486]"
3073,3073,20,51.53290000000004,-1.834337,-4.392479,-1.6728529023521883,-0.4619532458144615,1.281644,-2.542207,False,6,"[-0.0006921, -0.0242894, 0.2856394]","[0.0214175, -0.0425036, 0.9573091]"
3074,3074,20,51.54989999999998,-2.044909,-4.234476,-1.7845066160840979,-0.2798215309021068,1.199595,-2.491481,False,6,"[-0.0048735, -0.0223176, 0.2850643]","[0.020001, -0.0415608, 0.9551587]"
3075,3075,20,51.566599999999994,-1.969746,-4.297586,-1.7462422694240702,-0.3514287680450514,0.9060243,-2.51847,False,6,"[-0.0037987, -0.0220193, 0.2858761]","[0.0150625, -0.0418927, 0.9524539]"
3076,3076,20,51.58350000000007,-1.892415,-4.735026,-1.7951313582674842,-0.7912041954773636,0.8172758,-2.415905,False,6,"[-0.0061751, -0.0237162, 0.2847011]","[0.0135545, -0.0400889, 0.9501877]"
3077,3077,20,51.6001,-2.145714,-4.561999,-1.933476969827971,-0.5888595301047603,0.7549145,-2.443162,False,6,"[-0.0064138, -0.0233531, 0.2859323]","[0.0124849, -0.0404275, 0.9475105]"
3078,3078,20,51.61660000000006,-2.35452,-4.267646,-2.011575497718189,-0.2729480901553236,0.7726696,-2.495728,False,6,"[-0.0098465, -0.0214867, 0.284923]","[0.0127369, -0.0411637, 0.9444191]"
3079,3079,20,51.63330000000008,-2.084792,-4.395994,-1.8510122582977973,-0.43347676971019844,0.7511633,-2.650956,False,6,"[-0.0091709, -0.0219962, 0.2863571]","[0.0123412, -0.0435823, 0.941282]"
3080,3080,20,51.64960000000008,-2.125745,-3.797717,-1.7382604755623365,0.15973146887477485,0.8455977,-2.654954,False,6,"[-0.0101849, -0.0211199, 0.2852477]","[0.0138408, -0.0434844, 0.9377527]"
3081,3081,20,51.666900000000055,-1.731424,-4.18486,-1.5507983930896128,-0.2710257354600123,0.8982514,-2.733613,False,6,"[-0.0098688, -0.0215637, 0.2869501]","[0.0146377, -0.0445765, 0.9336029]"
3082,3082,20,51.68310000000008,-1.288903,-4.297444,-1.2641597613178575,-0.43809127795791003,1.109803,-2.628192,False,6,"[-0.0095162, -0.0238561, 0.2880113]","[0.0180064, -0.0426666, 0.9294994]"
3083,3083,20,51.69979999999998,-1.413518,-3.702698,-1.2114787365200352,0.1623129309597724,1.217121,-2.559834,False,6,"[-0.010751, -0.0228953, 0.2869422]","[0.0196639, -0.0413782, 0.925536]"
3084,3084,20,51.71670000000006,-1.16733,-3.296889,-0.9410266823237503,0.5297552898380138,1.456605,-2.559205,False,6,"[-0.0117577, -0.0213387, 0.2859553]","[0.0234135, -0.0411552, 0.9207753]"
3085,3085,20,51.73320000000001,-1.509638,-3.63139,-1.2626386918496078,0.24464901909877135,1.590564,-2.694172,False,6,"[-0.0104802, -0.0221323, 0.2878977]","[0.0254222, -0.043082, 0.9155301]"
3086,3086,20,51.749900000000025,-1.345127,-3.396737,-1.0905666601869624,0.45429230858723013,1.832707,-3.025501,False,6,"[-0.0106643, -0.0190713, 0.2873054]","[0.0291196, -0.0481001, 0.9100536]"
3087,3087,20,51.766700000000014,-1.56138,-4.012012,-1.3894520960120413,-0.12282985697776061,1.813407,-3.276252,False,6,"[-0.0087277, -0.021126, 0.2887255]","[0.0286075, -0.0517237, 0.9035693]"
3088,3088,20,51.78370000000007,-1.40409,-4.390399,-1.3677376245402892,-0.5147620910054957,1.882276,-3.189581,False,6,"[-0.0064791, -0.0216394, 0.2879671]","[0.0295179, -0.0500528, 0.8981911]"
3089,3089,20,51.80029999999999,-1.616549,-4.229024,-1.4799284539431348,-0.3290757946269265,1.62183,-3.584722,False,6,"[-0.0071207, -0.0186747, 0.2885713]","[0.0252804, -0.0559352, 0.8928633]"
3090,3090,20,51.81690000000003,-0.7463202,-5.101116,-1.0704121545092962,-1.2971156770759356,1.397926,-3.999338,False,6,"[-0.005855, -0.0165523, 0.2873402]","[0.0216596, -0.0620547, 0.8875706]"
3091,3091,20,51.83360000000005,-0.7916511,-5.012011,-1.081395962672488,-1.2037638911213122,1.296846,-3.938667,False,6,"[-0.0075964, -0.0182933, 0.2882437]","[0.0199835, -0.0607776, 0.8827389]"
3092,3092,20,51.85080000000005,-1.004015,-4.514871,-1.1139680835481027,-0.6880996408545998,1.227245,-4.645133,False,6,"[-0.0067144, -0.0169721, 0.2859473]","[0.0187986, -0.0712983, 0.8775076]"
3093,3093,20,51.867000000000075,-0.943401,-4.074317,-0.966673712411251,-0.2628506624244844,1.170228,-4.412353,False,6,"[-0.0078139, -0.0201058, 0.2866632]","[0.017845, -0.0674086, 0.8735905]"
3094,3094,20,51.883699999999976,-0.9357433,-4.578382,-1.0806779061853402,-0.7592223951378063,1.354531,-4.201376,False,6,"[-0.0069989, -0.0219233, 0.285544]","[0.0205996, -0.0639971, 0.8711888]"
3095,3095,20,51.90039999999999,-1.173155,-4.645947,-1.2647774700370844,-0.795357221139259,1.183312,-3.982119,False,6,"[-0.0080533, -0.0211009, 0.2853602]","[0.0179471, -0.060485, 0.8688724]"
3096,3096,20,51.91700000000003,-1.29308,-4.916115,-1.4136962446903683,-1.0455890380288109,1.187494,-3.487419,False,6,"[-0.0037025, -0.0253722, 0.2842269]","[0.0179448, -0.0527577, 0.8656997]"
3097,3097,20,51.93430000000001,-1.325942,-5.24819,-1.5156402408997494,-1.3677629381711878,1.215965,-3.682131,False,6,"[-0.0039338, -0.0249674, 0.284691]","[0.0183376, -0.0555972, 0.8639282]"
3098,3098,20,51.95080000000007,-1.451081,-5.823546,-1.740557516853789,-1.9172689927840656,1.273911,-4.191706,False,6,"[-0.0049957, -0.0225089, 0.2850564]","[0.0191339, -0.0630607, 0.8604281]"
3099,3099,20,51.96710000000007,-1.565936,-5.798688,-1.815987384268622,-1.8781954338496982,1.253316,-4.867171,False,6,"[-0.004707, -0.0203607, 0.2858432]","[0.0187323, -0.0729093, 0.8562149]"
3100,3100,20,51.983799999999974,-1.438643,-6.092463,-1.795464556447969,-2.1831465557822023,1.179441,-5.315109,False,6,"[-0.0046685, -0.0228888, 0.28583]","[0.0175568, -0.0793355, 0.8527653]"
3101,3101,20,52.00040000000001,-1.680441,-6.130081,-1.9755744825642925,-2.1892902307358417,1.333483,-5.293385,False,6,"[-0.0058458, -0.0231983, 0.2854638]","[0.019781, -0.0787326, 0.849778]"
3102,3102,20,52.017400000000066,-1.326336,-6.024996,-1.6999645477108989,-2.1311581899836582,1.484327,-5.483873,False,6,"[-0.0064169, -0.0244522, 0.2842833]","[0.0219441, -0.0813031, 0.8468629]"
3103,3103,20,52.03359999999998,-1.642987,-5.894526,-1.8932473431304633,-1.9625616980233351,1.547531,-5.475181,False,6,"[-0.0066042, -0.0262087, 0.2853266]","[0.0227959, -0.0808789, 0.8437908]"
3104,3104,20,52.050500000000056,-1.52905,-5.853009,-1.802741488950982,-1.9362848225301112,1.851202,-5.325538,False,6,"[-0.0072245, -0.0290878, 0.2851979]","[0.0272049, -0.0784618, 0.8417135]"
3105,3105,20,52.06770000000006,-1.653482,-5.739715,-1.863999275404625,-1.8090753092038367,1.983128,-5.077112,False,6,"[-0.0077796, -0.0288994, 0.284574]","[0.0290801, -0.0746152, 0.8398355]"
3106,3106,20,52.084100000000035,-1.364227,-5.802915,-1.6741753361532181,-1.9080660256915651,2.1747,-4.793458,False,6,"[-0.0071229, -0.0302723, 0.2836185]","[0.0317974, -0.0702179, 0.8373496]"
3107,3107,20,52.10080000000005,-1.466704,-6.019764,-1.7981079744344468,-2.1081203730764244,2.374784,-4.685256,False,6,"[-0.0083246, -0.0304748, 0.2837503]","[0.0346775, -0.0685295, 0.8361751]"
3108,3108,20,52.11760000000004,-1.55846,-6.122206,-1.887343990605424,-2.197102282551291,2.750827,-4.500578,False,6,"[-0.0065963, -0.0300697, 0.2848986]","[0.0401079, -0.0657045, 0.8347476]"
3109,3109,20,52.13440000000003,-1.430119,-6.182693,-1.8108072248044849,-2.272911405511831,2.834823,-4.518307,False,6,"[-0.0081459, -0.0293205, 0.2839941]","[0.0412105, -0.0657664, 0.8322421]"
3110,3110,20,52.15050000000008,-1.501161,-6.27825,-1.8837461294371138,-2.3577676023968053,3.00389,-4.609625,False,6,"[-0.0075927, -0.0291586, 0.2844429]","[0.0435335, -0.0668875, 0.8295904]"
3111,3111,20,52.16759999999999,-1.418798,-6.36429,-1.8458167632139455,-2.4528284024195806,3.195367,-4.71436,False,6,"[-0.0082014, -0.0285572, 0.2841134]","[0.0462317, -0.0682925, 0.8281157]"
3112,3112,20,52.18380000000002,-1.608549,-6.32548,-1.970968732827445,-2.3904941637264665,3.324532,-4.829847,False,6,"[-0.0067697, -0.0288892, 0.2842654]","[0.0480133, -0.0698405, 0.8265439]"
3113,3113,20,52.20100000000002,-1.74571,-6.303928,-2.0629749186119435,-2.3518259063238505,3.308393,-4.918922,False,6,"[-0.0072616, -0.0299071, 0.2836055]","[0.0476745, -0.0709781, 0.8247235]"
3114,3114,20,52.2174,-1.002831,-6.206524,-1.5139259544669996,-2.3508083507780055,3.43231,-4.855611,False,6,"[-0.0077316, -0.0304812, 0.2841771]","[0.0494119, -0.0699859, 0.8238496]"
3115,3115,20,52.2337,-1.193753,-6.395774,-1.6939403003865126,-2.5124623474545364,3.3093,-4.74498,False,6,"[-0.0070789, -0.0307167, 0.2835494]","[0.0475332, -0.0682348, 0.822053]"
3116,3116,20,52.25120000000004,-1.46703,-6.425596,-1.89449084109736,-2.506930785978807,3.241465,-4.580599,False,6,"[-0.0074353, -0.0312142, 0.2837221]","[0.0465048, -0.0657873, 0.8211371]"
3117,3117,20,52.267900000000054,-1.243546,-6.464136,-1.7453913419558322,-2.5733003576962146,3.239919,-4.434361,False,6,"[-0.0070084, -0.031561, 0.2829645]","[0.0464492, -0.0636327, 0.8205472]"
3118,3118,20,52.28430000000003,-1.362849,-6.499782,-1.8383054277687103,-2.5931230879331224,3.184647,-4.34857,False,6,"[-0.0079452, -0.031363, 0.2829286]","[0.0456648, -0.06241, 0.82072]"
3119,3119,20,52.30090000000007,-1.373167,-6.027264,-1.7336590701491739,-2.1274166019371172,3.253463,-4.292484,False,6,"[-0.0086082, -0.0312014, 0.2824409]","[0.0466446, -0.06159, 0.8205607]"
3120,3120,20,52.31740000000002,-1.281229,-5.750865,-1.6030793012434827,-1.867492833947363,3.480381,-4.244678,False,6,"[-0.0049195, -0.0305632, 0.2810412]","[0.0499293, -0.0609304, 0.8209496]"
3121,3121,20,52.334299999999985,-0.8559771,-4.959973,-1.114610763956199,-1.1444198546842284,3.792728,-4.108907,False,6,"[-0.0058624, -0.0315354, 0.2813314]","[0.0544982, -0.0590565, 0.8220883]"
3122,3122,20,52.350900000000024,0.08903946,-5.040963,-0.4647109715793005,-1.344498979187068,4.088433,-3.944457,False,6,"[-0.0071847, -0.0315946, 0.2805407]","[0.0588623, -0.0567828, 0.8235026]"
3123,3123,20,52.36800000000005,-0.2341115,-4.509524,-0.5675959704773585,-0.7810011785362523,4.275383,-3.793702,False,6,"[-0.0060796, -0.0317326, 0.2800723]","[0.061672, -0.0547022, 0.8249522]"
3124,3124,20,52.384000000000015,0.2804547,-4.540347,-0.2105767784736574,-0.876897142683033,4.697846,-3.438779,False,6,"[-0.0066407, -0.0318018, 0.2791303]","[0.0680307, -0.0497459, 0.8278543]"
3125,3125,20,52.40070000000003,0.3833017,-4.871503,-0.2162186718990884,-1.2154696671562855,4.929282,-3.432509,False,6,"[-0.006694, -0.0294853, 0.2792552]","[0.071638, -0.0498217, 0.8306327]"
3126,3126,20,52.41730000000007,0.2606864,-4.463772,-0.20643049422259685,-0.7991188777449318,5.288409,-3.311676,False,6,"[-0.006213, -0.0279768, 0.2777958]","[0.0772122, -0.0482677, 0.8341566]"
3127,3127,20,52.43410000000006,0.43255,-4.481131,-0.0888608252553238,-0.83809055729858,5.603186,-3.632984,False,6,"[-0.0041713, -0.0242295, 0.2791906]","[0.0821347, -0.0531557, 0.8371949]"
3128,3128,20,52.450500000000034,0.3501233,-4.367924,-0.12039873022348724,-0.7163218893065935,5.380826,-3.75691,False,6,"[0.0004323, -0.0245395, 0.2781971]","[0.079327, -0.0553027, 0.8422003]"
3129,3129,20,52.467899999999986,0.3932112,-4.628601,-0.1516528312579607,-0.9780087929886063,5.916787,-3.520143,False,6,"[-0.001136, -0.021927, 0.2780174]","[0.0877584, -0.052091, 0.8467942]"
3130,3130,20,52.48440000000005,0.8375815,-4.691778,0.1480009283297834,-1.0967528721456299,5.572557,-4.236111,False,6,"[0.0013624, -0.0221022, 0.2783288]","[0.083031, -0.0630338, 0.851013]"
3131,3131,20,52.50080000000003,0.5821107,-4.968845,-0.09852121663955282,-1.3364840196163188,5.900005,-3.801942,False,6,"[0.0018591, -0.0236844, 0.277891]","[0.088504, -0.0569135, 0.8564344]"
3132,3132,20,52.517600000000016,0.7726442,-5.316038,-0.04587909824184866,-1.7019970503406485,6.112978,-4.09964,False,6,"[0.001269, -0.0217737, 0.2789153]","[0.0922354, -0.0617277, 0.8612218]"
3133,3133,20,52.53480000000002,0.3845544,-5.385665,-0.3371499581027422,-1.720948152018301,6.054768,-4.352375,False,6,"[0.0021064, -0.0218664, 0.2790141]","[0.0916423, -0.0657568, 0.8639734]"
3134,3134,20,52.55090000000007,0.5955774,-4.903816,-0.07357951037120747,-1.2742903697817871,6.349737,-4.509122,False,6,"[0.0017112, -0.0213896, 0.280032]","[0.0965778, -0.0684429, 0.8678831]"
3135,3135,20,52.568700000000035,1.227256,-5.002088,0.3503769232818016,-1.4514061581938336,6.393233,-4.793436,False,6,"[0.0019222, -0.0226753, 0.2800784]","[0.0973805, -0.0728795, 0.8690932]"
3136,3136,20,52.584299999999985,1.51518,-4.851558,0.589896632599306,-1.340173188299306,6.737424,-5.044925,False,6,"[0.0041363, -0.02322, 0.2829271]","[0.1029577, -0.0769371, 0.8715242]"
3137,3137,20,52.60140000000001,1.282981,-4.695029,0.46258139246856844,-1.1567328511287283,6.790251,-5.159696,False,6,"[0.0028573, -0.0244504, 0.2812303]","[0.1038061, -0.0787223, 0.871806]"
3138,3138,20,52.61770000000001,5.144622,-5.317355,3.0492463425566,-2.2606837971114535,6.760267,-4.965572,False,6,"[0.0038015, -0.0262291, 0.2818834]","[0.1036239, -0.0759508, 0.8741716]"
3139,3139,20,52.63760000000002,5.26958,-5.435833,3.1096483231843624,-2.3930552101039257,6.620282,-4.78857,False,6,"[0.0018931, -0.0265906, 0.2820526]","[0.1015126, -0.0732695, 0.8746359]"
3140,3140,20,52.655899999999974,4.69556,-5.687164,2.643685241682313,-2.56688050914482,6.483442,-4.638966,False,6,"[0.0029608, -0.0244371, 0.2848232]","[0.099582, -0.071103, 0.8762714]"
3141,3141,20,52.668300000000045,4.592599,-5.539033,2.6058830848294106,-2.4081705494295953,6.276088,-4.809026,False,6,"[0.0060529, -0.0247296, 0.282542]","[0.0963638, -0.073716, 0.8762052]"
3142,3142,20,52.68430000000001,3.099083,-5.910431,1.4604536365341656,-2.5827693535433474,6.101604,-5.012091,False,6,"[0.0075112, -0.0241025, 0.2839643]","[0.0937372, -0.0769043, 0.8768888]"
3143,3143,20,52.7011,2.962486,-5.818403,1.3855443522001076,-2.4749091392393385,5.885766,-5.175508,False,6,"[0.0063479, -0.0232783, 0.2834407]","[0.0903259, -0.0793624, 0.876195]"
3144,3144,20,52.71749999999997,2.430581,-5.643608,1.0503596584353956,-2.235306833033996,5.726599,-5.223759,False,6,"[0.0253946, -0.026252, 0.2820594]","[0.0878524, -0.0800933, 0.8760525]"
3145,3145,20,52.734800000000064,2.539592,-5.437928,1.1762722603229512,-2.0470624197459495,5.514449,-5.047095,False,6,"[0.0261172, -0.0269461, 0.2831698]","[0.0846052, -0.0773959, 0.8763424]"
3146,3146,20,52.751100000000065,2.050511,-5.300821,0.8624784567934427,-1.8499596258850675,5.299673,-4.902077,False,6,"[0.0232644, -0.0282069, 0.2832386]","[0.0812696, -0.0751415, 0.8761143]"
3147,3147,20,52.767600000000016,2.014056,-5.339938,0.8273998484117409,-1.8837561184580736,5.160823,-4.610423,False,6,"[0.0227473, -0.0274619, 0.2831801]","[0.0791733, -0.0706908, 0.8766089]"
3148,3148,20,52.78449999999998,1.865377,-5.474058,0.690356009175209,-1.9966139588551153,4.996571,-4.430651,False,6,"[0.0153033, -0.0292611, 0.2826509]","[0.0765504, -0.0678433, 0.875579]"
3149,3149,20,52.80150000000003,1.78162,-5.45989,0.634411338493855,-1.9720112871176925,4.951416,-4.278185,False,6,"[0.0146751, -0.028896, 0.2835695]","[0.0758829, -0.0655239, 0.8758997]"
3150,3150,20,52.81770000000006,1.660581,-5.42885,0.5560677649131274,-1.926073643413786,4.927804,-4.201746,False,6,"[0.0121413, -0.0282656, 0.2860326]","[0.0753709, -0.0642225, 0.8741791]"
3151,3151,20,52.83450000000005,1.75107,-5.547583,0.5920046689047063,-2.054301147224968,4.905632,-4.269162,False,6,"[0.0126009, -0.0270455, 0.2841037]","[0.0750046, -0.0652345, 0.8738821]"
3152,3152,20,52.851099999999974,1.620856,-5.725062,0.45776151187687875,-2.212126383991145,4.872738,-4.351785,False,6,"[0.0101616, -0.026333, 0.2838165]","[0.0742884, -0.0663136, 0.8714084]"
3153,3153,20,52.8682,1.78812,-5.754345,0.5692494801359416,-2.2622305667209863,4.836266,-4.320782,False,6,"[0.0100185, -0.0266286, 0.284888]","[0.0736384, -0.0657578, 0.870329]"
3154,3154,20,52.884900000000016,1.306675,-5.592732,0.26666820197035224,-2.0420167880769355,4.785506,-4.356387,False,6,"[0.0092472, -0.0272097, 0.2839307]","[0.0726497, -0.0661087, 0.8677947]"
3155,3155,20,52.90179999999998,1.416414,-5.565331,0.3508573540776454,-2.0290779157090846,4.767378,-4.304755,False,6,"[0.0088696, -0.0272552, 0.2851487]","[0.0722383, -0.0652005, 0.8661767]"
3156,3156,20,52.91750000000002,1.1448,-5.490301,0.1763263859664258,-1.9207097540903497,4.747553,-4.177846,False,6,"[0.0082629, -0.0270869, 0.2850172]","[0.0717132, -0.0630749, 0.8634879]"
3157,3157,20,52.936199999999985,1.279918,-5.58975,0.24843028616184337,-2.035674771681612,4.68947,-4.070816,False,6,"[0.0087269, -0.027726, 0.2854599]","[0.0706663, -0.0613098, 0.8614689]"
3158,3158,20,52.9511,1.504822,-4.964864,0.5557178761540091,-1.450209842247168,4.653641,-3.862823,False,6,"[0.0080785, -0.0286219, 0.285491]","[0.069874, -0.0579602, 0.8583989]"
3159,3159,20,52.96760000000006,2.642344,-1.981157,2.0680205686845405,1.3371544898623382,4.669303,-3.688561,False,6,"[0.0089185, -0.0287881, 0.2856779]","[0.0699162, -0.0551849, 0.8560225]"
3160,3160,20,52.984500000000025,2.753956,-2.028042,2.135935571242289,1.276846236528491,4.68983,-3.598661,False,6,"[0.006529, -0.0280291, 0.286237]","[0.06991, -0.0535949, 0.8521841]"
3161,3161,20,53.001100000000065,3.293068,-4.083319,2.030688331081156,-0.8118139383355105,4.94169,-3.576964,False,6,"[0.0070809, -0.0279043, 0.2863745]","[0.0733771, -0.05305, 0.8486509]"
3162,3162,20,53.01769999999999,3.439331,-4.143323,2.1200286244441866,-0.8894332810185892,5.13697,-3.374507,False,6,"[0.0057284, -0.0275532, 0.2866596]","[0.0758917, -0.0497776, 0.8441973]"
3163,3163,20,53.03449999999998,-6.850447,-2.578211,-4.794500529226407,1.9606247526728304,5.440042,-3.27922,False,6,"[0.0064042, -0.0280532, 0.2866368]","[0.0800573, -0.0481655, 0.8406469]"
3164,3164,99,53.067800000000034,-6.943766,-2.665717,-4.8813044539198405,1.886521224582185,6.266129,-3.36462,False,6,"[0.0075423, -0.0249412, 0.2871065]","[0.0912433, -0.0488541, 0.8309747]"
3165,3165,99,53.08450000000005,1.514329,-0.0127695,1.7357277270782148,3.4155000517862257,6.930511,-3.534853,False,6,"[0.0133475, -0.0100045, 0.2892185]","[0.1002413, -0.0509424, 0.8246674]"
3166,3166,99,53.10120000000006,1.395477,-0.1170324,1.6268758464059478,3.328183085009257,7.612504,-3.964913,False,6,"[0.0139034, -0.010235, 0.2890365]","[0.1094202, -0.0567455, 0.8187029]"
3167,3167,99,53.11770000000001,6.872036,-5.290833,4.278569697846886,-2.454849503353878,8.332357,-3.746593,False,6,"[0.0166119, -0.0206106, 0.2887112]","[0.1189288, -0.0531739, 0.8120167]"
3168,3168,99,53.13499999999999,6.843187,-5.5328,4.2008158823994135,-2.6889768232431246,9.152757,-3.974844,False,6,"[0.0173292, -0.0208876, 0.2883395]","[0.1298603, -0.0560048, 0.8059919]"
3169,3169,99,53.15100000000007,7.637293,-5.425988,4.788363464485385,-2.685244113754883,9.823054,-4.139144,True,6,"[-0.0346474, -0.0129863, 0.2884015]","[0.1383939, -0.0578433, 0.7992976]"
3170,3170,99,53.16770000000008,8.005009,-6.031007,4.90536830148767,-3.3267380783716165,10.52905,-4.131787,True,6,"[-0.0351557, -0.0134399, 0.2886619]","[0.1474319, -0.0573015, 0.7932265]"
3171,3171,99,53.18470000000002,8.723901,-5.92355,5.439815860741877,-3.3127822756220047,11.37078,-4.155218,True,6,"[0.0076234, -6.43e-05, 0.2883689]","[0.1580977, -0.0571133, 0.7861462]"
3172,3172,99,53.201400000000035,8.766349,-5.308916,5.615492418537477,-2.7141313301159027,12.10077,-4.388529,True,6,"[0.0070605, -0.000592, 0.2898339]","[0.1671122, -0.059819, 0.7794577]"
3173,3173,99,53.21780000000001,9.695301,-5.229007,6.29213933582164,-2.754030700509113,13.02142,-4.180477,True,6,"[0.0346292, -0.026609, 0.2873359]","[0.1786344, -0.0564593, 0.7724329]"
3174,3174,99,53.234800000000064,9.903318,-4.945114,6.506680607770653,-2.5015409733428777,14.05334,-4.024494,True,6,"[0.0344517, -0.0278086, 0.2870803]","[0.1916403, -0.0538642, 0.7655904]"
3175,3175,99,53.25139999999999,9.88158,-4.25805,6.654072876745457,-1.823522568330076,14.88705,-3.740387,False,6,"[0.0386261, -0.0273614, 0.288059]","[0.2018522, -0.0496397, 0.7593068]"
3176,3176,99,53.26859999999999,10.09533,-4.349186,6.783819185030439,-1.9403425182921188,15.56258,-3.12524,False,6,"[0.0402729, -0.0302559, 0.286375]","[0.2099479, -0.0411601, 0.7538493]"
3177,3177,99,53.28480000000002,10.76484,-4.591665,7.2003945654999555,-2.2640082504462242,16.24764,-2.524076,False,6,"[0.0438135, -0.0296249, 0.2855261]","[0.2181579, -0.0329989, 0.7485806]"
3178,3178,99,53.30160000000001,11.13072,-4.620621,7.452583643153038,-2.339113017711151,16.87873,-2.417062,False,6,"[0.0441613, -0.0266113, 0.286377]","[0.2255051, -0.0313717, 0.7432166]"
3179,3179,99,53.31810000000007,11.45562,-4.922121,7.611185464375918,-2.6768495959722136,17.22064,-2.629909,False,6,"[0.0488479, -0.0261661, 0.2859132]","[0.2289136, -0.0339241, 0.7385582]"
3180,3180,99,53.335199999999986,11.66578,-4.852819,7.776401883520278,-2.6355332701363823,17.63934,-2.634347,False,6,"[0.0499744, -0.0247667, 0.2862425]","[0.2334182, -0.0337753, 0.7340782]"
3181,3181,99,53.35149999999999,12.80625,-5.080889,8.529839122242068,-3.005081481302759,17.89606,-2.791311,False,6,"[0.0501173, -0.0214208, 0.2877051]","[0.2359255, -0.0356218, 0.7306112]"
3182,3182,99,53.3682,13.18442,-4.955793,8.827228623254541,-2.9303507117686465,18.14684,-2.934565,False,6,"[0.0509443, -0.0217616, 0.2861348]","[0.238277, -0.0372678, 0.7269962]"
3183,3183,99,53.384700000000066,13.09178,-6.187848,8.469732306860333,-4.129404369932583,18.32841,-2.819168,False,6,"[0.0545741, -0.023053, 0.2870445]","[0.2400603, -0.0356853, 0.7246698]"
3184,3184,99,53.401700000000005,13.40087,-6.223474,8.680132767071171,-4.203824144556036,18.44646,-2.552055,False,6,"[0.0560619, -0.023029, 0.284941]","[0.2409888, -0.032202, 0.7224825]"
3185,3185,99,53.41820000000007,13.5809,-6.217035,8.809122750532492,-4.22044828400657,18.38685,-2.419255,False,6,"[0.0576625, -0.024505, 0.2845479]","[0.2399795, -0.0305021, 0.7219581]"
3186,3186,99,53.43500000000006,13.52926,-6.124037,8.79459434014204,-4.122466094838832,18.31845,-2.458443,False,6,"[0.0586271, -0.0241079, 0.2839533]","[0.2386945, -0.0309542, 0.7209667]"
3187,3187,99,53.45119999999997,13.10201,-6.060472,8.507153982415243,-4.005523391097317,18.32544,-2.341428,False,6,"[0.0648212, -0.0253547, 0.2851678]","[0.2386302, -0.0294592, 0.7204781]"
3188,3188,99,53.468000000000075,13.30748,-6.25598,8.606309489636192,-4.223864581990829,18.36368,-2.343548,False,6,"[0.0663822, -0.0245713, 0.2833686]","[0.2388358, -0.0294454, 0.7194894]"
3189,3189,99,53.4846,13.17985,-6.249096,8.517576193155751,-4.200827172012585,18.32441,-2.326095,False,6,"[0.0661203, -0.030826, 0.2843198]","[0.2382736, -0.0292241, 0.7194446]"
3190,3190,99,53.501100000000065,12.93287,-6.365347,8.31516713667411,-4.283590750938147,18.39197,-2.387822,False,6,"[0.0673786, -0.0308399, 0.2828065]","[0.2389463, -0.0299667, 0.7186351]"
3191,3191,99,53.517900000000054,12.96086,-6.629659,8.27236223075953,-4.546925273006001,18.26048,-2.473171,False,6,"[0.0680514, -0.0306873, 0.2817016]","[0.2373371, -0.0310681, 0.7193049]"
3192,3192,99,53.53550000000007,12.511,-6.596713,7.9616591641559245,-4.4571923488426295,18.17107,-2.545957,False,6,"[0.0680514, -0.0303445, 0.2828178]","[0.2360455, -0.0319772, 0.7191601]"
3193,3193,99,53.55130000000008,13.52944,-6.310903,8.750448415230391,-4.306141079762718,17.93408,-2.718027,False,6,"[0.0660035, -0.030109, 0.283588]","[0.2331022, -0.0341925, 0.7202333]"
3194,3194,99,53.56810000000007,12.92371,-6.370318,8.307503937022457,-4.28730842608918,17.69724,-2.815559,False,6,"[0.0668122, -0.0309654, 0.282471]","[0.2301259, -0.0354689, 0.7211998]"
3195,3195,99,53.58460000000002,12.7377,-6.533492,8.137145449808157,-4.42396115254179,17.37197,-2.869507,False,6,"[0.065837, -0.0307856, 0.2811419]","[0.2262396, -0.0362484, 0.7231711]"
3196,3196,99,53.60140000000001,12.41044,-6.643089,7.87947323991217,-4.489950114066549,17.09979,-2.924486,False,6,"[0.0648102, -0.0314846, 0.282232]","[0.22279, -0.0369967, 0.7241994]"
3197,3197,99,53.61810000000003,11.98853,-6.637689,7.58203290994012,-4.430852820803614,16.80682,-2.852108,False,6,"[0.064568, -0.0326078, 0.280549]","[0.219387, -0.0361857, 0.7263322]"
3198,3198,99,53.63510000000008,11.67311,-6.297754,7.439249337476072,-4.056550922087513,16.58971,-2.801109,False,6,"[0.0625216, -0.0325845, 0.2817609]","[0.2167844, -0.0356029, 0.7276661]"
3199,3199,99,53.65129999999999,11.36963,-6.297228,7.224504762320594,-4.017342682557293,16.35199,-2.860148,False,6,"[0.0674667, -0.0310087, 0.2803842]","[0.2141117, -0.0364585, 0.7297459]"
3200,3200,99,53.66809999999998,10.69875,-6.202435,6.771968780644978,-3.838648191071451,16.12652,-2.893901,False,6,"[0.0646455, -0.0314523, 0.2817212]","[0.2113964, -0.0369594, 0.7311297]"
3201,3201,99,53.684600000000046,10.60454,-5.711218,6.821648395794497,-3.34386875192184,15.89203,-2.834689,False,6,"[0.0633908, -0.0321167, 0.2804267]","[0.2089182, -0.0363342, 0.7338004]"
3202,3202,99,53.70119999999997,10.46195,-5.110576,6.86299971748412,-2.7353782805122613,15.71685,-2.653553,False,6,"[0.0617831, -0.0326993, 0.2807619]","[0.2071923, -0.0341239, 0.7362789]"
3203,3203,99,53.71810000000005,10.26526,-5.004712,6.748821632918763,-2.606258656099807,15.42027,-2.373017,False,6,"[0.0593681, -0.0325349, 0.2795802]","[0.2041432, -0.0306708, 0.7401145]"
3204,3204,99,53.73540000000003,9.688342,-5.441942,6.236762455366176,-2.96241615126379,15.31725,-2.207241,False,6,"[0.057827, -0.0308898, 0.2798973]","[0.2034592, -0.0286312, 0.742843]"
3205,3205,99,53.751300000000015,9.608905,-3.788101,6.572357184047186,-1.3268924664229171,15.02549,-1.94238,False,6,"[0.0560594, -0.0307646, 0.278786]","[0.2006214, -0.0253472, 0.747399]"
3206,3206,99,53.76830000000007,9.559852,-4.426533,6.386365810524896,-1.9480900181139909,15.02035,-1.671277,False,6,"[0.052713, -0.0303221, 0.279009]","[0.201644, -0.0219263, 0.751478]"
3207,3207,99,53.78480000000002,9.535858,-3.982065,6.474683551266185,-1.508207510633552,14.96803,-1.522684,False,6,"[0.0520829, -0.0278211, 0.2781808]","[0.2022042, -0.0201047, 0.7563243]"
3208,3208,99,53.802200000000084,9.265177,-4.142066,6.245128266559747,-1.6309469313585598,14.84253,-1.440329,False,6,"[0.0513623, -0.0248766, 0.278157]","[0.2017991, -0.0191467, 0.76149]"
3209,3209,99,53.817999999999984,9.535277,-4.549167,6.339911123630391,-2.0654816825996383,14.44945,-1.606438,False,6,"[0.0502986, -0.0243214, 0.2777322]","[0.1978564, -0.0215343, 0.7678479]"
3210,3210,99,53.835000000000036,9.335896,-4.652219,6.174330182571797,-2.1413417689681467,14.34309,-1.544468,False,6,"[0.0473851, -0.0264416, 0.2775544]","[0.1978277, -0.0208603, 0.7736778]"
3211,3211,99,53.85140000000001,12.46008,-5.983544,8.070882433258584,-3.848077528943186,14.74794,-1.99144,False,6,"[0.0470627, -0.018406, 0.2779885]","[0.2048336, -0.0270564, 0.778126]"
3212,3212,99,53.86890000000005,12.13216,-6.031797,7.8272769052101605,-3.8536934193302974,14.2965,-2.135872,False,6,"[0.0467591, -0.0214925, 0.2776391]","[0.2000593, -0.0292792, 0.7850643]"
3213,3213,99,53.884900000000016,11.54587,-5.286975,7.58864074845966,-3.046934521255767,14.4792,-2.078346,False,6,"[0.0466481, -0.0193306, 0.2776902]","[0.2041289, -0.0286869, 0.7904918]"
3214,3214,99,53.901700000000005,11.30263,-5.408437,7.387645057901655,-3.1352962949049195,14.38143,-2.613789,False,6,"[0.0453671, -0.0201397, 0.2781001]","[0.2041656, -0.0363493, 0.7962439]"
3215,3215,99,53.91840000000002,11.88436,-6.133694,7.627688106534852,-3.922245333472138,14.34883,-2.733807,False,6,"[0.0467021, -0.0221214, 0.278029]","[0.2050095, -0.0382684, 0.8014301]"
3216,3216,99,53.93579999999997,11.5669,-6.242786,7.377074117169291,-3.988987402699917,14.30921,-2.932421,False,6,"[0.0458235, -0.022682, 0.2787322]","[0.2058553, -0.0413418, 0.8070605]"
3217,3217,99,53.95150000000001,11.5107,-6.265235,7.331964778659402,-4.003885242674616,14.25201,-3.058441,False,6,"[0.0614857, -0.0291657, 0.2782614]","[0.2062083, -0.0433765, 0.811828]"
3218,3218,99,53.967700000000036,11.60669,-5.690508,7.536095021672437,-3.451281104032671,14.35292,-3.265262,False,6,"[0.0599234, -0.0294546, 0.278754]","[0.2087291, -0.0465384, 0.8157285]"
3219,3219,99,53.984699999999975,11.36098,-5.3773,7.436335045328335,-3.1121339903143843,14.2153,-3.351635,False,6,"[0.057139, -0.0258829, 0.2797009]","[0.2076866, -0.0480135, 0.8198488]"
3220,3220,99,54.00139999999999,11.15082,-5.486472,7.26167239634155,-3.19263458021908,14.03903,-3.312443,False,6,"[0.055851, -0.0264564, 0.27944]","[0.2062666, -0.0477429, 0.8248957]"
3221,3221,99,54.01800000000003,10.40258,-5.302798,6.7754223668427045,-2.9167249946204628,13.85424,-3.176269,False,6,"[0.0587236, -0.0299868, 0.2790408]","[0.2045023, -0.0460147, 0.8291947]"
3222,3222,99,54.03780000000006,10.58614,-4.982686,6.981228864902021,-2.625521135767354,13.41609,-2.880434,False,6,"[0.0569468, -0.0304367, 0.2782391]","[0.1989949, -0.0419759, 0.834254]"
3223,3223,99,54.05510000000004,9.293314,-4.62665,6.150239329387254,-2.1107836714309016,13.09461,-2.829942,False,6,"[0.0568479, -0.030647, 0.2791495]","[0.1950532, -0.0414511, 0.8385485]"
3224,3224,99,54.06820000000005,9.403316,-4.657729,6.22075927199938,-2.15535251464184,12.74969,-2.700106,False,6,"[0.0574067, -0.0278509, 0.2794982]","[0.1905676, -0.0397191, 0.8422087]"
3225,3225,99,54.08460000000002,8.516388,-4.654969,5.593452503892069,-2.0395637186231728,12.26161,-2.710687,False,6,"[0.0561681, -0.0263131, 0.2795451]","[0.1839623, -0.0400759, 0.8464519]"
3226,3226,99,54.10120000000006,8.772625,-4.874959,5.722751527103564,-2.2884382250916504,11.84446,-2.523396,False,6,"[0.0551, -0.0268495, 0.2795345]","[0.1784361, -0.037496, 0.8508266]"
3227,3227,99,54.1182,8.443726,-4.95239,5.4715398300978775,-2.322605459706547,11.43004,-2.309891,False,6,"[0.0514678, -0.0260215, 0.2803546]","[0.1728242, -0.0344801, 0.8547992]"
3228,3228,99,54.13560000000007,8.348105,-4.587998,5.490172323487545,-1.952289828564937,10.92818,-2.247096,False,6,"[0.0523022, -0.0243984, 0.2798488]","[0.1658248, -0.0337004, 0.8588413]"
3229,3229,99,54.15140000000008,8.296325,-4.828292,5.3965793319686615,-2.1818494027514275,10.61786,-2.073331,False,6,"[0.0459826, -0.0227406, 0.2810043]","[0.1615959, -0.0312061, 0.8619934]"
3230,3230,99,54.16790000000003,7.505357,-4.397334,4.9386650724249685,-1.6574614476872362,10.48361,-1.929095,False,6,"[0.0464472, -0.02285, 0.2804638]","[0.1600455, -0.0291317, 0.8649088]"
3231,3231,99,54.184799999999996,7.144004,-4.121999,4.748054721231397,-1.3407923822649401,10.27305,-1.839168,False,6,"[0.0421317, -0.0229093, 0.281359]","[0.1571994, -0.0278505, 0.8673312]"
3232,3232,99,54.20190000000002,6.875607,-4.114402,4.559824831497069,-1.2991075624342114,9.941272,-1.674744,False,6,"[0.043344, -0.0239557, 0.2808731]","[0.152557, -0.0254492, 0.87041]"
3233,3233,99,54.21810000000005,6.311592,-5.007727,3.94884055363499,-2.105160574573201,9.54443,-1.459019,False,6,"[0.041487, -0.0242168, 0.2794732]","[0.1468149, -0.0222398, 0.8731714]"
3234,3234,99,54.23509999999999,6.234298,-4.552197,4.002041826035331,-1.6476109996110857,9.329374,-1.307191,False,6,"[0.0412211, -0.0225422, 0.2809089]","[0.1439662, -0.0199968, 0.8763319]"
3235,3235,99,54.25160000000005,5.764102,-4.174532,3.7586133216450603,-1.2164953212986909,9.068217,-1.372366,False,6,"[0.0408725, -0.0236765, 0.2802964]","[0.1402, -0.0210442, 0.8784177]"
3236,3236,99,54.26850000000002,5.830704,-4.45334,3.73971191770504,-1.4989992452825334,8.83754,-1.288718,False,6,"[0.0370645, -0.021634, 0.2813296]","[0.1369386, -0.0198136, 0.8807522]"
3237,3237,99,54.28470000000004,5.348002,-4.298296,3.434684296063399,-1.2850812269603065,8.735547,-1.222533,False,6,"[0.0354045, -0.0203571, 0.2824752]","[0.135575, -0.0188292, 0.8823251]"
3238,3238,99,54.30160000000001,5.494126,-4.334224,3.529630399443997,-1.3390209384991465,8.565978,-1.308704,False,6,"[0.0340086, -0.0202881, 0.282039]","[0.1331457, -0.0201936, 0.8839346]"
3239,3239,99,54.31820000000005,5.924342,-4.431418,3.8112031613301767,-1.4893923885265812,8.586052,-1.254438,False,6,"[0.03097, -0.0245352, 0.2800038]","[0.1335678, -0.0193713, 0.8846325]"
3240,3240,99,54.33540000000005,5.651851,-3.891965,3.7460850315396113,-0.9244771650245456,8.476926,-1.108676,False,6,"[0.0308252, -0.0224665, 0.2821771]","[0.1321365, -0.0171577, 0.8865882]"
3241,3241,99,54.351600000000076,5.73775,-3.49721,3.9004306664543087,-0.547463112440461,8.556193,-0.9761412,False,6,"[0.0286302, -0.0207015, 0.283626]","[0.133426, -0.0151102, 0.886824]"
3242,3242,99,54.36829999999998,5.719604,-3.384293,3.914335923527565,-0.4341747346647491,8.466106,-0.7983033,False,6,"[0.0288863, -0.0220308, 0.2828726]","[0.132234, -0.0123788, 0.8883929]"
3243,3243,99,54.384900000000016,5.449256,-4.194321,3.5310082711087225,-1.195803603466608,8.620363,-0.5914478,False,6,"[0.0266086, -0.0213638, 0.2842425]","[0.1345965, -0.0091653, 0.8878436]"
3244,3244,99,54.40160000000003,5.424608,-3.483021,3.6820823412983628,-0.4935950387352692,8.66517,-0.5237657,False,6,"[0.0272605, -0.0214804, 0.2834156]","[0.1353586, -0.0081195, 0.888183]"
3245,3245,99,54.41809999999998,6.350315,-3.604305,4.308763937912159,-0.7308133194784547,8.859199,-0.4838346,False,6,"[0.0293631, -0.0219291, 0.2829649]","[0.1382065, -0.0074879, 0.8866992]"
3246,3246,99,54.43560000000002,6.705015,-3.843662,4.503187962448325,-1.0112749765845974,8.95771,-0.6117492,False,6,"[0.0281102, -0.0193241, 0.2840426]","[0.1396284, -0.0094582, 0.8858099]"
3247,3247,99,54.451599999999985,6.862824,-4.231943,4.522925751665671,-1.4129972091500873,9.267628,-0.7698013,False,6,"[0.0285002, -0.0173346, 0.2836443]","[0.1442691, -0.0118795, 0.884131]"
3248,3248,99,54.46870000000001,6.309136,-3.851484,4.221045407738082,-0.9684910197000747,9.209039,-1.057694,False,6,"[0.0284318, -0.0167867, 0.2838667]","[0.1431699, -0.0163036, 0.8830752]"
3249,3249,99,54.484699999999975,6.686088,-2.889679,4.715810454588581,-0.0712867706017768,9.69479,-0.4686192,False,6,"[0.0270279, -0.0207779, 0.2833256]","[0.1506577, -0.0072129, 0.8818664]"
3250,3250,99,54.50210000000004,6.608108,-2.074334,4.853775467327477,0.7399766992176624,10.61832,-0.6669471,False,6,"[0.0269277, -0.0172593, 0.2835652]","[0.1648917, -0.0102386, 0.8795359]"
3251,3251,99,54.51800000000003,6.78219,-1.882757,5.022418122159076,0.906064639200372,10.75006,-0.8480204,False,6,"[0.0314687, -0.0178113, 0.2827629]","[0.1669084, -0.0130127, 0.8791273]"
3252,3252,99,54.53530000000001,6.687135,-1.797433,4.975332957011416,1.0020398829769386,10.59516,-0.3564086,False,6,"[0.033247, -0.0190003, 0.2828043]","[0.1644195, -0.0054678, 0.8789781]"
3253,3253,99,54.55169999999998,6.638345,-2.317105,4.817665094768254,0.49752621248574247,10.57153,0.2258629,False,6,"[0.0338738, -0.0208261, 0.281449]","[0.1643504, 0.0034715, 0.8806183]"
3254,3254,99,54.56849999999997,6.774766,-2.700913,4.823319571270025,0.10292684736603785,10.71006,0.6783386,False,6,"[0.0311771, -0.018984, 0.2819865]","[0.1665769, 0.0104277, 0.8807361]"
3255,3255,99,54.58479999999997,7.136482,-3.450819,4.901748840508655,-0.6801972105717988,10.86711,0.5301855,False,6,"[0.0331073, -0.0142558, 0.2824204]","[0.16916, 0.008154, 0.8811592]"
3256,3256,99,54.601999999999975,7.15098,-3.182129,4.975673261526059,-0.4179768691058161,11.10455,-0.1453983,False,6,"[0.0327841, -0.01025, 0.2829941]","[0.172886, -0.0022353, 0.8808367]"
3257,3257,99,54.618400000000065,7.186921,-3.126658,5.0142626326262185,-0.3680421229073869,11.00128,-0.914826,False,6,"[0.0336408, -0.0092985, 0.2828681]","[0.1713698, -0.0140761, 0.8815162]"
3258,3258,99,54.63549999999998,7.197635,-3.012021,5.049008791536477,-0.2567427483911455,11.24841,-1.089808,False,6,"[0.0331663, -0.0088772, 0.2828795]","[0.175356, -0.0167727, 0.8817026]"
3259,3259,99,54.65160000000003,7.197934,-2.732032,5.11555709396598,0.018392517801817387,11.25081,-1.175468,False,6,"[0.0328608, -0.0114249, 0.2823523]","[0.175668, -0.0181196, 0.8830777]"
3260,3260,99,54.66880000000003,7.164112,-2.668157,5.106744153405917,0.08548094877697299,11.4064,-0.9426563,False,6,"[0.0335233, -0.0133123, 0.2821915]","[0.1783394, -0.0145446, 0.8839552]"
3261,3261,99,54.685100000000034,7.06208,-2.635319,5.042283863911053,0.13076242681334582,11.3898,-0.5032091,False,6,"[0.035221, -0.0169633, 0.2813103]","[0.1784978, -0.0077822, 0.8860645]"
3262,3262,99,54.701599999999985,6.916692,-2.604692,4.946602918098928,0.1793984776737929,11.32413,-0.439212,False,6,"[0.0353058, -0.0156452, 0.2814102]","[0.177763, -0.0068047, 0.8876711]"
3263,3263,99,54.718399999999974,6.680535,-2.742617,4.746721607894422,0.07395382986711452,11.20134,-0.4545089,False,6,"[0.0354685, -0.0153647, 0.2812781]","[0.1763118, -0.0070628, 0.89033]"
3264,3264,99,54.73530000000005,6.819278,-3.004718,4.782855624227358,-0.2013278465023367,11.24873,-0.5341087,False,6,"[0.0355104, -0.0147955, 0.2811868]","[0.1774037, -0.0083152, 0.8919719]"
3265,3265,99,54.75170000000003,6.777592,-3.151187,4.718638921864163,-0.33996304935542465,11.1598,-0.6525715,False,6,"[0.0355568, -0.013435, 0.281543]","[0.1764782, -0.0101892, 0.8945736]"
3266,3266,99,54.76850000000002,6.756379,-3.322317,4.663074638924559,-0.5054452450440312,11.18851,-0.9039747,False,6,"[0.0353589, -0.0131096, 0.2813118]","[0.1773331, -0.0141462, 0.896541]"
3267,3267,99,54.78500000000008,6.702674,-3.272835,4.636774110931135,-0.44996734023535545,11.13854,-1.097309,False,6,"[0.0349055, -0.0129686, 0.2817582]","[0.1770214, -0.0172211, 0.8990844]"
3268,3268,99,54.801900000000046,6.298874,-3.667342,4.257407712890631,-0.7862078090781717,11.1512,-1.34399,False,6,"[0.0341539, -0.012808, 0.2815451]","[0.1776488, -0.0211438, 0.90122]"
3269,3269,99,54.81849999999997,6.197943,-3.694956,4.179404315107545,-0.8004789679441044,10.96001,-1.478927,False,6,"[0.0330364, -0.0135115, 0.2820527]","[0.1751109, -0.0233455, 0.9042363]"
3270,3270,99,54.836400000000026,4.904529,-4.547246,3.06171491566088,-1.4732101817572838,10.79732,-1.607065,False,6,"[0.0336729, -0.0147804, 0.2815835]","[0.1728835, -0.0254332, 0.906517]"
3271,3271,99,54.85170000000005,7.122667,-3.907248,4.783827791276426,-1.1270146504758038,10.73219,-1.575948,False,6,"[0.0335272, -0.0155311, 0.282106]","[0.1723124, -0.0250126, 0.9091376]"
3272,3272,99,54.86890000000005,7.82117,-3.634797,5.342930906533342,-0.9483031930268195,10.70295,-1.489909,False,6,"[0.0333669, -0.0163497, 0.2816468]","[0.1722041, -0.0236976, 0.9111075]"
3273,3273,99,54.88480000000004,5.972721,-5.087095,3.690109579381308,-2.1399601434611712,10.57355,-1.546894,False,6,"[0.033214, -0.0161615, 0.2826234]","[0.1705724, -0.0246765, 0.9137779]"
3274,3274,99,54.90210000000002,6.007612,-4.914744,3.7556474141599177,-1.975021784328967,10.36791,-1.559632,False,6,"[0.0310727, -0.0180429, 0.2815039]","[0.1676858, -0.024955, 0.9165385]"
3275,3275,99,54.91870000000006,6.308496,-4.803704,3.994986834237574,-1.9042519111621807,10.30229,-1.531645,False,6,"[0.0306728, -0.0182398, 0.2824424]","[0.1670662, -0.0245754, 0.9190972]"
3276,3276,99,54.955400000000054,6.138846,-4.662259,3.9083836023581897,-1.7436106398455697,10.15998,-1.523443,False,6,"[0.0240576, -0.0222974, 0.2803599]","[0.1652963, -0.0245309, 0.9223742]"
3277,3277,99,54.96180000000004,5.604697,-4.470247,3.5756892676942162,-1.4868013617662958,10.13477,-1.44317,False,6,"[0.0351217, -0.019197, 0.2810676]","[0.1655749, -0.023336, 0.9262761]"
3278,3278,99,54.97900000000004,6.076112,-3.934751,4.036332204752242,-1.020617179209589,10.06659,-1.253325,False,6,"[0.0387194, -0.0179065, 0.2818839]","[0.1653671, -0.0203797, 0.9315117]"
3279,3279,99,54.9982,6.020225,-3.477975,4.104985220595108,-0.564572256815917,10.0623,-1.183897,False,6,"[0.029258, -0.0248947, 0.2796515]","[0.1653879, -0.0192613, 0.9320338]"
3280,3280,99,55.01220000000001,5.740754,-3.010311,4.0179164645601695,-0.06932141856743312,9.911659,-0.9737454,False,6,"[0.0294649, -0.0240755, 0.279982]","[0.1636105, -0.0159144, 0.9363207]"
3281,3281,99,55.02890000000002,6.673913,-3.237596,4.624759841812338,-0.41166762746902474,9.778374,-0.8989189,False,6,"[0.0308483, -0.0234499, 0.2790411]","[0.1618064, -0.0147313, 0.9388717]"
3282,3282,99,55.04660000000001,5.866879,-3.177591,4.067582251107972,-0.24980425473558743,9.621137,-0.6986641,False,6,"[0.0300193, -0.0227617, 0.2791065]","[0.1600688, -0.0115149, 0.9442652]"
3283,3283,99,55.0634,5.575918,-2.617604,3.994252068667946,0.3376465765267991,9.562942,-0.5957897,False,6,"[0.0272445, -0.0217046, 0.2776262]","[0.1597212, -0.0098587, 0.9480572]"
3284,3284,99,55.080600000000004,5.366526,-2.915388,3.775446136783149,0.07168006634550261,9.631916,-0.4901819,False,6,"[0.029781, -0.0192434, 0.2797717]","[0.1621507, -0.0081744, 0.9554553]"
3285,3285,99,55.09890000000007,5.185398,-3.064911,3.6117784652414615,-0.052178863869101644,9.803654,-0.6701433,False,6,"[0.0294297, -0.0169602, 0.2790569]","[0.1656103, -0.0112104, 0.9584171]"
3286,3286,99,55.11559999999997,4.829666,-2.725322,3.440371308736243,0.3269224451936221,9.30069,-0.861264,False,6,"[0.0281829, -0.0147425, 0.2803384]","[0.1580161, -0.014505, 0.9648737]"
3287,3287,99,55.13330000000008,5.357919,-3.189437,3.7044229626547374,-0.19655815974090896,8.923621,-1.076006,False,6,"[0.0325878, -0.0157539, 0.2785006]","[0.1523454, -0.0182231, 0.9702406]"
3288,3288,99,55.14880000000005,5.14587,-3.110386,3.573017744655507,-0.09183222025841387,8.883701,-0.5023354,False,6,"[0.0287161, -0.0155146, 0.2794595]","[0.1527722, -0.0085695, 0.9774017]"
3289,3289,99,55.16610000000003,4.764729,-3.36994,3.241668160054431,-0.29832962798123974,8.794351,-1.155849,False,6,"[0.0272005, -0.0127377, 0.2786178]","[0.1519299, -0.0198139, 0.9820478]"
3290,3290,99,55.18220000000008,4.548767,-3.252874,3.1164992015364192,-0.15574364335672675,8.341318,-1.042922,False,6,"[0.0262756, -0.0142449, 0.2797108]","[0.144957, -0.0179979, 0.9886526]"
3291,3291,99,55.199299999999994,4.714993,-3.435987,3.1908059586137547,-0.35689972163980244,8.438553,-1.053753,False,6,"[0.0253017, -0.0149284, 0.2788062]","[0.1474357, -0.0182796, 0.9938051]"
3292,3292,99,55.215599999999995,4.712932,-3.474889,3.1801298485138796,-0.3948698735187506,8.425223,-1.253028,False,6,"[0.0237134, -0.0133596, 0.2806528]","[0.1480586, -0.0218643, 0.9996055]"
3293,3293,99,55.23260000000005,4.559659,-3.883121,2.9748891836780578,-0.7765394820303255,8.378825,-1.329028,False,6,"[0.0261519, -0.0155383, 0.2788444]","[0.1478747, -0.0232923, 1.003973]"
3294,3294,99,55.249000000000024,4.666471,-3.69996,3.0939095236695664,-0.6101464027849799,8.28849,-1.429764,False,6,"[0.0252916, -0.0152612, 0.2808478]","[0.1470435, -0.025193, 1.009366]"
3295,3295,99,55.26660000000004,5.104425,-3.783028,3.384307739386084,-0.7476213435256378,8.371675,-1.393182,False,6,"[0.0233274, -0.0164797, 0.279865]","[0.1491334, -0.0246462, 1.013395]"
3296,3296,99,55.28200000000004,5.053423,-3.588463,3.3942948823939405,-0.5499003751796065,8.141673,-1.477127,False,6,"[0.0224012, -0.0160029, 0.2815699]","[0.1457144, -0.0262643, 1.018532]"
3297,3297,99,55.2989,4.652302,-3.842843,3.0500249588903743,-0.7487654809650168,8.051482,-1.647184,False,6,"[0.0231156, -0.0168273, 0.280262]","[0.1446413, -0.029404, 1.022509]"
3298,3298,99,55.31569999999999,4.478864,-3.477224,3.013852350280183,-0.36732290475450835,7.804601,-1.831682,False,6,"[0.0232706, -0.01714, 0.2822661]","[0.1407729, -0.032845, 1.027054]"
3299,3299,99,55.337600000000066,4.525407,-3.496737,3.0421824837691585,-0.39243415722560737,7.531512,-1.718968,False,6,"[0.0222474, -0.0189354, 0.2789656]","[0.1364595, -0.0309748, 1.032126]"
3300,3300,99,55.35490000000004,4.187915,-3.141296,2.8874453163654543,-7.894633637794968e-05,7.236494,-1.833519,False,6,"[0.0228795, -0.0181258, 0.2802966]","[0.1315856, -0.0331738, 1.036298]"
3301,3301,99,55.3664,4.113187,-3.72218,2.696910192872376,-0.5614449248117657,6.868675,-1.803751,False,6,"[0.0250326, -0.0185302, 0.28024]","[0.12532, -0.0327627, 1.040358]"
3302,3302,99,55.382799999999975,3.80857,-3.561753,2.519245266755001,-0.36494091145250085,6.547615,-1.819196,False,6,"[0.0248985, -0.0176578, 0.2815666]","[0.1198416, -0.033163, 1.044121]"
3303,3303,99,55.39999999999998,3.43125,-3.566862,2.2508855912865497,-0.3218567411543809,6.27099,-1.77512,False,6,"[0.0228305, -0.018845, 0.2805526]","[0.1150827, -0.0324565, 1.047267]"
3304,3304,99,55.41669999999999,3.15161,-3.550989,2.0566562565974387,-0.2706048696152048,6.046732,-1.832918,False,6,"[0.0220965, -0.017141, 0.2820928]","[0.1112499, -0.0336088, 1.050231]"
3305,3305,99,55.433899999999994,2.52529,-4.018186,1.502519636732993,-0.6499155913807106,5.749648,-1.901885,False,6,"[0.0222814, -0.0172021, 0.2815156]","[0.1059843, -0.0349529, 1.052596]"
3306,3306,99,55.45010000000002,2.201204,-3.79944,1.3248875879720168,-0.39361348110534866,5.45441,-1.96015,False,6,"[0.0207149, -0.0155258, 0.2828999]","[0.1007323, -0.0361048, 1.054943]"
3307,3307,99,55.46710000000007,1.804695,-4.156588,0.9595346559302471,-0.6940670429602172,5.060749,-2.129437,False,6,"[0.0202469, -0.0183165, 0.2815501]","[0.0936059, -0.0393027, 1.057011]"
3308,3308,99,55.483600000000024,1.682337,-3.984127,0.913763484226284,-0.5089725788848476,4.74446,-2.102741,False,6,"[0.0188378, -0.0176137, 0.2829763]","[0.0879066, -0.0388885, 1.059163]"
3309,3309,99,55.50030000000004,1.29172,-4.254294,0.5731902312860305,-0.7246923358439421,4.466867,-2.213089,False,6,"[0.0169249, -0.0175955, 0.2822781]","[0.0828387, -0.0409792, 1.060405]"
3310,3310,99,55.516700000000014,1.185747,-4.119209,0.5301645918580045,-0.5784199880682968,4.17075,-2.163915,False,6,"[0.0156009, -0.0175827, 0.2833365]","[0.0774193, -0.0401157, 1.061671]"
3311,3311,99,55.53390000000002,1.119949,-3.964835,0.5201536226248269,-0.4183123904928072,3.946256,-2.002998,False,6,"[0.0124578, -0.0198423, 0.2824702]","[0.0732753, -0.0371486, 1.062203]"
3312,3312,99,55.55060000000003,0.9493249,-3.824923,0.4324975035651315,-0.25905356265266377,3.777281,-2.017501,False,6,"[0.0109208, -0.0188686, 0.2841218]","[0.0701603, -0.0374348, 1.062687]"
3313,3313,99,55.567300000000046,2.013697,-2.087048,1.5978390884862645,1.3132322332526174,3.741557,-1.948256,False,6,"[0.0089219, -0.0205782, 0.2831589]","[0.069496, -0.0361495, 1.062703]"
3314,3314,99,55.58389999999997,1.940829,-1.698867,1.6382173343724429,1.7040268838012942,3.437108,-1.88018,False,6,"[0.008362, -0.0198292, 0.2847042]","[0.0638308, -0.0348876, 1.062767]"
3315,3315,99,55.600599999999986,0.1366064,-3.93015,-0.1678525298132304,-0.2588555873041667,3.267109,-2.015318,False,6,"[0.0063967, -0.0211027, 0.2836835]","[0.0606048, -0.037359, 1.061683]"
3316,3316,99,55.617000000000075,-0.06303173,-3.747266,-0.2658699208375169,-0.05366478954098719,2.999022,-2.010743,False,6,"[0.0059032, -0.0205398, 0.2852042]","[0.0555881, -0.0372512, 1.061031]"
3317,3317,99,55.63430000000005,3.685666,-3.727481,2.3929618333333784,-0.5121492240078975,2.781776,-2.059187,False,6,"[0.0055564, -0.0196996, 0.284224]","[0.0514794, -0.0380937, 1.05948]"
3318,3318,99,55.650800000000004,3.208002,-3.454246,2.119503696521595,-0.182715312609798,2.653003,-1.971427,False,6,"[0.0047359, -0.0191079, 0.2858029]","[0.0490436, -0.0364323, 1.058417]"
3319,3319,99,55.66730000000007,1.497699,-4.405854,0.6831185325639981,-0.8999062948494556,2.590323,-1.939111,False,6,"[0.0100475, -0.0104138, 0.2857637]","[0.0477952, -0.0357687, 1.05647]"
3320,3320,99,55.68380000000002,1.217581,-4.130976,0.5499157205480782,-0.5940431857698991,2.168404,-2.221307,False,6,"[0.009728, -0.0085144, 0.2870724]","[0.0399239, -0.0408989, 1.054407]"
3321,3321,99,55.70080000000007,-0.2324078,-4.057549,-0.45930520278835596,-0.3370170385416156,1.836881,-2.314139,False,6,"[0.000681, -0.0196232, 0.2856285]","[0.0337262, -0.0424975, 1.051622]"
3322,3322,99,55.71749999999997,-0.8903961,-3.846268,-0.8751146259331808,-0.045481647866706165,1.638983,-2.417273,False,6,"[-0.0003157, -0.0187931, 0.2869368]","[0.0300235, -0.0442947, 1.049279]"
3323,3323,99,55.734500000000025,-0.7120194,-3.949296,-0.7732307596584671,-0.16947924938210424,1.513451,-2.592204,True,6,"[0.0184108, -0.0186203, 0.2858121]","[0.0276303, -0.0473459, 1.045778]"
3324,3324,99,55.75080000000003,-0.93632,-3.489879,-0.8231918251298809,0.3106326442421743,1.396315,-2.622561,True,6,"[0.0161059, -0.0173451, 0.2873554]","[0.0254189, -0.0477657, 1.042821]"
3325,3325,99,55.767400000000066,-0.1068904,-3.73576,-0.2941965658115948,-0.03676505303285316,1.335343,-2.88306,True,6,"[0.0074832, -0.0220523, 0.2862125]","[0.0242059, -0.0522963, 1.03842]"
3326,3326,99,55.78370000000007,-0.3022777,-4.041797,-0.5050422710899514,-0.31262810529202456,1.313354,-3.039282,True,6,"[0.0061153, -0.0207807, 0.2877241]","[0.0237183, -0.0549294, 1.034543]"
3327,3327,99,55.80090000000007,0.07791643,-3.755288,-0.1679767534467228,-0.07951858619827545,1.468279,-3.279889,False,6,"[-0.0011634, -0.0203452, 0.2868094]","[0.0264092, -0.0590453, 1.030325]"
3328,3328,99,55.817600000000084,-0.0995976,-4.152415,-0.38774943500430625,-0.44718365436081875,1.470717,-3.546588,False,6,"[-0.0044803, -0.0193813, 0.2882784]","[0.02634, -0.0635853, 1.02592]"
3329,3329,99,55.834100000000035,0.4028821,-4.53989,-0.1237877426821935,-0.8920565225705124,1.727603,-3.660952,False,6,"[-0.0035649, -0.0198033, 0.2868478]","[0.0308287, -0.0653981, 1.022121]"
3330,3330,99,55.850900000000024,0.1737066,-4.589945,-0.29790736155349085,-0.9120325582405311,2.019734,-3.944922,False,6,"[-0.0047142, -0.0175912, 0.2884496]","[0.0358831, -0.0701683, 1.017509]"
3331,3331,99,55.86710000000005,0.6110706,-5.444677,-0.1907539518776138,-1.8078242011324726,2.042895,-4.471271,False,6,"[-0.0005366, -0.018782, 0.2876531]","[0.0360991, -0.079137, 1.012019]"
3332,3332,99,55.884000000000015,0.3830835,-5.34987,-0.3297106238805104,-1.6855812727666528,2.137132,-4.383598,False,6,"[-0.0015191, -0.0203455, 0.2879348]","[0.0376121, -0.0772634, 1.007899]"
3333,3333,99,55.900600000000054,0.8271405,-5.49986,-0.05084692177253547,-1.8896052861826043,2.434778,-4.928437,False,6,"[0.0003908, -0.0188631, 0.2873891]","[0.0426366, -0.0864657, 1.00273]"
3334,3334,99,55.91730000000007,0.7325098,-5.201556,-0.04717122777940541,-1.5843672433415188,2.472334,-4.796459,False,6,"[-0.0005003, -0.0208959, 0.287821]","[0.0431289, -0.0838162, 0.9988809]"
3335,3335,99,55.93450000000007,1.832058,-4.541496,0.887713524624181,-1.075843461215479,2.843098,-4.789139,False,6,"[0.0020127, -0.0227275, 0.2862319]","[0.0494134, -0.0833618, 0.9949913]"
3336,3336,99,55.950300000000084,1.77559,-4.741755,0.800286668928099,-1.2654589265015908,3.101987,-4.638421,False,6,"[0.0008698, -0.0230329, 0.2869019]","[0.053707, -0.0804057, 0.9910351]"
3337,3337,99,55.9674,2.541686,-4.662976,1.361360936799183,-1.2857060169182546,3.312173,-4.042859,False,6,"[0.0030437, -0.0272002, 0.285373]","[0.0572083, -0.069867, 0.9885173]"
3338,3338,99,55.98400000000004,2.453839,-4.40754,1.3596830769069772,-1.0234635424544658,3.72533,-3.749358,False,6,"[0.0019111, -0.0267667, 0.2858306]","[0.0641388, -0.0645537, 0.9850678]"
3339,3339,99,56.001100000000065,2.641044,-4.937734,1.3666109084907374,-1.568405727535521,4.072316,-3.522509,False,6,"[0.0041223, -0.0274929, 0.2855324]","[0.0698855, -0.0604245, 0.981603]"
3340,3340,99,56.01700000000005,2.493448,-4.929205,1.264131074366421,-1.541206104192966,4.378841,-3.712717,False,6,"[0.0036628, -0.0260799, 0.2864831]","[0.0748178, -0.0634015, 0.9770612]"
3341,3341,99,56.03370000000007,2.964897,-4.795023,1.6297164616775484,-1.4694379380947717,4.515041,-4.06348,False,6,"[0.0091549, -0.022734, 0.2862119]","[0.0768476, -0.0691346, 0.9731755]"
3342,3342,99,56.05060000000003,2.852763,-4.829875,1.5420662734864996,-1.4893943150561357,4.569132,-4.355018,False,6,"[0.0088785, -0.0237569, 0.2864051]","[0.0774398, -0.0737965, 0.9690162]"
3343,3343,99,56.06709999999998,3.166002,-4.930752,1.7399446565260885,-1.6284717829190525,4.723638,-3.856898,False,6,"[0.0126709, -0.0232822, 0.2854454]","[0.0799302, -0.0652144, 0.9673226]"
3344,3344,99,56.0838,2.961699,-4.947994,1.591209451583202,-1.6193702250221937,4.917528,-3.929147,False,6,"[0.0122388, -0.0220131, 0.2855948]","[0.0829269, -0.0662003, 0.9638358]"
3345,3345,99,56.100599999999986,1.796807,-5.110617,0.7279157717720366,-1.6306817585407414,4.886601,-3.682675,False,6,"[0.013138, -0.0246066, 0.2848188]","[0.0822733, -0.0619383, 0.9623208]"
3346,3346,99,56.117000000000075,1.607718,-5.138813,0.5873570627228155,-1.6342854635554707,4.915115,-3.481416,False,6,"[0.0123897, -0.0245378, 0.2845163]","[0.0825825, -0.0584222, 0.9603065]"
3347,3347,99,56.13409999999999,1.795152,-4.81658,0.7964089407055375,-1.341490988598423,4.830373,-3.408096,False,6,"[0.014707, -0.0238196, 0.2839557]","[0.0810616, -0.0571253, 0.9592388]"
3348,3348,99,56.15070000000003,1.555758,-4.954868,0.5941497733010774,-1.4468797013051962,4.674418,-3.168874,False,6,"[0.0141292, -0.0239585, 0.2835406]","[0.0783443, -0.0530473, 0.9581589]"
3349,3349,99,56.16770000000008,1.807185,-4.85455,0.795932446246246,-1.380342043128695,4.629076,-3.084327,False,6,"[0.0156605, -0.0244253, 0.2831234]","[0.0775507, -0.0516089, 0.9577836]"
3350,3350,99,56.18400000000008,1.660254,-5.015857,0.6536849213768365,-1.5201421423634365,4.710461,-3.009648,False,6,"[0.01464, -0.0244975, 0.282966]","[0.0788204, -0.0502933, 0.9565722]"
3351,3351,99,56.20100000000002,1.685039,-4.875549,0.7044757177686969,-1.3854072315649502,4.604001,-2.963983,False,6,"[0.0088793, -0.025314, 0.2830452]","[0.0769844, -0.0494988, 0.9559904]"
3352,3352,99,56.216999999999985,1.433662,-5.253112,0.4370419648268802,-1.7244278455269404,4.653851,-3.074036,False,6,"[0.007939, -0.0254373, 0.2828551]","[0.07772, -0.0512731, 0.954743]"
3353,3353,99,56.23400000000004,1.444079,-5.101842,0.4802571436676979,-1.577087667682818,4.666878,-3.195721,False,6,"[0.0088755, -0.0238625, 0.2831878]","[0.0778498, -0.0532462, 0.9536561]"
3354,3354,99,56.25020000000006,1.185245,-5.465734,0.2107827150619117,-1.901721705027378,4.682237,-3.183405,False,6,"[0.0076887, -0.0245425, 0.28309]","[0.0780262, -0.0529856, 0.9526677]"
3355,3355,99,56.267600000000016,1.09331,-5.425109,0.1553162206873525,-1.8500744451053226,4.617725,-3.20807,False,6,"[0.008934, -0.0240486, 0.2831534]","[0.0768959, -0.0533619, 0.952042]"
3356,3356,99,56.28370000000007,0.8782765,-5.80193,-0.08620989368040677,-2.1929993281474607,4.531941,-3.234665,False,6,"[0.0082012, -0.0248336, 0.2829477]","[0.0754082, -0.0537673, 0.9513714]"
3357,3357,99,56.30060000000003,0.7867693,-5.705373,-0.12812176678649123,-2.0864366003463566,4.429977,-3.256821,False,6,"[0.0083232, -0.0241339, 0.2829285]","[0.0736483, -0.054095, 0.9506426]"
3358,3358,99,56.31690000000003,0.396186,-5.970746,-0.4675353374634166,-2.2974491072124064,4.353905,-3.200933,False,6,"[0.0070759, -0.0259945, 0.2827272]","[0.0723516, -0.0531448, 0.9502871]"
3359,3359,99,56.33440000000007,0.9670769,-5.816978,-0.026902901419307512,-2.2191098578931925,4.272662,-3.234824,False,6,"[0.0071252, -0.0252341, 0.2826402]","[0.0709714, -0.0536898, 0.9499519]"
3360,3360,99,56.350700000000074,0.6429105,-5.826406,-0.258652171967211,-2.187047065093963,4.200699,-3.251311,False,6,"[0.0058414, -0.0270159, 0.2823406]","[0.0697566, -0.0539523, 0.9497455]"
3361,3361,99,56.367399999999975,0.1259171,-6.006266,-0.6673060932152852,-2.2979010529740735,4.120319,-3.107297,False,6,"[0.0053826, -0.0267859, 0.2820459]","[0.0684757, -0.0516018, 0.9505576]"
3362,3362,99,56.384000000000015,-0.07210371,-5.61631,-0.7151177032345164,-1.8894059432673265,4.039352,-3.196373,False,6,"[0.0043156, -0.0286046, 0.281513]","[0.0671399, -0.0530954, 0.9507602]"
3363,3363,99,56.40089999999998,0.2396739,-4.977563,-0.343038035675304,-1.3013941076255637,3.983626,-3.00608,False,6,"[0.0038621, -0.0280977, 0.2812356]","[0.0662776, -0.0499789, 0.9517226]"
3364,3364,99,56.41750000000002,0.04922683,-4.26176,-0.3082857576436415,-0.5736219285338473,3.924021,-2.808408,False,6,"[0.0019395, -0.0293347, 0.2804782]","[0.065371, -0.0467501, 0.9530084]"
3365,3365,99,56.43439999999998,0.174487,-4.729545,-0.3304296599401033,-1.0493310313135904,3.902844,-2.580786,False,6,"[0.004733, -0.0285643, 0.2803839]","[0.0651205, -0.0430239, 0.9545235]"
3366,3366,99,56.45069999999998,-0.4993623,-4.400593,-0.7295896606306229,-0.6401263476430223,3.947253,-2.42537,False,6,"[0.0031372, -0.0285286, 0.279577]","[0.0660065, -0.0405174, 0.9565912]"
3367,3367,99,56.46760000000006,-0.06648929,-4.230689,-0.3828532935076647,-0.5283324428741354,4.040404,-2.129501,False,6,"[0.0006138, -0.0293861, 0.2792962]","[0.0677001, -0.0356387, 0.9584432]"
3368,3368,99,56.484500000000025,-0.2720582,-4.681649,-0.635243749585418,-0.9453278472619742,4.277158,-1.953327,False,6,"[-0.0003511, -0.0274371, 0.2790073]","[0.0718944, -0.032785, 0.9612906]"
3369,3369,99,56.501100000000065,0.112924,-4.819969,-0.39544112531669184,-1.130351009296409,4.33434,-2.303374,False,6,"[0.0011676, -0.0243096, 0.2791187]","[0.0730153, -0.038749, 0.9633502]"
3370,3370,99,56.51769999999999,0.2701358,-5.419736,-0.4262326444151612,-1.7398456932997366,4.174178,-2.847929,False,6,"[0.0002399, -0.0208063, 0.2792069]","[0.0705004, -0.048055, 0.965993]"
3371,3371,99,56.53539999999998,0.505663,-5.061107,-0.17450678195077385,-1.4174127044242466,3.943974,-3.151858,False,6,"[0.0008473, -0.0230187, 0.2782253]","[0.0667891, -0.0533445, 0.9687409]"
3372,3372,99,56.55110000000002,0.5406515,-5.427568,-0.2365583552264161,-1.7820315886954416,4.627387,-2.662213,False,6,"[-0.0024336, -0.0214878, 0.2792214]","[0.0787562, -0.0452437, 0.9730286]"
3373,3373,99,56.567999999999984,1.619305,-4.819564,0.6711991735800413,-1.3220045719472582,4.913259,-3.355477,False,6,"[-0.0003236, -0.020631, 0.278895]","[0.083835, -0.0571796, 0.9752415]"
3374,3374,16,56.58450000000005,1.431491,-5.375509,0.40650585689091234,-1.8444429180620263,5.34875,-3.231561,False,6,"[-0.0013272, -0.0228894, 0.279505]","[0.0915586, -0.0552149, 0.9779248]"
3375,3375,16,56.60120000000006,2.825094,-5.312436,1.408145003830974,-1.9601280281410878,5.614881,-3.375483,False,6,"[0.0005507, -0.023562, 0.2794245]","[0.0964069, -0.057838, 0.9806109]"
3376,3376,16,56.61850000000004,2.64964,-5.607341,1.2140498843877687,-2.2275918801795083,5.953737,-3.577668,False,6,"[0.0013207, -0.0265758, 0.2801129]","[0.1025, -0.0614514, 0.9828554]"
3377,3377,16,56.634900000000016,3.431122,-5.954559,1.6850880511549347,-2.668470714734079,6.187781,-3.672194,False,6,"[0.0024746, -0.0248322, 0.2803893]","[0.1068596, -0.0632567, 0.9856167]"
3378,3378,16,56.65120000000002,3.034545,-6.176005,1.3518382726855145,-2.8355475859942505,6.454649,-3.855137,False,6,"[0.0026506, -0.026688, 0.2808874]","[0.1117156, -0.0665418, 0.9874637]"
3379,3379,16,56.668300000000045,3.214536,-6.327138,1.4434677784286605,-3.007028625787166,6.508679,-4.251461,False,6,"[0.0079511, -0.0237146, 0.2812583]","[0.112937, -0.0735878, 0.9899019]"
3380,3380,16,56.68439999999998,3.009136,-6.388542,1.2834927629357806,-3.0411896538054517,6.56345,-4.413044,False,6,"[0.0070213, -0.0264385, 0.2809724]","[0.1140712, -0.0765132, 0.9914273]"
3381,3381,16,56.7011,3.495592,-6.425426,1.619173430039173,-3.1394585460855513,6.481875,-4.525026,False,6,"[0.0138937, -0.0261803, 0.2815507]","[0.1128595, -0.0786149, 0.9933492]"
3382,3382,16,56.718000000000075,3.324124,-6.703177,1.431964693368154,-3.3905716181458967,6.264625,-4.596856,False,6,"[0.0130192, -0.0276207, 0.2813264]","[0.1092231, -0.0799978, 0.9949618]"
3383,3383,16,56.73520000000008,3.496958,-6.155565,1.6840776032628881,-2.8744131194367233,6.005166,-4.450298,False,6,"[0.0169032, -0.0294056, 0.2819263]","[0.1048332, -0.077561, 0.9965574]"
3384,3384,16,56.751100000000065,3.139907,-6.591895,1.3279013767596237,-3.257717387818734,5.799081,-4.326413,False,6,"[0.0149307, -0.0304771, 0.2816446]","[0.1013029, -0.0754624, 0.9974673]"
3385,3385,16,56.76830000000007,2.714094,-6.054626,1.1537111181383524,-2.6754012654562764,5.5688,-4.081777,False,6,"[0.0158582, -0.0313081, 0.2823586]","[0.0973355, -0.07124, 0.9983017]"
3386,3386,16,56.789300000000026,2.298298,-6.265542,0.8093487765448197,-2.8296789756559653,5.271889,-3.753607,False,6,"[0.0149367, -0.0318141, 0.2841418]","[0.0921578, -0.0655252, 0.9987581]"
3387,3387,16,56.80140000000006,1.522133,-5.954919,0.33340484165657247,-2.42544360807741,5.061456,-3.668255,False,6,"[0.0172924, -0.0318803, 0.2830853]","[0.0883925, -0.0639826, 0.9980005]"
3388,3388,16,56.817999999999984,1.37401,-6.075861,0.1998768678327939,-2.5254209863750283,4.809549,-3.205417,False,6,"[0.0164167, -0.0332191, 0.2826457]","[0.0839481, -0.0558756, 0.9977168]"
3389,3389,16,56.835199999999986,1.630596,-5.834191,0.43880213315021965,-2.320620214554748,4.477208,-2.845726,False,6,"[0.0173382, -0.0305997, 0.2837238]","[0.0780215, -0.0495305, 0.9964249]"
3390,3390,16,56.85130000000004,1.358039,-6.15774,0.16916987398192018,-2.6038555497393467,4.337205,-2.594125,False,6,"[0.0155326, -0.0327208, 0.2831483]","[0.0754791, -0.0450893, 0.9951962]"
3391,3391,16,56.86810000000003,1.509858,-5.619468,0.4041909062960447,-2.094197164242325,4.331241,-2.260403,False,6,"[0.0134777, -0.0301561, 0.2843082]","[0.0752092, -0.039196, 0.9930084]"
3392,3392,16,56.88459999999998,1.092778,-5.971975,0.0253729154900737,-2.3874669091353624,4.459714,-1.959345,False,6,"[0.011396, -0.031175, 0.283945]","[0.0772759, -0.0338953, 0.9907899]"
3393,3393,16,56.901700000000005,1.580776,-5.563289,0.46771235436830727,-2.048025884466041,4.408806,-1.712701,False,6,"[0.0075756, -0.0297377, 0.2850925]","[0.0761238, -0.0295224, 0.9873328]"
3394,3394,16,56.918000000000006,1.441288,-5.872315,0.2957361693411429,-2.3339532442006403,4.320883,-1.388451,False,6,"[0.0068316, -0.030317, 0.284819]","[0.0743967, -0.0238656, 0.9846439]"
3395,3395,16,56.93550000000005,1.675099,-5.858534,0.46454355922639,-2.350218310650763,4.181541,-1.254494,False,6,"[0.0081318, -0.0291883, 0.2856581]","[0.0717242, -0.021483, 0.9810245]"
3396,3396,16,56.9511,1.347926,-6.10459,0.17460229529715454,-2.5503303652520435,4.167558,-1.002096,True,6,"[0.0067607, -0.0307679, 0.2851824]","[0.0712532, -0.0171045, 0.9778638]"
3397,3397,16,56.96810000000005,4.452622,-1.782504,3.3967953660764847,1.3015947506365664,4.198969,-1.088883,True,6,"[0.007551, -0.0281878, 0.2864792]","[0.0714233, -0.0184907, 0.9728398]"
3398,3398,16,56.98440000000005,4.065953,-1.869974,3.1023029914583327,1.264926395297191,4.350632,-1.197228,True,6,"[0.0054605, -0.0299461, 0.2862649]","[0.073684, -0.0202407, 0.9685177]"
3399,3399,16,57.00160000000005,2.57127,-3.696148,1.6113733847471514,-0.3392785025742735,4.453104,-1.219243,True,6,"[0.0079319, -0.0279961, 0.2874222]","[0.0749339, -0.0204784, 0.9621933]"
3400,3400,16,57.01780000000008,2.089834,-3.419097,1.3361487140188586,-0.005613323689179772,4.180289,-1.346629,True,6,"[0.007227, -0.0295427, 0.2872357]","[0.0699851, -0.022509, 0.9575254]"
3401,3401,16,57.03460000000007,2.433991,-3.264089,1.6165433336900275,0.10285136749074608,4.134219,-1.160746,True,6,"[0.0084075, -0.029499, 0.2874902]","[0.0687759, -0.019279, 0.9515043]"
3402,3402,16,57.05110000000002,1.750083,-3.258726,1.1335950277495663,0.19531495840258994,4.169757,-0.9444284,True,6,"[0.0067691, -0.0307672, 0.2876775]","[0.0690052, -0.0156031, 0.9465122]"
3403,3403,16,57.06810000000007,2.201119,-2.414473,1.6529617582689298,0.9675438983487377,4.175594,-0.8949046,True,6,"[0.0225738, -0.0090216, 0.2898918]","[0.0686162, -0.0146808, 0.939855]"
3404,3404,16,57.08460000000002,1.975784,-2.557046,1.4596413842245084,0.8561514739394576,4.262308,-0.8728058,True,6,"[0.0206347, -0.0094776, 0.2902882]","[0.0696186, -0.0142308, 0.934117]"
3405,3405,16,57.10149999999999,1.861608,-3.497103,1.1560790461400974,-0.05318067553539896,4.200632,-0.8456885,True,6,"[0.0129962, -0.0186951, 0.2894003]","[0.0680925, -0.0136851, 0.9271029]"
3406,3406,16,57.11800000000005,1.467183,-3.082669,0.9750092706044505,0.40441140198538106,4.253295,-0.9768105,False,6,"[0.0105844, -0.0173297, 0.2900585]","[0.0684875, -0.0157014, 0.9208935]"
3407,3407,16,57.13499999999999,2.130392,-3.855186,1.2615437786230541,-0.439372722333756,4.171269,-0.9455488,False,6,"[0.0123142, -0.0165218, 0.2897]","[0.0666738, -0.0150884, 0.9142005]"
3408,3408,16,57.151500000000055,1.941064,-3.910553,1.1143783436714785,-0.46964963467794973,4.324953,-0.786013,False,6,"[0.0088616, -0.0165134, 0.2900293]","[0.0686642, -0.012456, 0.9079163]"
3409,3409,16,57.16809999999998,2.495666,-3.914291,1.5061607229965142,-0.5440306878435148,4.306984,-1.136209,False,6,"[0.0111538, -0.0122362, 0.2901947]","[0.0678896, -0.0178783, 0.9014326]"
3410,3410,16,57.184600000000046,2.207872,-4.024933,1.2761835504802388,-0.6160782772225897,4.079268,-2.228291,False,6,"[0.0100205, -0.0129719, 0.2904688]","[0.0637817, -0.0347993, 0.8943383]"
3411,3411,16,57.201599999999985,2.312452,-3.782104,1.4077604809998205,-0.3907588833219613,4.180571,-1.772376,False,6,"[0.0093952, -0.017665, 0.2890597]","[0.0649703, -0.0275044, 0.8888535]"
3412,3412,16,57.21780000000001,2.00055,-3.934866,1.1507351060532085,-0.5011284600899018,4.529779,-2.169656,False,6,"[0.0074011, -0.0155619, 0.2889616]","[0.0699028, -0.033428, 0.8823358]"
3413,3413,16,57.23509999999999,2.418355,-3.357321,1.583383707659928,0.013216357898132358,4.419075,-1.714606,False,6,"[0.0107099, -0.0194012, 0.2879056]","[0.0677997, -0.026262, 0.8773171]"
3414,3414,16,57.25139999999999,2.245021,-3.722417,1.3741595299938523,-0.3235015414946236,4.337775,-1.18454,False,6,"[0.0097391, -0.0196439, 0.2873665]","[0.0662306, -0.018054, 0.873139]"
3415,3415,16,57.26819999999998,2.146728,-3.110711,1.4494952563215198,0.2902151217074489,4.13891,-1.204686,False,6,"[0.0125058, -0.0196327, 0.2869287]","[0.0628845, -0.0182743, 0.8690088]"
3416,3416,16,57.28470000000004,1.868735,-3.283476,1.211738826183989,0.1558634546425921,4.110737,-0.9133242,False,6,"[0.011035, -0.0201399, 0.2862243]","[0.0621779, -0.0137922, 0.8651533]"
3417,3417,16,57.30160000000001,1.957732,-3.145683,1.3073969839999855,0.27994010236199784,4.119807,-0.7661973,False,6,"[0.0115686, -0.0189382, 0.2864813]","[0.0620467, -0.0115202, 0.8614208]"
3418,3418,16,57.317999999999984,1.761184,-3.437999,1.0989803409099574,0.017710038581252086,4.104707,-0.5629706,False,6,"[0.0099816, -0.0196556, 0.2857558]","[0.0615463, -0.0084271, 0.8576275]"
3419,3419,16,57.33609999999999,1.365807,-3.461817,0.8134033466895962,0.044709114396948024,4.034848,-0.8967608,False,6,"[0.0121109, -0.0168224, 0.2867606]","[0.0602446, -0.0133686, 0.8540726]"
3420,3420,16,57.35149999999999,1.212779,-3.670859,0.6555293872707363,-0.14122765743441246,3.771774,-1.091471,False,6,"[0.0111827, -0.0185584, 0.2852508]","[0.0560548, -0.0161996, 0.8502797]"
3421,3421,16,57.36850000000004,1.69485,-3.248827,1.0968344166276744,0.21208547079194817,3.631282,-1.259523,False,6,"[0.0107417, -0.0155732, 0.2865586]","[0.0537871, -0.0186343, 0.8475379]"
3422,3422,16,57.384900000000016,1.35293,-3.341905,0.8326964444444502,0.16420042750266894,3.533163,-1.663556,False,6,"[0.0092905, -0.016336, 0.2847472]","[0.05209, -0.0245019, 0.8436495]"
3423,3423,16,57.40190000000007,0.9774366,-3.625103,0.49974358780915773,-0.06625434414921338,3.412187,-1.671254,False,6,"[0.0097785, -0.0157218, 0.2860711]","[0.0501168, -0.0245246, 0.8405424]"
3424,3424,16,57.41780000000006,0.7258151,-3.819152,0.2756159175102434,-0.22488609791014014,3.460741,-1.59226,False,6,"[0.0087397, -0.0170759, 0.2842363]","[0.0506526, -0.0232825, 0.8375807]"
3425,3425,16,57.43500000000006,0.8212801,-3.525535,0.4127722523325338,0.051509868152222804,3.349107,-1.648621,False,6,"[0.0068104, -0.0172796, 0.2856434]","[0.0488261, -0.0240142, 0.8343546]"
3426,3426,16,57.45150000000001,0.6537065,-3.8493,0.2174189179395487,-0.2453223005294416,3.291368,-1.633029,False,6,"[0.0060052, -0.0181989, 0.2836641]","[0.0478255, -0.0237092, 0.8316249]"
3427,3427,16,57.468399999999974,0.5177815,-4.019694,0.08081089105344685,-0.3954562872284919,3.131742,-1.779404,False,6,"[0.0084456, -0.0162018, 0.2854267]","[0.0453326, -0.0257399, 0.8285428]"
3428,3428,16,57.484800000000064,0.3600162,-4.263982,-0.08876784555738682,-0.6154288846001155,3.116061,-1.808356,False,6,"[0.006694, -0.0165508, 0.2834356]","[0.0449723, -0.0260819, 0.8261013]"
3429,3429,16,57.5018,1.008178,-3.916842,0.4523885589961262,-0.35689492274347767,3.097955,-1.942483,False,6,"[0.0048655, -0.0180674, 0.2851792]","[0.0445554, -0.0279206, 0.823236]"
3430,3430,16,57.51819999999998,0.8507589,-4.011801,0.3184348241307282,-0.43015101153264634,3.071104,-2.089131,False,6,"[0.0035846, -0.0188889, 0.2829559]","[0.0440341, -0.029939, 0.8207314]"
3431,3431,16,57.53530000000001,0.3240184,-4.176075,-0.09342749119388938,-0.5244443899107942,3.003709,-2.324357,False,6,"[0.0040945, -0.0175976, 0.2856289]","[0.04287, -0.0331619, 0.8169972]"
3432,3432,16,57.55140000000006,0.291137,-4.36426,-0.16129397609285823,-0.7052006234075163,2.768666,-2.425541,False,6,"[0.0032296, -0.0190451, 0.2830546]","[0.0393802, -0.0344935, 0.8143129]"
3433,3433,16,57.56820000000005,-0.1191289,-4.341958,-0.44648555857505423,-0.630976562787442,2.677607,-2.51709,False,6,"[0.0025748, -0.0200212, 0.2849086]","[0.0379221, -0.0356458, 0.8108722]"
3434,3434,16,57.5847,-0.1310112,-4.54073,-0.50199264288931,-0.8248149255772681,2.558184,-2.477026,False,6,"[0.0017779, -0.0210961, 0.2829478]","[0.0361304, -0.0349827, 0.8086773]"
3435,3435,16,57.60140000000001,-0.6123672,-4.723683,-0.88614746709942,-0.9432522011031654,2.433959,-2.54931,False,6,"[0.0050135, -0.019506, 0.2848909]","[0.0342337, -0.0358582, 0.8053812]"
3436,3436,16,57.61829999999998,-0.6556062,-5.086053,-1.0026162282608746,-1.2938770636039711,2.287472,-2.589467,False,6,"[0.0041934, -0.0198051, 0.2823905]","[0.032077, -0.0363173, 0.8030259]"
3437,3437,16,57.635200000000054,-1.048058,-5.157339,-1.297368520962375,-1.3139025113414764,2.159044,-2.69356,False,6,"[0.0016094, -0.0207792, 0.2845852]","[0.0301549, -0.0376303, 0.7998583]"
3438,3438,16,57.65129999999999,-0.998893,-5.185032,-1.2691200178545472,-1.3473873577180582,1.990031,-2.66667,False,6,"[0.0014329, -0.0215216, 0.2819974]","[0.0277174, -0.0371535, 0.7977005]"
3439,3439,16,57.66860000000008,-1.403816,-4.860528,-1.4789292958639129,-0.9768401360016599,1.832342,-2.762837,False,6,"[-0.0005907, -0.0215691, 0.2840773]","[0.0254357, -0.0383691, 0.7950822]"
3440,3440,16,57.684799999999996,-1.384642,-4.944864,-1.4853351357903795,-1.0621701486801731,1.636027,-2.740104,False,6,"[-0.0006433, -0.0223437, 0.2813461]","[0.0226608, -0.0379722, 0.7933956]"
3441,3441,16,57.70170000000007,-2.034721,-4.487814,-1.8373156290697752,-0.530101184627199,1.509268,-2.615966,False,6,"[-0.0030267, -0.0233996, 0.2831808]","[0.0208525, -0.0361597, 0.7914307]"
3442,3442,16,57.7183,-2.148062,-4.399828,-1.8967169087074103,-0.42917840580895117,1.43622,-2.479932,False,6,"[-0.0032056, -0.024933, 0.2801391]","[0.0198248, -0.0342459, 0.7907145]"
3443,3443,16,57.7355,-2.317342,-4.085831,-1.9421761612182822,-0.09900007947138079,1.404416,-2.258366,False,6,"[-0.0051664, -0.0254891, 0.2824075]","[0.0193497, -0.0311251, 0.7892501]"
3444,3444,16,57.75150000000008,-2.28665,-3.963115,-1.891371102412963,0.017692305821777943,1.389722,-2.098796,False,6,"[-0.0048674, -0.0253324, 0.2791643]","[0.0191437, -0.0289187, 0.7891076]"
3445,3445,16,57.76840000000004,-2.456061,-3.788788,-1.9700145254045376,0.21061955928845189,1.365834,-1.99789,False,6,"[-0.0069, -0.023943, 0.2815618]","[0.0187958, -0.0274997, 0.7883211]"
3446,3446,16,57.78480000000002,-2.574928,-4.057203,-2.117768886530162,-0.03802429455247491,1.445187,-1.705078,False,6,"[-0.0067291, -0.0240864, 0.2783941]","[0.0199123, -0.0234951, 0.7892728]"
3447,3447,16,57.80160000000001,-2.368787,-3.225628,-1.7747958844825176,0.7529668628669421,1.465312,-1.824033,False,6,"[-0.0099651, -0.022015, 0.2804896]","[0.0202006, -0.0251489, 0.7897013]"
3448,3448,16,57.81820000000005,-2.35655,-3.424222,-1.8131839057732222,0.556228419678281,1.47756,-1.718078,False,6,"[-0.0104104, -0.0213553, 0.2775479]","[0.0204162, -0.0237414, 0.7915084]"
3449,3449,16,57.835199999999986,-2.379767,-3.513026,-1.8506619064078578,0.4719117688097394,1.61411,-1.798185,False,6,"[-0.0113239, -0.0199887, 0.2798276]","[0.0223399, -0.0248892, 0.792786]"
3450,3450,16,57.85170000000005,-2.051885,-3.392399,-1.5899360184550857,0.5486617220466217,1.692983,-1.719836,False,6,"[-0.0110548, -0.0191801, 0.2768495]","[0.0235186, -0.0238918, 0.7957091]"
3451,3451,16,57.86829999999998,-1.479216,-3.57121,-1.2268411868111782,0.29991540241861747,1.78113,-1.945602,False,6,"[-0.0119684, -0.0184784, 0.2790316]","[0.0247894, -0.0270802, 0.7971747]"
3452,3452,16,57.88459999999998,-1.245628,-4.090506,-1.184491355435214,-0.24022968419641444,1.989668,-1.779262,False,6,"[-0.0124434, -0.0196261, 0.2766957]","[0.0278139, -0.0248705, 0.8006238]"
3453,3453,16,57.90210000000002,-1.357886,-4.275494,-1.3078004229327322,-0.4077240186411659,2.112256,-2.278975,False,6,"[-0.0115505, -0.0157362, 0.279221]","[0.0295989, -0.0319374, 0.8025166]"
3454,3454,16,57.91809999999998,-1.351382,-4.712889,-1.4068256166059276,-0.8384253408437825,1.879781,-2.708803,False,6,"[-0.0113972, -0.0165712, 0.276948]","[0.0264463, -0.0381244, 0.8057946]"
3455,3455,16,57.93520000000001,-1.516321,-5.003841,-1.5925393628925772,-1.103344760571253,1.905164,-2.816339,False,6,"[-0.0115835, -0.0171112, 0.2787256]","[0.0268802, -0.0397534, 0.8080941]"
3456,3456,16,57.95180000000005,-1.262379,-5.163843,-1.450652538023784,-1.2929704241602176,2.165247,-3.047626,False,6,"[-0.0099557, -0.016472, 0.2778782]","[0.0306774, -0.0431992, 0.811384]"
3457,3457,16,57.96900000000005,-1.065675,-5.04794,-1.2839222273545976,-1.2041390697352217,2.021125,-3.321289,False,6,"[-0.007209, -0.0174232, 0.2791725]","[0.0287113, -0.0472142, 0.8135831]"
3458,3458,16,57.98520000000008,-0.7219329,-5.260653,-1.0909439396761247,-1.4570179397842082,2.060786,-3.446295,False,6,"[-0.0060433, -0.0198762, 0.2779329]","[0.0293883, -0.0491848, 0.8167268]"
3459,3459,16,58.002000000000066,-0.6930949,-4.857821,-0.9750848508828205,-1.0647909822319388,2.006307,-3.394869,False,6,"[-0.0066159, -0.0208658, 0.2791032]","[0.0286822, -0.0485701, 0.8187664]"
3460,3460,16,58.01840000000004,-0.1616623,-4.889946,-0.6064324272264656,-1.164116884753323,2.167431,-3.284787,False,6,"[-0.0065667, -0.0229486, 0.2783618]","[0.0311007, -0.047163, 0.8217512]"
3461,3461,16,58.03530000000001,-0.3887313,-4.698431,-0.7218264523281384,-0.9469463163522986,2.312066,-3.017861,False,6,"[-0.0073986, -0.0244718, 0.2794986]","[0.0332556, -0.043424, 0.8236667]"
3462,3462,16,58.051900000000046,-0.06387074,-4.887268,-0.5365597890126657,-1.173952590611198,2.384407,-2.92854,False,6,"[-0.0061511, -0.0252258, 0.2791361]","[0.0343851, -0.0422444, 0.8257759]"
3463,3463,16,58.06849999999997,-0.298682,-4.9961,-0.7285954105540726,-1.2509761886831727,2.357673,-2.817027,False,6,"[-0.0052158, -0.0247679, 0.2803963]","[0.0340333, -0.0406739, 0.8266044]"
3464,3464,16,58.085500000000025,-0.1525911,-4.90755,-0.6041806984564126,-1.1825746142015525,2.446894,-2.875296,False,6,"[-0.0035298, -0.0257925, 0.2801261]","[0.0353766, -0.04158, 0.8278645]"
3465,3465,16,58.103500000000054,-0.3173512,-4.679538,-0.6668118429893666,-0.9374786577005381,2.281615,-2.966908,False,6,"[-0.0034027, -0.0239052, 0.2812745]","[0.0330038, -0.0429323, 0.8283514]"
3466,3466,16,58.119500000000016,-0.9743367,-4.44808,-1.0771308150753542,-0.6262411462453477,2.29424,-2.910312,False,6,"[-0.0007922, -0.0240205, 0.280766]","[0.0332313, -0.0421686, 0.8294661]"
3467,3467,16,58.13650000000007,-0.5062373,-4.576436,-0.7761190175073325,-0.8120684640165052,2.188843,-2.877194,False,6,"[-0.0019111, -0.0231501, 0.2816749]","[0.0317098, -0.0416968, 0.8296418]"
3468,3468,16,58.15250000000003,-0.06411752,-4.201213,-0.3741904149253801,-0.49966579113456344,2.170257,-2.813513,False,6,"[-0.0003135, -0.0240443, 0.2811992]","[0.031469, -0.0408096, 0.8303989]"
3469,3469,16,58.169500000000085,-0.2383674,-4.300203,-0.5210156869046954,-0.5747377589703175,2.112103,-2.564221,False,6,"[-0.0014688, -0.0246314, 0.281759]","[0.0306249, -0.0371884, 0.830395]"
3470,3470,16,58.186500000000024,0.4988517,-4.00696,0.07042527099881468,-0.38052790411630255,2.215516,-2.295021,False,6,"[-0.0007499, -0.024178, 0.2815877]","[0.0321437, -0.0332985, 0.8308595]"
3471,3471,16,58.203500000000076,0.172171,-4.016235,-0.16306791869992743,-0.3479941895561134,2.254598,-2.242857,False,6,"[-0.0015636, -0.0231072, 0.2822929]","[0.0326889, -0.0325185, 0.8302884]"
3472,3472,16,58.22550000000001,0.2010112,-3.955655,-0.12829558568712152,-0.2921330190350506,2.345455,-2.105975,False,6,"[-0.0048255, -0.0220719, 0.2837374]","[0.0339907, -0.0305168, 0.8298745]"
3473,3473,16,58.23649999999998,0.4138449,-4.047853,0.0005503508685331671,-0.4098798823822767,2.576375,-2.057062,False,6,"[-0.002499, -0.0226385, 0.2828248]","[0.0372908, -0.0297669, 0.828747]"
3474,3474,16,58.252500000000055,0.07954318,-4.024323,-0.23056630615839369,-0.3441337712886221,2.623975,-1.888701,False,6,"[-0.0003167, -0.0207912, 0.2830397]","[0.0379409, -0.0273001, 0.8278788]"
3475,3475,16,58.269499999999994,0.7756192,-3.880883,0.29625243586108285,-0.2919049948169059,2.730258,-1.767115,False,6,"[-0.0011787, -0.0213034, 0.2833125]","[0.0394232, -0.0255048, 0.8266879]"
3476,3476,16,58.286500000000046,1.244911,-3.999799,0.6003450528065355,-0.4686066954588055,2.741622,-1.67248,False,6,"[0.0024684, -0.0198593, 0.2835065]","[0.0395345, -0.0241058, 0.8255805]"
3477,3477,16,58.30250000000001,0.6231833,-4.126002,0.13025012324146146,-0.5133737556877254,2.914778,-1.609325,False,6,"[0.0008531, -0.0199325, 0.2838921]","[0.0419623, -0.0231546, 0.8241414]"
3478,3478,16,58.32050000000004,0.948685,-4.193413,0.34473967169452624,-0.6211242119124316,3.040464,-1.460144,False,6,"[0.0009979, -0.019668, 0.2844293]","[0.0437057, -0.0209739, 0.8228351]"
3479,3479,16,58.3365,0.8485348,-3.866752,0.35122596586574817,-0.28731319715548675,3.108088,-1.430038,False,6,"[0.002052, -0.0201035, 0.2840841]","[0.0445739, -0.0204927, 0.8208877]"
3480,3480,16,58.35250000000008,1.266864,-3.956593,0.6261247785588623,-0.42894264114455183,3.202221,-1.300076,False,6,"[0.0003953, -0.0200301, 0.2847075]","[0.045842, -0.0185953, 0.819375]"
3481,3481,16,58.369500000000016,0.6670374,-3.736384,0.25361013902863483,-0.13604795996204677,3.414946,-1.262921,False,6,"[0.0038525, -0.0193045, 0.2845674]","[0.0487317, -0.0180036, 0.8166491]"
3482,3482,16,58.38650000000007,1.058211,-3.871394,0.49858060805812254,-0.3186074059247055,3.268154,-1.161678,False,6,"[0.0061785, -0.0198801, 0.2843129]","[0.0465219, -0.0165207, 0.8147155]"
3483,3483,16,58.40250000000003,1.120677,-3.500062,0.6307857532967855,0.0383740269017987,3.361464,-1.011422,False,6,"[0.0030965, -0.0205361, 0.2846822]","[0.0477332, -0.0143473, 0.8126726]"
3484,3484,16,58.419500000000085,1.454582,-3.372141,0.8975041680441048,0.12152464387590944,3.388225,-0.9232154,False,6,"[0.0047061, -0.0208372, 0.284196]","[0.0479841, -0.0130605, 0.8104769]"
3485,3485,16,58.436500000000024,1.230546,-3.432418,0.7246015508482486,0.09084717403502518,3.607898,-0.8086794,False,6,"[0.004222, -0.0192674, 0.2850621]","[0.0509266, -0.0114004, 0.8076788]"
3486,3486,16,58.452499999999986,2.000677,-3.263802,1.3098173689901205,0.15837752005567562,3.656567,-0.8767366,False,6,"[0.0062962, -0.019692, 0.2847075]","[0.05144, -0.012318, 0.8049331]"
3487,3487,16,58.46950000000004,1.665596,-3.494855,1.017831698539613,-0.02598136847733068,3.914876,-0.8327385,False,6,"[0.0033259, -0.0186555, 0.2856686]","[0.0548379, -0.0116473, 0.8013259]"
3488,3488,16,58.48649999999998,2.408205,-3.024643,1.6550173146994578,0.3414665747815704,4.053987,-0.7700652,False,6,"[0.0052689, -0.019303, 0.2852454]","[0.0565593, -0.0107263, 0.7980296]"
3489,3489,16,58.502500000000055,2.26683,-3.033028,1.5529346961941684,0.35124997899342425,4.148654,-0.8681929,False,6,"[0.0055977, -0.0175021, 0.2861513]","[0.0575996, -0.0120338, 0.7940997]"
3490,3490,16,58.519499999999994,2.122997,-3.033577,1.4509683205058947,0.3690479849729078,4.265708,-1.046907,False,6,"[0.0072621, -0.0168514, 0.2859896]","[0.0589432, -0.0144409, 0.7902451]"
3491,3491,16,58.536500000000046,2.094574,-3.0118,1.4360038668440425,0.39407414235004534,4.411387,-1.179024,False,6,"[0.0061598, -0.0171998, 0.2867655]","[0.0606359, -0.0161763, 0.7859915]"
3492,3492,16,58.55250000000001,2.270605,-3.585912,1.4246150038471215,-0.1926060879188709,4.321743,-1.292457,False,6,"[0.0100044, -0.0163317, 0.2863908]","[0.0590764, -0.0176368, 0.7817225]"
3493,3493,16,58.56950000000006,0.9328981,-3.721267,0.4454258151769225,-0.1550860865236272,4.385458,-1.282479,False,6,"[0.0083416, -0.0175196, 0.2868655]","[0.059681, -0.0174219, 0.7782056]"
3494,3494,16,58.5865,1.380783,-3.797932,0.7443723190365675,-0.28753426512398095,4.506952,-1.342668,False,6,"[0.0120479, -0.015137, 0.2864735]","[0.060973, -0.0181303, 0.7735354]"
3495,3495,16,58.60250000000008,0.9090524,-3.400011,0.5046564588405994,0.16368467354383798,4.399845,-1.505278,False,6,"[0.0113671, -0.0152155, 0.2871617]","[0.0591986, -0.0202179, 0.7693811]"
3496,3496,16,58.62049999999999,0.9699817,-3.360503,0.5571559416993321,0.1947451625913521,4.428044,-1.275094,False,6,"[0.0106541, -0.015231, 0.2874024]","[0.0592371, -0.0170267, 0.76496]"
3497,3497,16,58.63650000000007,0.9308912,-3.448018,0.5087446201074146,0.11371908683500465,4.356466,-1.520849,False,6,"[0.0104991, -0.0151039, 0.2870691]","[0.0579634, -0.0202008, 0.7608588]"
3498,3498,16,58.65250000000003,1.280784,-3.749084,0.6851446107691757,-0.22677733914753828,4.467227,-0.9897166,False,6,"[0.011324, -0.0178978, 0.2855979]","[0.0591303, -0.0130751, 0.7568565]"
3499,3499,16,58.669500000000085,0.9557077,-3.173655,0.5913188011102547,0.38019933001002837,4.82955,-0.7270232,False,6,"[0.0046614, -0.0186187, 0.2862666]","[0.0636344, -0.0095571, 0.7531436]"
3500,3500,16,58.686500000000024,1.348689,-3.135112,0.8786883291721387,0.3679774272573706,4.773918,-0.7323393,False,6,"[0.0068681, -0.0189151, 0.284936]","[0.0625641, -0.0095759, 0.7491454]"
3501,3501,16,58.703500000000076,1.688617,-2.620499,1.241288428219793,0.8304013294685562,4.755309,-0.5658786,False,6,"[0.0045413, -0.0170037, 0.286204]","[0.0619859, -0.0073596, 0.7451407]"
3502,3502,16,58.720500000000015,1.845862,-2.966288,1.270694344650829,0.47051216993223344,4.826741,-0.3035155,False,6,"[0.0048421, -0.016793, 0.2859879]","[0.0626245, -0.0039287, 0.7416244]"
3503,3503,16,58.73649999999998,1.519629,-2.668429,1.1102860892200241,0.804840317728369,5.020788,-0.17816,False,6,"[0.0046432, -0.0172176, 0.2857589]","[0.0648196, -0.0022942, 0.737808]"
3504,3504,16,58.752500000000055,1.742213,-2.783645,1.2405818532993171,0.6632282620724292,5.301406,0.07311576,False,6,"[0.0063544, -0.0186239, 0.2842148]","[0.0681628, 0.0009374, 0.7345771]"
3505,3505,16,58.770500000000084,1.666415,-2.796426,1.183887382973262,0.6603307284370916,5.559046,-0.005616023,False,6,"[0.0047645, -0.0158365, 0.2856124]","[0.0710969, -7.16e-05, 0.7304782]"
3506,3506,16,58.786500000000046,2.030338,-2.763236,1.4494148580299946,0.6465525956591156,5.496903,-0.2838263,False,6,"[0.0066987, -0.0155841, 0.2845234]","[0.0699871, -0.0036026, 0.7272558]"
3507,3507,16,58.803499999999985,2.343904,-2.576126,1.71575630018004,0.7904672642425199,5.566018,-0.2952649,False,6,"[0.0084199, -0.0130718, 0.2856081]","[0.07056, -0.0037313, 0.7240483]"
3508,3508,16,58.81950000000006,2.622414,-2.700448,1.8834912137400392,0.6327757051670759,5.727369,-0.2065148,False,6,"[0.0091534, -0.0147176, 0.2840251]","[0.0723779, -0.0026011, 0.7216443]"
3509,3509,16,58.8365,2.297555,-2.617207,1.6732072429320957,0.7560019573977819,6.017559,-0.2806278,False,6,"[0.0075621, -0.0132854, 0.2850538]","[0.0756895, -0.0035168, 0.718021]"
3510,3510,16,58.85250000000008,2.836739,-2.638807,2.0498414382124697,0.6660317904346091,6.077714,-0.2475709,False,6,"[0.0086292, -0.013794, 0.2836991]","[0.0762421, -0.003094, 0.7160515]"
3511,3511,16,58.869500000000016,2.511303,-2.458278,1.8621989740467184,0.8849463204680026,6.177623,-0.08659691,False,6,"[0.00828, -0.0139019, 0.2846085]","[0.0771983, -0.001078, 0.7132168]"
3512,3512,16,58.88650000000007,2.831275,-2.644638,2.0445913156665867,0.6609976960731911,6.101769,-0.01811965,False,6,"[0.0100315, -0.0136575, 0.2829693]","[0.0760965, -0.0002251, 0.7118451]"
3513,3513,16,58.90350000000001,2.201261,-2.842094,1.5517478685982649,0.5472595746287903,6.096824,0.01796472,False,6,"[0.011639, -0.0127936, 0.2843506]","[0.0757663, 0.0002224, 0.7093348]"
3514,3514,16,58.919500000000085,2.524689,-3.082821,1.7237061767264392,0.2694384118453801,6.007774,0.03268158,False,6,"[0.0129474, -0.0133332, 0.2826827]","[0.0745549, 0.0004041, 0.7084175]"
3515,3515,16,58.9375,2.081108,-2.787239,1.4796739855100374,0.61648965914523,6.061599,0.07726143,False,6,"[0.011392, -0.012979, 0.2839383]","[0.0750505, 0.000953, 0.7067478]"
3516,3516,16,58.953500000000076,2.253753,-3.102917,1.527117445238035,0.28423023408677084,6.013395,0.06692287,False,6,"[0.0139888, -0.0130113, 0.2823122]","[0.0743904, 0.0008248, 0.7061889]"
3517,3517,16,58.96950000000004,1.743158,-3.206653,1.141029440312773,0.24737522188650596,5.970131,0.0730041,False,6,"[0.0124391, -0.0121762, 0.283619]","[0.0737412, 0.0008985, 0.7051361]"
3518,3518,16,58.98649999999998,1.864442,-3.540534,1.1477956457207539,-0.09622600537184534,5.849064,-0.09134545,False,6,"[0.0139464, -0.0130257, 0.2819993]","[0.0722072, -0.0011237, 0.7048627]"
3519,3519,16,59.00350000000003,1.473754,-3.287776,0.9310665238366957,0.2019943477486188,5.707331,-0.2451476,False,6,"[0.0108907, -0.0140659, 0.2833311]","[0.0703325, -0.003011, 0.7037294]"
3520,3520,16,59.019499999999994,1.294961,-3.285019,0.8051311274560842,0.22749861481134603,5.58314,-0.4559858,False,6,"[0.0124085, -0.0151565, 0.281419]","[0.0687805, -0.0055998, 0.7036093]"
3521,3521,16,59.036500000000046,1.182608,-3.558513,0.6607854474301859,-0.026967366998036812,5.339962,-0.5285923,False,6,"[0.0102842, -0.0137785, 0.2830139]","[0.0656851, -0.0064834, 0.7027343]"
3522,3522,16,59.05250000000001,1.208317,-3.721143,0.6404566378391973,-0.1900779385220548,5.148639,-0.5248637,False,6,"[0.0110778, -0.0152587, 0.2814776]","[0.0633696, -0.0064428, 0.7032984]"
3523,3523,16,59.06950000000006,0.6106162,-3.848422,0.1871182455698288,-0.2389657309675144,5.104726,-0.5532161,False,6,"[0.0085982, -0.0158286, 0.2825265]","[0.0627946, -0.0067874, 0.7029443]"
3524,3524,16,59.0865,0.947613,-3.808305,0.43522268033327816,-0.24250312691853138,4.936719,-0.5097832,False,6,"[0.0091447, -0.0173817, 0.280926]","[0.0607678, -0.0062597, 0.703528]"
3525,3525,16,59.10250000000008,0.4153302,-3.610277,0.10527499355872572,0.01998075453834458,4.794626,-0.3929264,False,6,"[0.0072562, -0.0162019, 0.2820385]","[0.0590077, -0.0048245, 0.7034954]"
3526,3526,16,59.119500000000016,0.700617,-3.794624,0.2635865327370877,-0.1975674048979661,4.632799,-0.3893385,False,6,"[0.0063869, -0.0162172, 0.2825434]","[0.0570909, -0.0047875, 0.7045273]"
3527,3527,16,59.13650000000007,-0.2161895,-3.673243,-0.35677037093538644,0.038611464551051355,4.531429,-0.3427524,False,6,"[0.0058091, -0.0174997, 0.281401]","[0.0558525, -0.0042159, 0.7047305]"
3528,3528,16,59.15250000000003,0.1830454,-3.68244,-0.07628401919524685,-0.02132662807483454,4.479016,-0.2517636,False,6,"[0.0059073, -0.0182151, 0.2800704]","[0.0553375, -0.0031042, 0.7064375]"
3529,3529,16,59.169500000000085,-0.2444427,-3.623212,-0.3649205029242393,0.09138402486973218,4.518587,-0.09414161,False,6,"[0.0029897, -0.0188701, 0.2805181]","[0.0559455, -0.0011632, 0.7079192]"
3530,3530,16,59.186500000000024,0.06580185,-3.605317,-0.1410220976084957,0.06941753078295809,4.556053,-0.138738,False,6,"[0.0046188, -0.0185881, 0.279245]","[0.0565818, -0.0017194, 0.7100581]"
3531,3531,16,59.203500000000076,-0.2328279,-3.369335,-0.29654701961659347,0.33941372457652585,4.318455,-0.1067254,False,6,"[0.0020274, -0.0176461, 0.2796761]","[0.0537897, -0.0013268, 0.7123107]"
3532,3532,16,59.21950000000004,0.05216888,-3.09401,-0.029532684175011648,0.5736685055971416,4.402802,0.009322022,False,6,"[0.0034019, -0.0184512, 0.2781916]","[0.055088, 0.0001164, 0.7154757]"
3533,3533,16,59.23750000000007,0.001968937,-2.565346,0.06017898709034486,1.0996399504635148,4.500555,0.1879954,False,6,"[-0.0010517, -0.0178935, 0.2787227]","[0.0565371, 0.0023568, 0.7182825]"
3534,3534,16,59.25350000000003,0.07054353,-2.112035,0.2161320604732624,1.536411605179445,4.417303,0.410466,False,6,"[0.000886, -0.0178494, 0.277339]","[0.055818, 0.0051765, 0.7225672]"
3535,3535,16,59.270500000000084,-0.06982423,-2.615502,-0.002535090848520327,1.059499656159593,4.38496,0.6264164,False,6,"[-0.0011834, -0.017564, 0.2773792]","[0.0557711, 0.007952, 0.7273064]"
3536,3536,16,59.286500000000046,-0.8442838,-2.989489,-0.63947329215517,0.7906824050047563,4.335088,0.7108295,False,6,"[0.0003172, -0.0174038, 0.2762164]","[0.0555286, 0.0090882, 0.7325066]"
3537,3537,16,59.303499999999985,-1.165844,-3.05669,-0.8830652387191675,0.7656335829588929,4.302872,0.6680384,False,6,"[-0.0011239, -0.0162834, 0.2765818]","[0.0555184, 0.0086036, 0.737876]"
3538,3538,16,59.32050000000004,-1.593342,-3.181015,-1.215197164887067,0.6979494804516428,4.045635,0.6323084,False,6,"[0.000251, -0.0148991, 0.2756371]","[0.0526232, 0.0082114, 0.7440304]"
3539,3539,16,59.3365,-1.299058,-3.312556,-1.038004347852259,0.5311520235478837,3.716189,0.2430233,False,6,"[9.5e-06, -0.0123755, 0.276217]","[0.0487017, 0.0031804, 0.7498239]"
3540,3540,16,59.353500000000054,-1.36421,-3.371426,-1.0980809333287616,0.48160090793531607,3.30468,-0.04986034,False,6,"[0.0003393, -0.010163, 0.2755804]","[0.0436664, -0.0006581, 0.7562377]"
3541,3541,16,59.37049999999999,-1.389144,-3.096083,-1.0504987974580655,0.7553870888741088,2.930281,0.06677672,False,6,"[-0.0003363, -0.0126073, 0.2759861]","[0.03904, 0.0008889, 0.7626834]"
3542,3542,16,59.38650000000007,-1.356277,-3.135253,-1.0365087629876075,0.7127005041961962,2.876514,-0.008659608,False,6,"[-0.0040695, -0.0144214, 0.2761462]","[0.038641, -0.0001162, 0.7690226]"
3543,3543,16,59.40350000000001,-1.928264,-2.606534,-1.316218509592628,1.3052497029868912,2.893635,0.1915698,False,6,"[-0.0056104, -0.0147217, 0.2756872]","[0.0392101, 0.0025937, 0.7757232]"
3544,3544,16,59.42050000000006,-1.856026,-2.908865,-1.3367027305553432,0.9989088128669192,3.109375,0.6421304,False,6,"[-0.0076861, -0.0153567, 0.2763173]","[0.0424644, 0.0087613, 0.7817136]"
3545,3545,16,59.436500000000024,-2.113014,-2.554617,-1.4347242970430991,1.379827922781462,2.931224,0.8119165,False,6,"[-0.0062632, -0.015986, 0.2761945]","[0.0403251, 0.0111606, 0.7875341]"
3546,3546,16,59.453500000000076,-1.88562,-2.802264,-1.332399282669765,1.1074493503477614,2.808562,1.059689,False,6,"[-0.0065745, -0.0162636, 0.2760732]","[0.0389295, 0.0146783, 0.7935408]"
3547,3547,16,59.470500000000015,-1.822391,-3.045955,-1.3453687084318808,0.859888469360448,2.708961,1.126517,False,6,"[-0.0067162, -0.0149804, 0.2769566]","[0.0377817, 0.0157018, 0.7985054]"
3548,3548,16,59.48649999999998,-1.591495,-3.117534,-1.1988491724391435,0.7601031741324569,2.715916,1.031319,False,6,"[-0.0065567, -0.0151692, 0.2769355]","[0.0381348, 0.0144717, 0.8039007]"
3549,3549,16,59.50350000000003,-1.34208,-2.793542,-0.9454968997459297,1.0467243109757502,2.941924,0.8625874,False,6,"[-0.0093516, -0.0126451, 0.2777668]","[0.0415918, 0.0121851, 0.8093143]"
3550,3550,16,59.519499999999994,-1.028839,-2.711977,-0.704391892120455,1.0869507141696642,3.272825,0.8572797,False,6,"[-0.0090047, -0.0141199, 0.2778795]","[0.0465316, 0.0121761, 0.8137195]"
3551,3551,16,59.53750000000002,0.04326278,-1.889648,0.2495060156415666,1.7584517839975091,3.635419,0.8626741,False,6,"[-0.0102733, -0.0124229, 0.2784408]","[0.0519822, 0.0123196, 0.8181623]"
3552,3552,16,59.55250000000001,-0.6160895,-2.671512,-0.40257075813972154,1.0740974660907536,3.829833,1.001792,False,6,"[-0.0091808, -0.0136498, 0.2788651]","[0.0550153, 0.0143707, 0.8218234]"
3553,3553,16,59.57050000000004,-0.8441215,-2.413913,-0.5029896026658811,1.35633821105661,4.148928,1.195465,False,6,"[-0.0088759, -0.0148443, 0.2789647]","[0.0599159, 0.0172364, 0.8259791]"
3554,3554,16,59.5865,4.845613,3.536126,4.9351603596019284,6.478644832043162,4.444856,1.233885,False,6,"[-0.0077663, -0.0152242, 0.2795229]","[0.064457, 0.01786, 0.8292063]"
3555,3555,16,59.603500000000054,4.595191,3.633088,4.780829957300332,6.6058659672466575,4.65541,1.140843,False,6,"[-0.0065534, -0.0136492, 0.2797234]","[0.0678142, 0.016584, 0.8327756]"
3556,3556,16,59.62049999999999,4.810453,-1.547472,3.7058311657686716,1.4869637591063491,4.697078,1.09538,False,6,"[-0.0050319, -0.0132724, 0.280195]","[0.0686491, 0.0159753, 0.8355168]"
3557,3557,16,59.637500000000045,4.50423,-1.533592,3.4923084047131665,1.5396460299222596,4.79219,0.9545994,False,6,"[0.000212, -0.0092625, 0.2807444]","[0.0702761, 0.0139676, 0.8382654]"
3558,3558,16,59.65650000000005,1.799679,-2.083574,1.447133645955514,1.3439320757683069,4.891648,0.9106002,False,6,"[-0.0030112, -0.0130661, 0.2800258]","[0.0719307, 0.0133588, 0.8404749]"
3559,3559,16,59.67750000000001,1.510131,-1.97285,1.268361917100418,1.489666768083099,4.976112,0.9902085,False,6,"[-0.0041323, -0.0118232, 0.2804662]","[0.0733669, 0.0145642, 0.8426337]"
3560,3560,16,59.6875,1.729116,-2.283208,1.3498753600013598,1.1567278613217096,5.090937,0.8893013,True,6,"[0.0240671, 0.0175435, 0.2838965]","[0.0752005, 0.0131027, 0.844113]"
3561,3561,16,59.703500000000076,1.698311,-1.954369,1.4059753043932275,1.4838384545289078,5.087467,0.9485098,True,6,"[0.0228731, 0.0180695, 0.2845841]","[0.075242, 0.0139926, 0.8451585]"
3562,3562,16,59.720500000000015,1.79247,-1.846269,1.4982532129109134,1.5780746869986242,5.236788,0.9517214,True,6,"[0.0237342, -0.0076189, 0.2820254]","[0.0775431, 0.0140545, 0.846036]"
3563,3563,16,59.73750000000007,1.946202,-1.941811,1.584461822670365,1.464576334798974,5.300151,0.9858978,True,6,"[0.0222482, -0.0075612, 0.2824238]","[0.0785715, 0.0145751, 0.8469511]"
3564,3564,16,59.75450000000001,2.165639,-1.518985,1.8400054621321815,1.852153553001034,5.389503,1.182148,False,6,"[0.0088748, -0.0102759, 0.2824505]","[0.0799564, 0.0174886, 0.8475077]"
3565,3565,16,59.770500000000084,2.467731,-1.513457,2.0552016573011125,1.8190721478938328,5.470716,1.338156,False,6,"[0.0074669, -0.0097564, 0.2832348]","[0.0811325, 0.0197886, 0.8471313]"
3566,3566,16,59.786500000000046,5.655567,-0.831064,4.473922304829147,2.083304732233369,5.54334,1.421937,False,6,"[0.0085386, -0.0112773, 0.282847]","[0.0821923, 0.0210219, 0.846885]"
3567,3567,16,59.804500000000075,5.66245,-0.8107527,4.48360786043494,2.1023891644146624,5.755098,1.530574,False,6,"[0.00841, -0.009679, 0.2836456]","[0.0853176, 0.0226193, 0.8465346]"
3568,3568,16,59.821500000000015,5.836552,-0.6186792,4.65238230925689,2.2689625151059767,5.835266,1.745793,False,6,"[0.0089058, -0.0091733, 0.2845779]","[0.0864401, 0.0257796, 0.8458087]"
3569,3569,16,59.83850000000007,5.806515,-0.4921809,4.661086288141321,2.397114612011438,5.92806,1.845667,False,6,"[0.0096529, -0.0096311, 0.2840696]","[0.0877176, 0.0272223, 0.8447791]"
3570,3570,16,59.85450000000003,5.876452,-0.5547749,4.695772788222968,2.326680773468288,5.932809,1.887887,False,6,"[0.0107832, -0.0075615, 0.2851525]","[0.0877027, 0.0278182, 0.8439546]"
3571,3571,16,59.87150000000008,5.872125,-0.1105516,4.79795713646352,2.7638154035322318,5.862769,1.848671,False,6,"[0.0122748, -0.0075252, 0.2848197]","[0.0865012, 0.0271901, 0.842408]"
3572,3572,16,59.88850000000002,2.002727,-1.642964,1.6952870716834436,1.7510768888453203,5.69631,2.069014,False,6,"[0.0282357, -0.0041359, 0.2851222]","[0.0839393, 0.0304012, 0.8415122]"
3573,3573,16,59.905500000000075,1.821499,-1.266858,1.6560836459268213,2.1438192590832745,5.707352,2.279483,False,6,"[0.0282532, -0.0040324, 0.28495]","[0.0839386, 0.0334313, 0.8398662]"
3574,3574,16,59.92150000000004,1.629853,-0.9644107,1.592052449142408,2.465498019248255,5.714425,2.378443,False,6,"[0.0291339, -0.0030777, 0.2850096]","[0.0838894, 0.0348204, 0.838328]"
3575,3575,16,59.938499999999976,1.526339,-0.7561885,1.5680959114406419,2.683336155730138,5.607475,2.391697,False,6,"[0.0290429, -0.0024534, 0.2855985]","[0.0820835, 0.0349186, 0.8360291]"
3576,3576,16,59.95450000000005,1.82427,-0.5433775,1.8294567263695387,2.8545031233588594,5.631161,2.53931,False,6,"[0.029415, -0.0027673, 0.2857916]","[0.0822149, 0.0369787, 0.8338223]"
3577,3577,16,59.97250000000008,1.708353,-1.34613,1.5571927018417715,2.0803358968011545,5.626235,2.521763,False,6,"[0.0294446, -0.0005524, 0.2862914]","[0.0818492, 0.0365917, 0.8308455]"
3578,3578,16,59.988500000000045,1.920027,-1.101251,1.7650797729607386,2.294016398886046,5.686646,2.35836,False,6,"[0.0100093, -0.0082102, 0.2862384]","[0.0824383, 0.0340956, 0.8278773]"
3579,3579,16,60.00450000000001,2.294989,-2.23087,1.7629236549460794,1.1360213775748158,5.84188,2.048006,False,6,"[0.0091212, -0.0063427, 0.2868123]","[0.0843177, 0.0294696, 0.8241]"
3580,3580,16,60.02150000000006,2.625232,-2.247793,1.9927320350158464,1.0772860852527009,5.928493,1.709232,False,6,"[0.0081717, -0.0048345, 0.2871893]","[0.0851769, 0.0244767, 0.8202503]"
3581,3581,16,60.0385,2.663383,-2.532165,1.9523685658586276,0.7929411343749786,6.023506,1.283497,False,6,"[0.0076667, -0.0037976, 0.2877235]","[0.0861332, 0.0182888, 0.8162814]"
3582,3582,16,60.054500000000075,2.699075,-3.417286,1.7679311710379841,-0.08150685369276989,5.985168,0.3687981,False,6,"[0.0091646, -0.0027289, 0.2877409]","[0.0851039, 0.005225, 0.8117311]"
3583,3583,16,60.071500000000015,2.605653,-3.42937,1.698923734801808,-0.08147245540478165,5.998431,0.1108538,False,6,"[0.008567, -0.0067498, 0.2872393]","[0.0848707, 0.0015627, 0.8077038]"
3584,3584,16,60.08850000000007,2.41211,-3.406837,1.5672305217282245,-0.0346518139294032,6.205013,-0.5021343,False,6,"[0.00962, -0.0055163, 0.2869645]","[0.0872628, -0.0070342, 0.8026141]"
3585,3585,16,60.105500000000006,2.494833,-3.43976,1.617999559623162,-0.07755508609414408,6.17007,-0.9537293,False,6,"[0.0114189, -0.0110996, 0.2849278]","[0.0861439, -0.0132653, 0.7968446]"
3586,3586,16,60.12250000000006,2.701101,-2.847878,1.9042730349765162,0.4778494306891501,6.429049,-1.210709,False,6,"[0.0130476, -0.0111696, 0.2845645]","[0.0892797, -0.0167449, 0.7923197]"
3587,3587,16,60.1395,2.97138,-2.750032,2.1188175762981,0.5395541254592486,6.33021,-1.422552,False,6,"[0.0132274, -0.0125749, 0.2843483]","[0.0874876, -0.0195846, 0.7886405]"
3588,3588,16,60.155500000000075,2.991281,-3.421535,1.9738114805599491,-0.12293671490850455,6.303243,-0.9771497,False,6,"[0.0133665, -0.0169308, 0.2835321]","[0.0867882, -0.0134012, 0.7857103]"
3589,3589,16,60.17150000000004,2.785963,-3.793292,1.7403639037466858,-0.46212334416612855,6.506125,-0.9008092,False,6,"[0.0128983, -0.0169843, 0.2834248]","[0.0893066, -0.0123128, 0.7830899]"
3590,3590,16,60.188499999999976,2.541565,-4.158963,1.4806889270985129,-0.7903462591505868,6.56822,-1.272674,False,6,"[0.0119755, -0.016924, 0.2842905]","[0.0897889, -0.0173243, 0.7798108]"
3591,3591,16,60.20550000000003,2.932372,-4.565771,1.6610038905622524,-1.2399822322773026,6.539463,-1.46101,False,6,"[0.0123765, -0.0170739, 0.2840564]","[0.0891143, -0.0198272, 0.7773852]"
3592,3592,16,60.22250000000008,2.617301,-4.848827,1.370864803374078,-1.4780008216771954,6.539657,-1.788605,False,6,"[0.013407, -0.0141367, 0.2841792]","[0.088795, -0.0241879, 0.7745769]"
3593,3593,16,60.238500000000045,2.549041,-4.580253,1.3861676158669667,-1.2053434982846083,6.214223,-2.510572,False,6,"[0.0147722, -0.01367, 0.2845895]","[0.0840274, -0.0338359, 0.7717011]"
3594,3594,16,60.255499999999984,2.794673,-4.231394,1.642733090512988,-0.8938007539216999,5.766573,-2.670002,False,6,"[0.0148253, -0.0169625, 0.2837096]","[0.0777344, -0.0358965, 0.7697475]"
3595,3595,16,60.272500000000036,2.7298,-4.22652,1.5979566372740293,-0.8807397917389315,5.963189,-2.474872,False,6,"[0.0138036, -0.0188072, 0.2836586]","[0.0801895, -0.033181, 0.7676961]"
3596,3596,16,60.2885,2.077677,-3.987524,1.1928663473774999,-0.5627138586544342,5.984102,-2.187587,False,6,"[0.0125892, -0.0206234, 0.2836178]","[0.0803137, -0.0292674, 0.7661789]"
3597,3597,16,60.30550000000005,1.971525,-4.004626,1.1136569529489295,-0.5659881805435258,5.970843,-1.871464,False,6,"[0.0145041, -0.0226114, 0.2831494]","[0.0799255, -0.0249695, 0.7641805]"
3598,3598,16,60.32249999999999,1.836835,-3.703932,1.089536207827476,-0.25329400186987217,5.914246,-1.36265,False,6,"[0.0129324, -0.0239992, 0.2829076]","[0.0790118, -0.0181432, 0.7627269]"
3599,3599,16,60.33850000000007,1.788268,-3.703815,1.0551776346642994,-0.24698710795103995,5.903987,-1.046846,False,6,"[0.012609, -0.0226898, 0.2832292]","[0.0786276, -0.0138938, 0.7603459]"
3600,3600,16,60.355500000000006,1.835231,-3.646701,1.1019600453788678,-0.19684283753564547,5.693155,-1.041098,False,6,"[0.0138295, -0.0209607, 0.2833052]","[0.0756209, -0.0137847, 0.7585409]"
3601,3601,16,60.37250000000006,1.569916,-3.635224,0.9168315379873894,-0.15173768146156563,5.702496,-0.8105972,False,6,"[0.0134978, -0.0209207, 0.2830916]","[0.0755657, -0.0107067, 0.7567375]"
3602,3602,16,60.38850000000002,1.879078,-2.967214,1.2939924658482478,0.4653673206541349,5.723521,-0.5789712,False,6,"[0.0102763, -0.0197457, 0.2832634]","[0.0757114, -0.0076335, 0.7553922]"
3603,3603,16,60.405500000000075,1.738848,-3.138076,1.1542255417018281,0.3153222364870407,5.675228,-0.3731081,False,6,"[0.0097476, -0.0198242, 0.2831703]","[0.0749463, -0.0049112, 0.7541638]"
3604,3604,16,60.422500000000014,1.144723,-3.013702,0.7630419559286461,0.5133033035468046,5.669021,-0.143383,False,6,"[0.0090736, -0.0183159, 0.2829324]","[0.0747286, -0.0018839, 0.7528018]"
3605,3605,16,60.439500000000066,1.052678,-3.121915,0.672234024124478,0.4186864964106203,5.695899,0.05528805,False,6,"[0.0088401, -0.0183289, 0.2831422]","[0.0749444, 0.0007251, 0.7513903]"
3606,3606,16,60.45550000000003,1.153468,-2.417098,0.9105844233212839,1.098531216812586,5.653005,0.2034099,False,6,"[0.0090718, -0.0180443, 0.2831235]","[0.0742616, 0.0026635, 0.7502317]"
3607,3607,16,60.47250000000008,1.186266,-2.422,0.932644576337748,1.0895320436109035,5.611009,0.270301,False,6,"[0.0077561, -0.0179793, 0.2829958]","[0.0736049, 0.0035345, 0.749198]"
3608,3608,16,60.48950000000002,0.8883824,-2.654573,0.6666351946800861,0.8989369253465256,5.595105,0.4354827,False,6,"[0.0092867, -0.0146723, 0.2830638]","[0.0732902, 0.0056863, 0.7481291]"
3609,3609,16,60.506500000000074,0.8771338,-2.595202,0.672737506266076,0.9587208929818063,5.601471,0.6093906,False,6,"[0.0085868, -0.0155073, 0.2828526]","[0.0733108, 0.0079504, 0.747484]"
3610,3610,16,60.522500000000036,0.8194379,-2.795903,0.5843365545071542,0.7688275772687763,5.667826,0.6960255,False,6,"[0.0056551, -0.0148998, 0.2830095]","[0.0741094, 0.0090716, 0.7467229]"
3611,3611,16,60.5385,1.007199,-2.678281,0.7451424094570741,0.8604885147292043,5.854788,0.6853575,False,6,"[0.0051957, -0.0154223, 0.2827616]","[0.0764739, 0.0089212, 0.7457779]"
3612,3612,16,60.55550000000005,1.198871,-2.111981,1.015020624451843,1.3926118978174742,5.82564,0.6556193,False,6,"[0.0056913, -0.0119316, 0.2826621]","[0.076029, 0.0085272, 0.7451743]"
3613,3613,16,60.57249999999999,1.216422,-2.158283,1.0164769060271168,1.3448686467072042,5.943907,0.4812589,False,6,"[0.0058497, -0.0119488, 0.2824965]","[0.0776068, 0.0062612, 0.7453985]"
3614,3614,16,60.58850000000007,1.185813,-2.816036,0.8389665676357725,0.7023309393029602,6.019115,0.4359912,False,6,"[0.0043673, -0.0130583, 0.2816457]","[0.0786352, 0.005675, 0.7457707]"
3615,3615,16,60.605500000000006,1.022056,-3.084924,0.6593172280710716,0.4589453387094524,6.264664,0.5075117,False,6,"[0.0043067, -0.01275, 0.2812959]","[0.0820449, 0.0066203, 0.7473791]"
3616,3616,16,60.62250000000006,0.9911727,-3.608084,0.513501228547706,-0.05127930247158874,6.417143,0.1695333,False,6,"[0.0040157, -0.0137114, 0.2807603]","[0.084274, 0.0022171, 0.7492959]"
3617,3617,16,60.6395,1.034765,-3.280711,0.6219284417074014,0.2649054408508609,6.47605,-0.3416008,False,6,"[0.0049263, -0.0131078, 0.2802073]","[0.085278, -0.0044792, 0.7512671]"
3618,3618,16,60.655500000000075,1.494534,-3.242883,0.9564154386273634,0.24346593502142122,6.25636,-0.6906576,False,6,"[0.0058518, -0.0103119, 0.2796246]","[0.0826514, -0.0090883, 0.7539113]"
3619,3619,16,60.672500000000014,1.59139,-2.900761,1.106048709743313,0.5673553077946862,6.202851,-1.159503,False,6,"[0.0059289, -0.0105229, 0.2792196]","[0.0823101, -0.0153282, 0.7573267]"
3620,3620,16,60.688499999999976,1.952526,-3.21802,1.2865725457629256,0.20951097143164343,6.196102,-1.348233,False,6,"[0.0057677, -0.0137061, 0.2786433]","[0.0826185, -0.0179104, 0.7609987]"
3621,3621,16,60.706500000000005,1.73869,-2.603036,1.2808784307409524,0.8411800689037472,6.431669,-1.136114,False,6,"[0.0049648, -0.0149985, 0.2782953]","[0.0862407, -0.0151718, 0.765036]"
3622,3622,16,60.72250000000008,1.714109,-3.468334,1.0584632670047824,-0.006101532672227794,6.705936,-1.155561,False,6,"[0.0048056, -0.017515, 0.2777673]","[0.0903725, -0.0155038, 0.7686172]"
3623,3623,16,60.73950000000002,1.382854,-3.715774,0.7653039697610505,-0.20705336091286064,6.791466,-1.055382,False,6,"[0.005015, -0.0159158, 0.2776566]","[0.092085, -0.0142444, 0.7732272]"
3624,3624,16,60.755499999999984,1.367521,-2.950243,0.9358219450186045,0.5472658803817727,6.670405,-1.07846,False,6,"[0.007243, -0.0157294, 0.2776129]","[0.0909576, -0.0146411, 0.7777517]"
3625,3625,16,60.772500000000036,1.421281,-3.292397,0.8928198794849204,0.20414271586661625,6.491347,-1.260661,False,6,"[0.0077009, -0.0140455, 0.2771896]","[0.0891325, -0.0172388, 0.7833573]"
3626,3626,16,60.7885,1.26587,-3.178099,0.8098662875381669,0.3362885372172322,6.40374,-0.8081623,False,6,"[0.0094415, -0.0155713, 0.2769496]","[0.0885631, -0.011131, 0.7890924]"
3627,3627,16,60.80550000000005,1.273709,-3.194159,0.8116114103184215,0.31950534775604833,6.525353,-1.014654,False,6,"[0.0083987, -0.0125787, 0.2766801]","[0.0909531, -0.0140829, 0.7951567]"
3628,3628,16,60.82249999999999,1.306689,-3.105152,0.8560498832522851,0.4027768023146905,6.431482,-1.067136,False,6,"[0.0082946, -0.0167988, 0.2771724]","[0.0902359, -0.0149111, 0.8005006]"
3629,3629,16,60.839500000000044,1.412818,-3.230203,0.9015632864578729,0.2663459880437773,6.611517,-0.6615273,False,6,"[0.0066602, -0.017918, 0.2759003]","[0.0934978, -0.0093139, 0.8066573]"
3630,3630,16,60.855500000000006,1.653127,-2.999141,1.1264508399895845,0.46279639804152817,6.902319,-0.7395281,False,6,"[0.0065796, -0.0142045, 0.2756178]","[0.0982913, -0.0104807, 0.8119601]"
3631,3631,16,60.87250000000006,1.888458,-3.031102,1.2854969588368532,0.4013822738774748,6.794047,-0.8240147,False,6,"[0.0068505, -0.0158834, 0.2761064]","[0.0974263, -0.0117617, 0.8177642]"
3632,3632,16,60.88850000000002,2.187561,-3.399131,1.4100716150611694,0.0015498599104031285,6.994894,-0.60909,False,6,"[0.0060966, -0.0153195, 0.2759007]","[0.1010019, -0.0087515, 0.8232013]"
3633,3633,16,60.905500000000075,2.517635,-3.386837,1.6466825999240777,-0.028449398086753508,7.01419,-0.6798636,False,6,"[0.006149, -0.0154338, 0.2765591]","[0.1018711, -0.0098251, 0.8279783]"
3634,3634,16,60.922500000000014,3.080542,-3.227291,2.083031250819166,0.056586357452596214,7.421359,-0.4657753,False,6,"[0.0062992, -0.0149812, 0.2761604]","[0.1084861, -0.0067708, 0.832866]"
3635,3635,16,60.938499999999976,3.32981,-3.038883,2.3041561033831517,0.20997418497432596,7.622357,-0.4375837,False,6,"[0.0068367, -0.0156444, 0.2771992]","[0.1119008, -0.0063862, 0.8361682]"
3636,3636,16,60.95550000000003,3.806627,-2.6279,2.7391234153135144,0.5530981914359203,7.795882,-0.4068564,False,6,"[0.0080431, -0.0146012, 0.278688]","[0.1150906, -0.0059694, 0.840631]"
3637,3637,16,60.97250000000008,3.660077,-2.41406,2.686027631293152,0.781944253438454,7.888215,-0.2775496,False,6,"[0.0091643, -0.0147177, 0.2779427]","[0.1169417, -0.0040886, 0.8440286]"
3638,3638,16,60.988500000000045,4.035106,-2.522976,2.9257497791258515,0.6270883171448327,8.029675,-0.06657647,False,6,"[0.0105993, -0.0164811, 0.2774791]","[0.1196802, -0.0009858, 0.8483804]"
3639,3639,16,61.005499999999984,3.9001,-2.453268,2.8466787680354306,0.7128095798889031,7.989316,0.09431915,False,6,"[0.0122325, -0.0164643, 0.2782059]","[0.1195256, 0.0014019, 0.8516208]"
3640,3640,16,61.022500000000036,3.381402,-2.350877,2.5036904910994995,0.8795693964591731,7.948501,0.24345,False,6,"[0.0151627, -0.0158865, 0.2817438]","[0.119479, 0.003636, 0.8557177]"
3641,3641,16,61.039499999999975,3.881948,-2.572231,2.805641432988178,0.5982068953711424,7.864483,0.351583,False,6,"[0.016247, -0.0148247, 0.279246]","[0.1183183, 0.0052562, 0.8565739]"
3642,3642,16,61.05650000000003,3.896253,-2.516667,2.828934168188323,0.6509914599593989,7.949194,0.2603393,False,6,"[0.0186086, -0.0128365, 0.279676]","[0.1199859, 0.0039044, 0.8592719]"
3643,3643,16,61.07249999999999,3.769567,-2.658255,2.7056923997134503,0.527990131319755,7.745162,0.1135057,False,6,"[0.0178991, -0.0117965, 0.2798156]","[0.1172652, 0.001708, 0.8621934]"
3644,3644,16,61.089500000000044,3.358284,-2.720033,2.3998599750132867,0.519709980907491,7.681432,0.01229926,False,6,"[0.0197573, -0.0123409, 0.2800762]","[0.1166199, 0.0001856, 0.8646497]"
3645,3645,16,61.10649999999998,3.61907,-2.671981,2.5958858236981563,0.533687379422314,7.595927,0.1319476,False,6,"[0.0191132, -0.0120115, 0.2803547]","[0.1153682, 0.0019923, 0.8651139]"
3646,3646,16,61.12850000000003,3.278213,-3.202846,2.2287774588820906,0.05540944028103212,7.502386,0.05148592,False,6,"[0.0167219, -0.0116187, 0.2830124]","[0.1141822, 0.0007791, 0.8670212]"
3647,3647,16,61.1395,3.244025,-3.354203,2.16871137981083,-0.088985627780088,7.31392,0.04042251,False,6,"[0.0191001, -0.0126451, 0.2814768]","[0.1112626, 0.0006116, 0.866869]"
3648,3648,16,61.15650000000005,3.563162,-3.311342,2.4048208851209836,-0.08754923614203758,7.241277,-0.03187097,False,6,"[0.0191261, -0.0123428, 0.2808227]","[0.1102197, -0.0004825, 0.8674524]"
3649,3649,16,61.17349999999999,3.290466,-3.322319,2.2091465685165224,-0.06357086827843172,7.148379,-0.1182278,False,6,"[0.0185877, -0.0130983, 0.2821173]","[0.1087577, -0.0017894, 0.8671886]"
3650,3650,16,61.189500000000066,2.811252,-3.41177,1.8486613500464766,-0.0903874003422449,7.075375,-0.2080198,False,6,"[0.0166457, -0.0134769, 0.2836682]","[0.1076407, -0.0031486, 0.8672302]"
3651,3651,16,61.206500000000005,3.136608,-3.474297,2.0642048857133948,-0.19331928233735018,6.934345,-0.25546,False,6,"[0.0179085, -0.0132139, 0.2831436]","[0.1052827, -0.0038597, 0.865658]"
3652,3652,16,61.22350000000006,3.184086,-3.6365,2.0593900797630837,-0.3587855723273332,6.977285,-0.2093643,False,6,"[0.0163351, -0.0159587, 0.2851885]","[0.1058119, -0.0031594, 0.8646021]"
3653,3653,16,61.2405,3.075205,-3.639089,1.981687008631435,-0.3474485818034423,6.876603,-0.02758719,False,6,"[0.0160739, -0.016621, 0.283592]","[0.1040552, -0.0004154, 0.86282]"
3654,3654,16,61.256500000000074,3.099948,-3.823478,1.9555189864872973,-0.5318207565288064,6.883478,0.02185567,False,6,"[0.0175984, -0.0163518, 0.2826185]","[0.1038981, 0.0003283, 0.8606482]"
3655,3655,16,61.27350000000001,2.830515,-3.772273,1.7768874487755626,-0.44714588183715076,6.697612,0.03489607,False,6,"[0.0163456, -0.0165041, 0.2843066]","[0.100831, 0.000523, 0.8586426]"
3656,3656,16,61.289499999999975,2.482102,-3.562366,1.5799372677619736,-0.19642924796226158,6.747182,0.08238996,False,6,"[0.0140824, -0.017097, 0.2867804]","[0.1012261, 0.0012304, 0.8556154]"
3657,3657,16,61.30650000000003,2.810677,-3.633477,1.7957261415831764,-0.3082078880992043,6.678556,0.1316452,False,6,"[0.0156266, -0.0173129, 0.2851626]","[0.0998475, 0.0019592, 0.8527156]"
3658,3658,16,61.32350000000008,3.41676,-3.248966,2.315944165194132,-0.007580968794543619,6.678865,0.3488735,False,6,"[0.0158161, -0.0180691, 0.284309]","[0.0993984, 0.0051686, 0.8488402]"
3659,3659,16,61.34050000000002,2.980738,-3.09449,2.04383223388427,0.19982748998363542,6.669457,0.6066566,False,6,"[0.0153659, -0.0181904, 0.2860148]","[0.0988135, 0.0089478, 0.8450462]"
3660,3660,16,61.35649999999998,3.469088,-2.603312,2.505965374339209,0.6202968331276502,6.761332,0.6911565,False,6,"[0.0154259, -0.019036, 0.284835]","[0.0995622, 0.0101307, 0.839774]"
3661,3661,16,61.373500000000035,3.129729,-2.436391,2.3052410946845887,0.8276124829483411,6.774269,0.8894498,False,6,"[0.0141858, -0.0189176, 0.286917]","[0.099186, 0.0129633, 0.8349883]"
3662,3662,16,61.390499999999975,7.055792,-0.1366977,5.629819586263861,2.587210869497026,7.053393,1.083946,False,6,"[0.0125931, -0.0180858, 0.290511]","[0.1024926, 0.015673, 0.8283526]"
3663,3663,16,61.40750000000003,7.380336,-0.7819923,5.706715558112729,1.9116381034899104,7.180318,1.192988,False,6,"[0.0141183, -0.0182611, 0.2875705]","[0.1039073, 0.0171759, 0.8247892]"
3664,3664,16,61.42349999999999,8.028791,-1.247884,6.055451404273639,1.3710865575362812,7.424939,1.40493,False,6,"[0.0172034, -0.0163567, 0.288143]","[0.1064687, 0.0200369, 0.8169792]"
3665,3665,16,61.44150000000002,8.020152,-1.045803,6.097213033195828,1.570793310395473,7.434058,1.394062,False,6,"[0.0150462, -0.0156215, 0.2889563]","[0.1059169, 0.0197543, 0.8117369]"
3666,3666,16,61.45749999999998,8.69477,-2.138329,6.316006940790323,0.4110495588250864,7.773569,1.4998,False,6,"[0.017575, -0.0131818, 0.2899151]","[0.1095853, 0.0210178, 0.8027464]"
3667,3667,16,61.474500000000035,8.50381,-1.934729,6.229041972958767,0.6354936634165176,8.006888,1.515596,False,6,"[0.0158594, -0.0123412, 0.290049]","[0.1119769, 0.0210625, 0.7960629]"
3668,3668,16,61.491499999999974,8.468314,-1.823776,6.230197801526095,0.7490638076213658,8.298957,1.184363,False,6,"[0.0360349, -0.0006946, 0.291137]","[0.1146342, 0.0162475, 0.7858893]"
3669,3669,16,61.50750000000005,5.283444,-2.35769,3.8487556335059243,0.6303783476016962,7.975729,0.5747641,False,6,"[0.0377699, -0.00398, 0.2915957]","[0.1092141, 0.0078198, 0.7794942]"
3670,3670,16,61.52449999999999,5.463539,-2.416134,3.962419184368527,0.549978863089863,8.283589,1.07435,False,6,"[0.0412215, -0.0063659, 0.2922406]","[0.1122869, 0.0144633, 0.7712454]"
3671,3671,16,61.54150000000004,5.216495,-1.96829,3.893613448390285,1.0216164067836084,8.387202,0.7196476,False,6,"[0.0409593, -0.0053066, 0.2906984]","[0.1126715, 0.0095989, 0.7641907]"
3672,3672,16,61.557500000000005,5.544133,-1.865782,4.149873722284545,1.0805901021239572,8.465574,1.230785,False,6,"[0.0444568, -0.0108544, 0.2907041]","[0.1124971, 0.0162389, 0.7558421]"
3673,3673,16,61.57450000000006,5.892239,-1.121927,4.572577323592695,1.7672705733650687,8.429309,1.641454,False,6,"[0.0433905, -0.009803, 0.2902005]","[0.1109742, 0.0214599, 0.7488649]"
3674,3674,99,61.60750000000007,5.581346,-1.193479,4.335507079004868,1.736585602294539,8.298066,2.434511,False,6,"[0.0431244, -0.0092229, 0.2896476]","[0.1072431, 0.0312618, 0.7352984]"
3675,3675,99,61.62450000000001,5.059927,-1.177803,3.970047269203897,1.81846876167593,8.577862,2.566974,False,6,"[0.0268154, -0.0119389, 0.2899716]","[0.1097248, 0.0326119, 0.7274224]"
3676,3676,99,61.641500000000065,5.220946,-1.123835,4.09683797321395,1.8509799081877993,8.543728,2.751014,False,6,"[0.0276563, -0.0122006, 0.2891506]","[0.1087058, 0.0347694, 0.7235897]"
3677,3677,99,61.65750000000003,4.798203,-0.9140909,3.847222244658817,2.111012927665925,8.560019,2.980426,False,6,"[0.0264155, -0.0099435, 0.2893344]","[0.1078821, 0.0373161, 0.716719]"
3678,3678,99,61.67450000000008,4.759968,-0.9888012,3.8024503953832327,2.0424622506381804,8.20558,2.924611,False,6,"[0.0280635, -0.0094181, 0.289116]","[0.10299, 0.0364878, 0.7142086]"
3679,3679,99,61.69150000000002,3.558736,-0.4805946,3.072364163267582,2.6950755812504923,7.77559,2.880759,False,6,"[0.0299434, -0.0056821, 0.2901402]","[0.0967116, 0.0356402, 0.7082559]"
3680,3680,99,61.70850000000007,3.711188,-0.6565481,3.1386149550987748,2.502711940060263,7.312184,2.820651,False,6,"[0.0282583, -0.0060243, 0.2891699]","[0.0905304, 0.0347601, 0.7055101]"
3681,3681,99,61.724500000000035,3.018969,-0.3767557,2.7148017071474553,2.865944524893922,7.153736,2.933923,False,6,"[0.0257604, -0.0059815, 0.2909377]","[0.0881184, 0.035983, 0.7020877]"
3682,3682,99,61.741499999999974,3.062283,-0.4390244,2.730715725133755,2.799224612181484,6.905912,2.876504,False,6,"[0.0264017, -0.0056681, 0.2889357]","[0.0844593, 0.0350386, 0.6973308]"
3683,3683,99,61.75750000000005,1.964232,-0.6375155,1.9062485767719288,2.744140188831941,6.585552,3.050708,False,6,"[0.0243634, -0.0046309, 0.2902449]","[0.080114, 0.0369836, 0.6939375]"
3684,3684,99,61.77449999999999,2.233708,-0.7424954,2.072169900473016,2.606609822404225,6.290649,3.04427,False,6,"[0.024055, -0.004986, 0.288884]","[0.0760028, 0.0366671, 0.689456]"
3685,3685,99,61.79150000000004,1.157929,-0.9973439,1.2501192018038059,2.4932978037924167,6.008777,3.08888,False,6,"[0.0179864, -0.0024259, 0.2892091]","[0.0722373, 0.037034, 0.6862805]"
3686,3686,99,61.807500000000005,1.331867,-1.012772,1.369615062535599,2.4559593446162795,5.726697,3.083404,False,6,"[0.0187099, -0.0033055, 0.2884512]","[0.0684826, 0.0367855, 0.6828876]"
3687,3687,99,61.82450000000006,0.5799227,-0.9951181,0.8414078857369232,2.569176527844072,5.586879,3.119182,False,6,"[0.0152098, -0.0018964, 0.2883927]","[0.0663841, 0.0369816, 0.6786381]"
3688,3688,99,61.841499999999996,0.4156519,-0.9485809,0.7361271202822564,2.635856541286585,5.326468,3.134585,False,6,"[0.0154286, -0.0022099, 0.2883962]","[0.062984, 0.0369957, 0.6755539]"
3689,3689,99,61.85750000000007,-0.4140079,-1.28207,0.06970117706972201,2.4138782450686525,4.9101,3.10228,False,6,"[0.0099217, -0.0032191, 0.289297]","[0.0577902, 0.036459, 0.6727007]"
3690,3690,99,61.87450000000001,-0.6186372,-1.16744,-0.04802118090198548,2.552625298059537,4.59917,3.214797,False,6,"[0.0112355, -0.003733, 0.2880496]","[0.053851, 0.0376002, 0.6694263]"
3691,3691,99,61.891500000000065,-1.177026,-1.566779,-0.5379840039378445,2.2313447787377974,4.464424,3.308928,False,6,"[0.0058225, -0.0050149, 0.2880668]","[0.0518845, 0.0384204, 0.6645298]"
3692,3692,99,61.908500000000004,-1.379003,-1.379906,-0.6367122593803858,2.4407541558327477,4.063682,3.28672,False,6,"[0.0066905, -0.0050872, 0.2877699]","[0.0471035, 0.0380753, 0.6630201]"
3693,3693,99,61.92450000000008,-1.767594,-1.139782,-0.8549499882264651,2.7262904540366346,3.989049,3.417656,False,6,"[0.0029014, -0.004979, 0.2866443]","[0.0459284, 0.0393327, 0.6586155]"
3694,3694,99,61.94150000000002,-2.011428,-0.946065,-0.9816922188112325,2.9477625537523275,3.58175,3.397567,False,6,"[0.0020842, -0.0047569, 0.2872983]","[0.0411727, 0.0390504, 0.6577642]"
3695,3695,99,61.95850000000007,-2.678213,-1.310284,-1.5400806327329564,2.6748176485576938,3.475361,3.633955,False,6,"[-0.0020652, -0.0063963, 0.2858047]","[0.0397173, 0.0415345, 0.6539867]"
3696,3696,99,61.974500000000035,-2.943345,-1.279913,-1.7206030976829685,2.7384685100887687,3.097979,3.822037,False,6,"[-0.0030957, -0.0058425, 0.2867007]","[0.0353822, 0.0436739, 0.6537397]"
3697,3697,99,61.991499999999974,-3.05565,-0.6456687,-1.6498482110061037,3.376122248957646,3.147707,3.950873,False,6,"[-0.0058705, -0.0078152, 0.2857253]","[0.0357659, 0.0449179, 0.6503689]"
3698,3698,99,62.008500000000026,-3.054623,-0.5829716,-1.6342665191348793,3.437610068644955,2.874428,4.249823,False,6,"[-0.0068838, -0.0068883, 0.2859567]","[0.0326551, 0.0483285, 0.6503655]"
3699,3699,99,62.02449999999999,-3.132739,-0.5143416,-1.6733138117654138,3.5150188496882047,3.010091,4.377792,False,6,"[-0.0087695, -0.0056537, 0.2841696]","[0.0340559, 0.0495809, 0.6476434]"
3700,3700,99,62.04150000000004,-3.148857,-0.3750185,-1.6517164097138655,3.6540006072631748,2.748981,4.596684,False,6,"[-0.0100074, -0.0047054, 0.2849452]","[0.0311735, 0.0521985, 0.6492358]"
3701,3701,99,62.057500000000005,-3.037138,-0.2494298,-1.5428621877176094,3.7631859860634673,2.936145,4.711829,False,6,"[-0.013236, -0.0064719, 0.2829544]","[0.0332069, 0.053363, 0.6474294]"
3702,3702,99,62.07450000000006,-3.095149,-0.3494342,-1.6076286178826664,3.6722975324657567,2.809747,4.794268,False,6,"[-0.0145897, -0.0063398, 0.2837561]","[0.0318979, 0.0545109, 0.6499329]"
3703,3703,99,62.091499999999996,-3.353822,-0.6977826,-1.8733063764841682,3.362919229924507,3.123325,4.945545,False,6,"[-0.0150754, -0.0031826, 0.2824072]","[0.0354228, 0.0561732, 0.6491686]"
3704,3704,99,62.10750000000007,-3.459497,-0.9354187,-2.004428254584651,3.1428430255909654,3.0144,4.922544,False,6,"[-0.0151102, -0.0028811, 0.2831553]","[0.0343615, 0.0561993, 0.6525192]"
3705,3705,99,62.12450000000001,-3.530878,-1.135007,-2.1022548714740426,2.955788013630816,3.132691,4.8292,False,6,"[-0.0153976, -0.0025256, 0.2813313]","[0.035739, 0.0551692, 0.6530007]"
3706,3706,99,62.141500000000065,-3.506778,-1.092245,-2.0750602268503924,2.9947419790080305,2.945693,4.595049,False,6,"[-0.0155167, -0.0018462, 0.2820535]","[0.0338322, 0.0528423, 0.6574792]"
3707,3707,99,62.158500000000004,-3.247135,-0.9072477,-1.847397773781978,3.1434550381831454,2.98086,4.402143,False,6,"[-0.0148581, -0.0012191, 0.2800367]","[0.0343361, 0.0507618, 0.6593863]"
3708,3708,99,62.17450000000008,-3.186805,-0.6721268,-1.7489768719302186,3.366840429047667,2.931391,4.334254,False,6,"[-0.0152055, -0.001715, 0.281203]","[0.0340228, 0.0503571, 0.664415]"
3709,3709,99,62.19150000000002,-3.718642,-1.00593,-2.204613432900746,3.106583396775796,3.145541,4.168387,False,6,"[-0.0163438, -0.0033967, 0.2788934]","[0.0366613, 0.0486195, 0.6671107]"
3710,3710,99,62.20850000000007,-3.485353,-0.5359849,-1.928098604543146,3.5387032797980176,3.006068,3.952174,False,6,"[-0.0169292, -0.0045724, 0.2800388]","[0.0353352, 0.0464874, 0.6728714]"
3711,3711,99,62.224500000000035,-3.857027,-0.8662863,-2.269507267141809,3.2614683103413773,3.345303,4.035094,False,6,"[-0.0171624, -0.0055106, 0.2781434]","[0.0395363, 0.0477132, 0.6763772]"
3712,3712,99,62.242500000000064,-3.841852,-1.308173,-2.3634574391365115,2.825247058678842,3.535503,3.904168,False,6,"[-0.0171189, -0.005326, 0.2793496]","[0.0421334, 0.0465398, 0.6819399]"
3713,3713,99,62.258500000000026,-3.650495,-0.8551719,-2.1206456770996187,3.246060363078334,3.715101,3.845752,False,6,"[-0.0157864, -0.0044063, 0.2782523]","[0.0445429, 0.046114, 0.6859956]"
3714,3714,99,62.27550000000008,-3.368064,-1.326897,-2.0324433679869607,2.7464408964322966,3.519135,3.294483,False,6,"[-0.015554, -0.0032773, 0.2793582]","[0.0425127, 0.0397926, 0.691288]"
3715,3715,99,62.29150000000004,-1.159505,-0.9236931,-0.37321521435986615,2.861136265844653,3.454875,3.370023,False,6,"[-0.0181647, -0.0049073, 0.2794841]","[0.0420334, 0.0409986, 0.696238]"
3716,3716,99,62.30849999999998,-1.178289,-1.057283,-0.4181655058877696,2.732238828682985,3.633489,3.025774,False,6,"[-0.017015, -0.0026134, 0.279364]","[0.0445741, 0.0371036, 0.7019371]"
3717,3717,99,62.325500000000034,0.4843334,-0.4306541,0.9074650328933263,3.136119019940415,3.694265,2.812697,False,6,"[-0.0187259, -0.0041998, 0.2777506]","[0.0455896, 0.0346902, 0.7060865]"
3718,3718,99,62.341499999999996,0.5300151,-0.5638354,0.9082544030053951,2.9994042911056376,3.973425,3.065005,False,6,"[-0.0187284, -0.0063687, 0.2788887]","[0.0494553, 0.0381239, 0.7119901]"
3719,3719,99,62.35850000000005,1.151782,-0.06478781,1.466713572757829,3.4105982791845064,4.479823,3.161876,False,6,"[-0.0177753, -0.0041587, 0.2786117]","[0.0560975, 0.0395533, 0.7160096]"
3720,3720,99,62.37549999999999,1.003585,-0.4124631,1.2794142497642635,3.087796698263931,4.677281,3.13605,False,6,"[-0.0164301, -0.0064666, 0.279179]","[0.059013, 0.0395189, 0.7212905]"
3721,3721,99,62.39250000000004,1.714134,-0.1132834,1.8533788631211314,3.2912413716945417,4.972791,3.256523,False,6,"[-0.0056443, -0.0044962, 0.2788683]","[0.0631008, 0.0412634, 0.7252121]"
3722,3722,99,62.408500000000004,1.373648,-0.5208384,1.515748487675165,2.934105287815328,5.097334,3.247612,False,6,"[-0.005749, -0.0051584, 0.2795115]","[0.06515, 0.0414432, 0.7303755]"
3723,3723,99,62.425500000000056,1.857647,-0.885357,1.7720644805072425,2.5141501279562783,5.34562,3.106402,False,6,"[0.0023596, -0.0020981, 0.2791323]","[0.0686931, 0.0398415, 0.7341335]"
3724,3724,99,62.442499999999995,1.821018,-0.8025123,1.7657585448782251,2.600239863621626,5.559121,2.960975,False,6,"[0.0025917, -0.0027571, 0.2801604]","[0.0719488, 0.0382361, 0.7392206]"
3725,3725,99,62.45850000000007,2.284078,-0.1664728,2.2443073390483064,3.166303464812858,5.757977,2.722239,False,6,"[0.0056359, -0.000317, 0.2803198]","[0.0748794, 0.0353086, 0.742591]"
3726,3726,99,62.47750000000008,2.499532,-0.4145512,2.338076412843919,2.8950231671941236,5.758407,2.521113,False,6,"[0.0049183, -0.0020212, 0.2807638]","[0.0753123, 0.0328829, 0.7468274]"
3727,3727,99,62.492500000000064,2.86271,0.0679528,2.709530473323114,3.3229261315123906,6.101466,2.591978,False,6,"[0.008403, -0.0005552, 0.2807906]","[0.0801623, 0.0339483, 0.7499161]"
3728,3728,99,62.508500000000026,2.435652,-0.1101754,2.3649627111549556,3.202308109666581,6.331875,2.762953,False,6,"[0.0067408, -0.0025555, 0.2811092]","[0.0835658, 0.0363441, 0.7530884]"
3729,3729,99,62.52550000000008,3.94253,0.03845127,3.4670724258635577,3.1562635450939593,6.630107,3.005679,False,6,"[0.009132, -0.0043511, 0.2815611]","[0.0878199, 0.0396706, 0.7555277]"
3730,3730,99,62.54250000000002,3.918443,-0.3165803,3.3659022819074838,2.8104091690833517,6.891621,3.026667,False,6,"[0.0089581, -0.0039467, 0.2817589]","[0.091594, 0.0400694, 0.7578213]"
3731,3731,99,62.55849999999998,4.359824,-0.2193388,3.7014468385080694,2.849705616637968,7.22973,2.98278,False,6,"[0.0112476, -0.0008193, 0.2819954]","[0.0962742, 0.0395447, 0.7589216]"
3732,3732,99,62.575500000000034,4.3691,-0.419217,3.6606581168850516,2.652082564735763,7.467716,2.96207,False,6,"[0.0123608, -0.0020488, 0.2831616]","[0.0997064, 0.0393594, 0.760657]"
3733,3733,99,62.59249999999997,5.153435,-0.1269872,4.285217910670369,2.83928974338911,8.01993,2.949448,False,6,"[0.0141512, 0.0003356, 0.2829939]","[0.107147, 0.0391818, 0.7604712]"
3734,3734,99,62.616499999999974,5.147662,-0.269093,4.2474620008236705,2.7003640746913784,8.476625,2.885568,False,6,"[0.0121195, -0.0005479, 0.2849246]","[0.1133718, 0.0383439, 0.7607114]"
3735,3735,99,62.62549999999999,5.72094,0.1462896,4.751767782375482,3.0355140008048975,8.757923,3.075073,False,6,"[0.0196431, 0.0001913, 0.285018]","[0.1171608, 0.0408557, 0.7605063]"
3736,3736,99,62.64350000000002,5.76162,0.2918397,4.815054507901155,3.1733743650901416,9.006228,3.181842,False,6,"[0.0195222, -0.0015748, 0.28501]","[0.1204132, 0.0422337, 0.7597244]"
3737,3737,99,62.658500000000004,6.68894,0.8954301,5.6146195513221215,3.6483575103140433,9.183331,3.44293,False,6,"[0.0217308, -0.0010912, 0.2850299]","[0.1225531, 0.0456073, 0.7580631]"
3738,3738,99,62.675500000000056,6.821998,0.5654104,5.630636798023268,3.307050080055176,9.45081,3.762859,False,6,"[0.0218389, -0.0020914, 0.2858371]","[0.1260179, 0.04979, 0.7570451]"
3739,3739,99,62.692499999999995,7.031599,1.211047,5.932005945399542,3.914859724570274,9.906893,4.012484,False,6,"[0.0258269, -0.0006347, 0.2863678]","[0.1318734, 0.0529646, 0.7550643]"
3740,3740,99,62.70950000000005,7.209793,1.025257,6.014152007532847,3.7095468639865787,10.17183,4.169457,False,6,"[0.0258156, -0.0013459, 0.286566]","[0.135038, 0.0548665, 0.7526327]"
3741,3741,99,62.72550000000001,7.017866,1.033358,5.880183638497864,3.741977698554077,10.32663,4.425111,False,6,"[0.0287674, 0.0007332, 0.2871504]","[0.1366541, 0.0580383, 0.7499772]"
3742,3742,99,62.742500000000064,7.100657,1.160219,5.968857766392521,3.85610158461963,10.23066,4.540915,False,6,"[0.0289852, 0.0014632, 0.2872679]","[0.1350035, 0.0594081, 0.7480214]"
3743,3743,99,62.7595,6.890102,1.388017,5.873752322014478,4.106825707303542,10.07882,4.697247,False,6,"[0.0336819, 0.0044888, 0.2871989]","[0.1324673, 0.0612357, 0.7452631]"
3744,3744,99,62.77550000000008,6.779385,1.403144,5.798946707138655,4.135808070497573,9.852948,4.724387,False,6,"[0.0344023, 0.0028379, 0.287567]","[0.1291729, 0.0614647, 0.743733]"
3745,3745,99,62.79250000000002,6.074147,1.728448,5.376698647510391,4.545429306809,9.702516,4.960248,False,6,"[0.0354493, 0.0060756, 0.2874013]","[0.1265996, 0.0642627, 0.7404425]"
3746,3746,99,62.80950000000007,6.116376,1.814163,5.426905616155639,4.624286207509279,9.316191,5.014556,False,6,"[0.0364363, 0.0051545, 0.2880268]","[0.1211876, 0.0648205, 0.7387395]"
3747,3747,99,62.825500000000034,5.08937,2.222575,4.796530557167315,5.15660890564115,8.98029,5.130215,False,6,"[0.0354928, 0.0052006, 0.2883227]","[0.1162629, 0.0660499, 0.7356932]"
3748,3748,99,62.84249999999997,4.987643,2.035421,4.680164442415443,4.985643206126765,8.625369,5.225039,False,6,"[0.0359397, 0.0058431, 0.2885141]","[0.1111179, 0.0669891, 0.732539]"
3749,3749,99,62.859500000000025,4.342818,1.907659,4.193346849403449,4.942288681652622,8.119736,5.124828,False,6,"[0.0349008, 0.0069982, 0.2888226]","[0.1040584, 0.0654115, 0.7293516]"
3750,3750,99,62.87650000000008,4.389738,1.867276,4.2169992650466455,4.896618313987202,7.58143,5.140643,False,6,"[0.034339, 0.0070754, 0.2888591]","[0.0966773, 0.0653451, 0.7263584]"
3751,3751,99,62.89250000000004,3.711966,1.801716,3.721591870135465,4.918596439369466,7.236593,5.012351,False,6,"[0.0307292, 0.0087141, 0.2887735]","[0.0918475, 0.0634405, 0.7233322]"
3752,3752,99,62.90949999999998,3.629386,2.261433,3.772042569343831,5.380934923838602,6.802361,4.999069,False,6,"[0.0309893, 0.0091598, 0.2891921]","[0.085853, 0.0629567, 0.7197325]"
3753,3753,99,62.925500000000056,3.074308,1.767932,3.262114448241878,4.9666898239573944,6.594309,4.784465,False,6,"[0.0257645, 0.0112276, 0.2892915]","[0.082756, 0.0599172, 0.7158622]"
3754,3754,99,62.942499999999995,2.967012,1.507584,3.1244638394721544,4.724499012922304,6.338671,4.763217,False,6,"[0.0252787, 0.0102943, 0.2896559]","[0.0790488, 0.0592957, 0.7116116]"
3755,3755,99,62.95950000000005,2.362347,0.8459806,2.5395994588875017,4.151364704099576,6.272801,4.466615,False,6,"[0.0219849, 0.0096423, 0.2894953]","[0.0777101, 0.0552249, 0.7069657]"
3756,3756,99,62.97649999999999,2.343093,0.306969,2.398261556791467,3.6240784560191175,5.871602,4.224748,False,6,"[0.0222469, 0.009448, 0.2898024]","[0.0722414, 0.0518913, 0.7024709]"
3757,3757,99,62.992500000000064,1.296918,-0.1553298,1.5480206938933567,3.303109861967121,5.635024,3.890939,False,6,"[0.0187691, 0.0091004, 0.2893039]","[0.0689123, 0.0475029, 0.6984254]"
3758,3758,99,63.01049999999998,1.346848,-0.0436303,1.6098365037785514,3.4065225313084064,5.306228,3.438151,False,6,"[0.0183852, 0.0114462, 0.2898516]","[0.0644327, 0.0416796, 0.6937437]"
3759,3759,99,63.026500000000055,1.227249,-0.003955655,1.5345582454055378,3.4607627216498082,4.996806,2.760007,False,6,"[0.0155419, 0.0089319, 0.2893749]","[0.0602715, 0.0332325, 0.689349]"
3760,3760,99,63.043499999999995,1.066335,-0.1767194,1.3796961117024904,3.311485646653677,4.746305,3.078094,False,6,"[0.0150078, 0.0076206, 0.289556]","[0.0568153, 0.0367972, 0.6842854]"
3761,3761,99,63.05950000000007,1.204188,-0.7241917,1.3475881816816386,2.7558543236617252,4.734721,2.312476,False,6,"[0.011923, 0.0042676, 0.2890133]","[0.0562967, 0.0274481, 0.6797057]"
3762,3762,99,63.07650000000001,1.167778,-0.8922511,1.2819916586534101,2.595327412449923,4.595079,2.467199,False,6,"[0.0118072, 0.001546, 0.2885608]","[0.0542511, 0.0290841, 0.6750034]"
3763,3763,99,63.09249999999997,1.046595,-0.5535,1.2764508151469127,2.9437021007201456,4.837561,2.544046,False,6,"[0.0065149, -0.0007802, 0.2877705]","[0.0568019, 0.0298204, 0.6711584]"
3764,3764,99,63.109500000000025,1.123414,-0.5316315,1.3360212342956856,2.9554006663733983,4.723486,2.233298,False,6,"[0.0067647, -0.0002191, 0.2877234]","[0.0550505, 0.0259824, 0.6662481]"
3765,3765,99,63.12650000000008,1.220314,-0.7176117,1.3605646458611784,2.7602652155475687,4.679542,1.993811,False,6,"[0.0061688, -1.99e-05, 0.2879525]","[0.0542448, 0.02307, 0.66269]"
3766,3766,99,63.14350000000002,1.190048,-0.5696173,1.3741994684194654,2.9095728903452063,4.821592,1.954219,False,6,"[0.0053483, -0.0008863, 0.2873412]","[0.0555197, 0.022458, 0.658192]"
3767,3767,99,63.16050000000007,1.377919,-0.8109961,1.4500265990090044,2.648393577449671,5.005382,2.01542,False,6,"[0.0060428, -0.0036338, 0.2874764]","[0.0573272, 0.0230336, 0.6545449]"
3768,3768,99,63.17750000000001,1.338507,-0.7098061,1.4460967242934906,2.752867897236504,5.203203,2.181111,False,6,"[0.005849, -0.0044687, 0.2869332]","[0.0592469, 0.0247791, 0.6506105]"
3769,3769,99,63.19349999999997,1.250234,-1.065692,1.299279346319028,2.41435708961572,5.172425,2.073117,False,6,"[0.0052512, -0.0027769, 0.2874461]","[0.058586, 0.0234278, 0.6472023]"
3770,3770,99,63.20950000000005,1.259797,-1.174495,1.2802718862633915,2.3062062181739043,5.031195,1.914741,False,6,"[0.0056262, -0.0026622, 0.2869064]","[0.0566841, 0.021525, 0.6438642]"
3771,3771,99,63.22750000000008,1.268547,-1.38547,1.2364816296380998,2.0977442842360574,5.081278,1.837649,False,6,"[0.0061178, -0.0035972, 0.2871957]","[0.0569654, 0.0205546, 0.6406484]"
3772,3772,99,63.24350000000004,1.19445,-1.201669,1.227566836067045,2.2878308146247504,5.064682,1.500633,False,6,"[0.0059589, -0.0028519, 0.2868539]","[0.0564698, 0.0166919, 0.6371676]"
3773,3773,99,63.26049999999998,1.173477,-1.255506,1.1999622099182536,2.2375936638203164,5.060671,1.471505,False,6,"[0.0068987, -0.0040598, 0.286801]","[0.0561833, 0.0162977, 0.6344402]"
3774,3774,99,63.276500000000055,1.09572,-1.17204,1.1646841261237295,2.3295375064634554,5.076291,1.50432,False,6,"[0.0066958, -0.0035503, 0.2865681]","[0.0560424, 0.0165681, 0.6308912]"
3775,3775,99,63.293499999999995,1.24979,-0.7656222,1.370059250326722,2.7093225067765245,5.139856,1.581166,False,6,"[0.0062537, -0.0053304, 0.2865503]","[0.0564729, 0.0173304, 0.6278334]"
3776,3776,99,63.30950000000007,1.164666,-0.9009213,1.2777341140304268,2.5872030890356297,5.043314,1.756203,False,6,"[0.0063, -0.0058733, 0.2864783]","[0.0551103, 0.0191471, 0.624476]"
3777,3777,99,63.32650000000001,1.139867,-0.8165372,1.2801687507732997,2.673297517191201,5.12791,1.99447,False,6,"[0.0063376, -0.0069219, 0.2861988]","[0.0558321, 0.0216663, 0.622163]"
3778,3778,99,63.34350000000006,1.129359,-0.8732595,1.2592899275094873,2.618890487245827,5.19157,1.951505,False,6,"[0.0059698, -0.0060059, 0.2863209]","[0.0562357, 0.0210892, 0.6189347]"
3779,3779,99,63.3605,0.8207892,-1.126803,0.9807460760409525,2.4090479523284256,5.214231,1.89116,False,6,"[0.0058652, -0.0062754, 0.2863337]","[0.0561671, 0.0203225, 0.6154788]"
3780,3780,99,63.37650000000008,0.6726187,-1.222215,0.8532331858976496,2.334167531876396,5.289295,1.765754,False,6,"[0.0054788, -0.0058605, 0.2864521]","[0.0567072, 0.018883, 0.6125292]"
3781,3781,99,63.39350000000002,0.2296315,-1.541066,0.46404641328846297,2.077277889432112,5.27139,1.604133,False,6,"[0.0062495, -0.0038281, 0.2864598]","[0.0563527, 0.0171047, 0.6107798]"
3782,3782,99,63.40949999999998,0.7371872,-1.465614,0.8412813321055175,2.0867228530979784,5.295132,1.485101,False,6,"[0.0058242, -0.004505, 0.2864811]","[0.0563237, 0.0157554, 0.6077123]"
3783,3783,99,63.42650000000003,0.5032899,-1.396233,0.6921160599142453,2.184730594258588,5.449533,1.484843,False,6,"[0.0056942, -0.0040787, 0.2861824]","[0.0578192, 0.0157101, 0.6060706]"
3784,3784,99,63.44349999999997,0.4111917,-1.330887,0.6423910586418127,2.260694477086502,5.442352,1.388276,False,6,"[0.0056488, -0.0043676, 0.2865426]","[0.0574479, 0.014613, 0.6029776]"
3785,3785,99,63.45950000000005,0.3507531,-1.54571,0.5487023613502773,2.057271722268179,5.496695,1.416081,False,6,"[0.0041041, -0.0056345, 0.2864685]","[0.0578223, 0.0148537, 0.6008707]"
3786,3786,99,63.47649999999999,0.2973913,-1.593691,0.49955333017971193,2.0169191667915056,5.590632,1.471818,False,6,"[0.0033628, -0.0061112, 0.2864392]","[0.0585313, 0.0153637, 0.5979555]"
3787,3787,99,63.49350000000004,0.1574266,-1.31629,0.4661792927248877,2.307393450965868,5.748176,1.641814,False,6,"[0.0011447, -0.0076838, 0.285609]","[0.060028, 0.0170925, 0.5963287]"
3788,3788,99,63.51049999999998,0.09170147,-1.407225,0.3980998967629731,2.2264019002960085,5.92904,1.796683,False,6,"[0.0036816, -0.0073206, 0.2861232]","[0.0616341, 0.0186164, 0.5934783]"
3789,3789,99,63.52750000000003,0.4546061,-1.132235,0.7201949953816669,2.4503948118232515,6.069197,1.946799,False,6,"[0.0025147, -0.0069776, 0.2862746]","[0.0629197, 0.0201148, 0.5917647]"
3790,3790,99,63.54550000000006,0.4362507,-1.080554,0.719443608039152,2.5035271025228276,6.072444,2.082088,False,6,"[0.0020509, -0.006639, 0.2857638]","[0.0627283, 0.0214368, 0.5896471]"
3791,3791,99,63.56050000000005,0.6940019,-0.5461701,1.0285453172160972,2.9958587476035925,6.285742,2.233065,False,6,"[0.0017471, -0.0077009, 0.2853831]","[0.0648962, 0.022974, 0.5891666]"
3792,3792,99,63.577499999999986,0.6919616,-0.3566005,1.0720146693537318,3.182428005965483,6.284479,2.437219,False,6,"[0.0014773, -0.0079189, 0.2846233]","[0.0647164, 0.0250124, 0.5876529]"
3793,3793,99,63.59350000000006,1.77904,0.3476303,2.0085357833248088,3.735952681753257,6.592528,2.85143,False,6,"[0.0007824, -0.0065427, 0.2847421]","[0.0678068, 0.0292227, 0.5867068]"
3794,3794,99,63.6105,1.5091,0.9074109,1.9500399385460514,4.320520652634757,6.802581,3.110399,False,6,"[0.0004549, -0.006982, 0.2842171]","[0.0698423, 0.0318156, 0.5854906]"
3795,3795,99,63.627500000000055,3.350743,2.0289,3.5196653492194923,5.187926094126912,6.944034,3.325625,False,6,"[0.002256, -0.0056193, 0.2843254]","[0.0712374, 0.0339879, 0.5849044]"
3796,3796,99,63.644499999999994,3.358523,1.52344,3.40541723457678,4.690167762154175,7.159966,3.466477,False,6,"[0.0021588, -0.0053476, 0.2835193]","[0.0734562, 0.0354215, 0.584751]"
3797,3797,99,63.66050000000007,1.474861,2.671711,2.343806254860045,6.058841233189074,7.20459,3.959967,False,6,"[0.0034383, -0.0027059, 0.2838503]","[0.0738311, 0.0404312, 0.584057]"
3798,3798,99,63.67750000000001,1.589248,2.384636,2.356778809375248,5.76212028832931,7.429789,4.122171,False,6,"[0.0034196, -0.0017622, 0.283134]","[0.0763459, 0.0421931, 0.5854474]"
3799,3799,99,63.69450000000006,6.529667,5.29838,6.545023683515391,7.99588581252161,7.567794,4.269765,False,6,"[0.008851, 0.001729, 0.2849647]","[0.0780341, 0.0438519, 0.5873566]"
3800,3800,99,63.71249999999998,6.521971,5.302032,6.540440032494772,8.00045617948475,7.289364,4.065841,False,6,"[0.0074529, 0.0044807, 0.2828965]","[0.0751767, 0.0417755, 0.5877113]"
3801,3801,99,63.728500000000054,6.1666,0.06035883,5.0469437182026065,2.8942430739802556,6.774788,3.523377,False,6,"[0.0165932, 0.0100401, 0.2834112]","[0.0697935, 0.0361739, 0.5875044]"
3802,3802,99,63.74650000000008,6.133272,0.006282679,5.010534872888472,2.8453460496427505,6.614007,3.446007,False,6,"[0.0165886, 0.0075178, 0.2826735]","[0.0685402, 0.0355947, 0.5911096]"
3803,3803,99,63.762500000000045,5.144856,0.4258075,4.410115128730313,3.383670517991318,6.657987,3.404041,False,6,"[0.0072975, 0.0132261, 0.283433]","[0.0690153, 0.035168, 0.5912403]"
3804,3804,99,63.779499999999985,5.231276,0.397901,4.464690245946544,3.345226127461258,6.640554,2.560874,False,6,"[0.0078671, 0.0118083, 0.2835544]","[0.0691522, 0.0265662, 0.5939827]"
3805,3805,99,63.79650000000004,5.379771,0.06012471,4.48979942525608,2.9943274203633745,6.592184,2.721745,True,6,"[0.0325704, 0.0263894, 0.2845564]","[0.0686866, 0.0282549, 0.5943509]"
3806,3806,99,63.8125,5.235657,-0.01117633,4.370871116128538,2.942626096885889,7.078218,2.378471,True,6,"[0.0325977, 0.0264613, 0.2851341]","[0.0740728, 0.0247779, 0.5965412]"
3807,3807,99,63.82950000000005,5.25945,-0.2525618,4.3305265455380315,2.7023588687629116,7.145465,2.373544,True,6,"[0.0305357, 0.0002977, 0.2826199]","[0.0748798, 0.0247583, 0.5973059]"
3808,3808,99,63.84649999999999,5.424641,-0.4649189,4.397171823877004,2.472593622680136,7.488752,2.251489,True,6,"[0.0304319, 3.11e-05, 0.2832015]","[0.078785, 0.0235638, 0.5993406]"
3809,3809,99,63.86250000000007,5.941925,-1.103046,4.612229284001415,1.7794922636206527,7.471254,2.121393,False,6,"[0.0254911, 0.0021041, 0.2831191]","[0.0787565, 0.0222455, 0.6005433]"
3810,3810,99,63.87950000000001,6.465782,-0.9525902,5.0187761429518165,1.8605727286275746,7.729219,1.847272,False,6,"[0.0259686, 0.0019698, 0.2836314]","[0.0817579, 0.0194281, 0.6023806]"
3811,3811,99,63.89650000000006,6.467246,-1.555939,4.876863810973831,1.2674144548677067,7.838935,1.672136,False,6,"[0.0266716, 0.0002972, 0.2832234]","[0.083017, 0.0176029, 0.6029909]"
3812,3812,99,63.9135,6.556063,-1.484133,4.956760505832247,1.326661981100051,8.200814,1.495533,False,6,"[0.0259791, -5.53e-05, 0.283507]","[0.0872054, 0.015798, 0.6051026]"
3813,3813,99,63.93050000000005,6.572261,-1.107158,5.057544062218637,1.6950881603201733,8.341476,1.521433,False,6,"[0.0260677, -0.0012483, 0.2831805]","[0.0888833, 0.0161009, 0.6062005]"
3814,3814,99,63.94749999999999,6.664936,-1.138329,5.115774385743829,1.652637954139201,8.571877,1.521531,False,6,"[0.0269154, -0.0022999, 0.2834345]","[0.0916032, 0.0161421, 0.6077154]"
3815,3815,99,63.96350000000007,6.711573,-0.944417,5.194736952102838,1.837268957668959,8.595373,1.888346,False,6,"[0.0294365, -0.0054456, 0.282827]","[0.0920647, 0.0200813, 0.6090824]"
3816,3816,99,63.980500000000006,6.399713,-0.8702406,4.991508865602595,1.9499292455218726,8.84074,2.135957,False,6,"[0.0321077, -0.0047107, 0.2833096]","[0.0950285, 0.0227873, 0.6109728]"
3817,3817,99,63.99750000000006,6.090685,-0.6453084,4.826003816802819,2.210391382271812,8.841963,2.194605,False,6,"[0.0320576, -0.0076818, 0.2828031]","[0.0953162, 0.0234812, 0.6127363]"
3818,3818,99,64.01350000000002,6.328755,-0.6461865,4.994353535551346,2.1791763533942614,9.052636,2.128461,False,6,"[0.032548, -0.0073375, 0.2832065]","[0.0978054, 0.0228149, 0.6138682]"
3819,3819,99,64.03050000000007,6.715744,-0.957576,5.194572387737151,1.8238045138777337,9.090686,2.104173,False,6,"[0.0326008, -0.0054685, 0.2829606]","[0.0984718, 0.0226113, 0.6154203]"
3820,3820,99,64.04650000000004,6.780272,-1.012527,5.227240043863655,1.761571825596418,9.396452,2.086844,False,6,"[0.0331101, -0.0056302, 0.2833488]","[0.1020291, 0.0224659, 0.6165448]"
3821,3821,99,64.06349999999998,6.660271,-1.040503,5.135648982266248,1.7493761662079237,9.550885,2.251367,False,6,"[0.0333374, -0.00467, 0.2832937]","[0.1039408, 0.0242864, 0.617755]"
3822,3822,99,64.08050000000003,6.771275,-1.177786,5.181715895710313,1.6003022099974622,9.699917,2.20485,False,6,"[0.0318053, -0.0043073, 0.2835639]","[0.1056952, 0.023807, 0.618348]"
3823,3823,99,64.10050000000001,6.760302,-1.201544,5.168317935894428,1.578351801101031,9.623857,2.182648,False,6,"[0.0302349, -0.0031914, 0.2833507]","[0.1050682, 0.0236159, 0.6196314]"
3824,3824,99,64.11750000000006,7.037354,-1.228795,5.358019179653308,1.5162475725687266,9.889345,1.919789,False,6,"[0.0314885, -0.0032021, 0.2839126]","[0.1081101, 0.020786, 0.6201236]"
3825,3825,99,64.13049999999998,6.8996,-1.429924,5.21283427540257,1.3361403891855201,9.840392,1.919614,False,6,"[0.0333704, -0.0047368, 0.2833968]","[0.1077685, 0.0208236, 0.6213011]"
3826,3826,99,64.14650000000006,7.071277,-1.486667,5.320940744349712,1.258485876721088,10.09745,1.783061,False,6,"[0.0337225, -0.0050129, 0.2836362]","[0.1106344, 0.01934, 0.6212581]"
3827,3827,99,64.1635,7.024501,-1.44048,5.29876540032956,1.309842060817843,9.972569,1.799078,False,6,"[0.0331326, -0.0051534, 0.2837423]","[0.1094331, 0.0195487, 0.6223683]"
3828,3828,99,64.18050000000005,7.056399,-1.49402,5.308664742595851,1.2531561698166511,10.09013,1.799744,False,6,"[0.0337147, -0.0058378, 0.2839508]","[0.1107014, 0.0195473, 0.6220948]"
3829,3829,99,64.19749999999999,6.977132,-1.848238,5.168618940093528,0.9151363821166911,9.973001,1.861072,False,6,"[0.0336579, -0.0059553, 0.2839364]","[0.109575, 0.0202481, 0.6231473]"
3830,3830,99,64.21350000000007,7.027781,-1.918561,5.187817996476602,0.8395655435307416,10.0521,1.762469,False,6,"[0.0350614, -0.0060922, 0.2840213]","[0.1103927, 0.0191626, 0.622756]"
3831,3831,99,64.2305,6.857531,-1.821743,5.090216668346062,0.9564238630575899,10.01112,1.852381,False,6,"[0.0343648, -0.007089, 0.2839919]","[0.1100676, 0.0201654, 0.6235167]"
3832,3832,99,64.24750000000006,6.897674,-1.838577,5.114650212936609,0.9347614827719899,10.06593,1.789119,False,6,"[0.0352269, -0.0073701, 0.2839794]","[0.1105536, 0.0194535, 0.6227887]"
3833,3833,99,64.2645,6.870204,-1.630723,5.144446933769624,1.1425427468285365,9.903869,1.9066,False,6,"[0.0350168, -0.0071462, 0.2841844]","[0.1089181, 0.0207663, 0.6238238]"
3834,3834,99,64.28050000000007,6.88877,-1.25563,5.246461181693862,1.5088173939569134,10.04873,2.013111,False,6,"[0.035174, -0.0074112, 0.2841565]","[0.1103114, 0.0218812, 0.6225108]"
3835,3835,99,64.29750000000001,7.075208,-0.988011,5.441868410921011,1.7480641733437827,10.05706,2.179594,False,6,"[0.0347795, -0.0091707, 0.2841939]","[0.1104568, 0.0237036, 0.6228043]"
3836,3836,99,64.31450000000007,7.115692,-0.8082292,5.513126736345539,1.9195924649296445,10.26181,2.384826,False,6,"[0.0350746, -0.0095307, 0.2845194]","[0.1124124, 0.0258594, 0.6209176]"
3837,3837,99,64.3315,7.429105,-0.4368362,5.823021240659381,2.244640101933215,10.29117,2.604158,False,6,"[0.0342373, -0.0090549, 0.2846907]","[0.1127192, 0.0282354, 0.6207973]"
3838,3838,99,64.34750000000008,7.435103,-0.6191871,5.784064305942978,2.0646608117397767,10.44735,2.760091,False,6,"[0.0344641, -0.0091451, 0.2848929]","[0.1140742, 0.0298257, 0.6186616]"
3839,3839,99,64.36450000000002,8.260537,-0.1228615,6.4860784688123,2.4472136906874997,10.67284,2.8778,False,6,"[0.034399, -0.008128, 0.2855026]","[0.1163913, 0.0310458, 0.6175885]"
3840,3840,99,64.38150000000007,8.306485,0.7471392,6.724736036541265,3.2963929865704533,11.1323,2.818912,False,6,"[0.0345002, -0.0062591, 0.2855635]","[0.1208675, 0.0302443, 0.6142334]"
3841,3841,99,64.39850000000001,8.475472,-0.06246448,6.652565853154197,2.479169421386717,11.46908,3.025436,False,6,"[0.0355661, -0.0049418, 0.2865523]","[0.1242537, 0.0323681, 0.6124178]"
3842,3842,99,64.41449999999998,8.737112,0.4538513,6.960140098421839,2.953247914339793,11.9318,2.997132,False,6,"[0.0357673, -0.004042, 0.2865172]","[0.1285231, 0.0318446, 0.6082128]"
3843,3843,99,64.43150000000003,7.280924,-4.064909,4.858522589967026,-1.3021405011195544,12.21705,3.057195,False,6,"[0.0373683, -0.002185, 0.28658]","[0.131304, 0.0323888, 0.6064316]"
3844,3844,99,64.44850000000008,7.28896,-4.238818,4.823008698761748,-1.4740829148411727,12.45333,3.450576,False,6,"[0.0373915, -0.0030965, 0.286524]","[0.1331733, 0.0363608, 0.6030299]"
3845,3845,99,64.46550000000002,7.396276,-4.308708,4.882431580482972,-1.5564527925377503,12.80161,3.320526,False,6,"[0.0415521, -0.0006137, 0.2862093]","[0.1366499, 0.034892, 0.6013886]"
3846,3846,99,64.48149999999998,6.963347,-4.692605,4.484955118412359,-1.8785520300800718,12.90731,2.223892,False,6,"[0.0418516, 0.0037382, 0.286655]","[0.1370056, 0.0232167, 0.5978473]"
3847,3847,99,64.49850000000004,7.200998,-4.532965,4.69103904975893,-1.751956338103728,12.88299,2.539359,False,6,"[0.0428817, -0.0003137, 0.2877707]","[0.1370608, 0.0265766, 0.5992567]"
3848,3848,99,64.51549999999997,6.669768,-4.729956,4.268246589251178,-1.8778316315708938,13.68014,1.802685,False,6,"[0.0439806, 0.0022669, 0.2861746]","[0.1441499, 0.018639, 0.5922187]"
3849,3849,99,64.53250000000003,7.142918,-4.302954,4.704412914104242,-1.518496627296189,13.93397,1.794278,False,6,"[0.036314, -0.0201986, 0.2842262]","[0.146723, 0.0185256, 0.5913762]"
3850,3850,99,64.54849999999999,7.193928,-4.185769,4.768293039285172,-1.4098304961035915,14.17239,2.262179,False,6,"[0.0362829, -0.0210244, 0.2836659]","[0.148659, 0.0232549, 0.5886873]"
3851,3851,99,64.56650000000002,7.102132,-4.160875,4.709197880316547,-1.3736613954508163,14.37489,2.347735,True,6,"[0.036793, -0.0213549, 0.2834343]","[0.150501, 0.0240757, 0.5872311]"
3852,3852,99,64.58450000000005,7.125894,-4.196885,4.71749009941839,-1.4120815148180332,14.68776,2.584437,True,6,"[0.0346233, -0.0232697, 0.2834829]","[0.153361, 0.0264094, 0.5850864]"
3853,3853,99,64.60050000000001,7.129182,-4.028212,4.759781039303033,-1.246728765520463,15.05478,2.766547,True,6,"[0.035798, -0.0224627, 0.283331]","[0.1570195, 0.0282096, 0.5837719]"
3854,3854,99,64.61850000000004,7.252835,-4.2404,4.7970567444114245,-1.471032055364617,15.41107,2.780286,True,6,"[0.0331466, -0.0234534, 0.2834544]","[0.1603688, 0.0282529, 0.5817761]"
3855,3855,99,64.63350000000003,7.185443,-4.165702,4.767039898598779,-1.3890268643592147,15.78549,2.747991,True,6,"[0.0355273, -0.0213311, 0.2834986]","[0.164185, 0.0278764, 0.5807789]"
3856,3856,99,64.64949999999999,7.187318,-4.283735,4.740402374090903,-1.5052688274433157,15.90833,2.512269,True,6,"[0.0357416, -0.0207237, 0.2831655]","[0.1652417, 0.0254375, 0.5797656]"
3857,3857,99,64.66650000000004,15.22268,-0.4065749,11.348179621756746,1.2807621003139786,16.14225,2.358377,True,6,"[0.0352894, -0.020605, 0.283234]","[0.16773, 0.023867, 0.5795102]"
3858,3858,99,64.68349999999998,15.22694,-0.3722826,11.359320506029412,1.3139214807767616,16.40952,2.255139,True,6,"[0.0353248, -0.0207347, 0.282563]","[0.1704765, 0.022796, 0.5788744]"
3859,3859,99,64.70050000000003,14.83441,-0.1850767,11.125756234855018,1.5479520242181035,16.64129,2.16345,True,6,"[0.0353253, -0.0198896, 0.2824356]","[0.1733674, 0.0219117, 0.5800224]"
3860,3860,99,64.71749999999997,14.67847,-0.1872601,11.014830657957567,1.5656872869374436,16.76397,2.002449,True,6,"[0.0358251, -0.0208714, 0.2814974]","[0.1746703, 0.0202738, 0.5798535]"
3861,3861,99,64.73450000000003,14.74176,0.9533963,11.32989197387242,2.6786562282491806,16.95821,2.009227,True,6,"[0.0354902, -0.0205033, 0.2815091]","[0.177253, 0.0203926, 0.5812846]"
3862,3862,99,64.75150000000008,14.81856,0.7238262,11.329876660604043,2.4432431831561257,17.16842,1.941386,True,6,"[0.0354004, -0.0210275, 0.2807226]","[0.1798422, 0.0197316, 0.5821119]"
3863,3863,99,64.76750000000004,15.26144,0.3973351,11.566089369597353,2.065903822540771,17.33618,1.838199,True,6,"[0.0768174, -0.0020032, 0.2822932]","[0.1823827, 0.0187512, 0.5842636]"
3864,3864,99,64.78449999999998,15.45074,0.106382,11.631182828972278,1.7558206665695884,17.77312,1.627353,True,6,"[0.0767011, -0.0018309, 0.2817832]","[0.1874898, 0.0166173, 0.5849048]"
3865,3865,99,64.80150000000003,15.78091,-0.8226891,11.644828146704537,0.8006348863258408,18.12893,1.449935,False,6,"[0.0747673, -0.0009119, 0.2822965]","[0.1920829, 0.0148497, 0.5866752]"
3866,3866,99,64.8175,15.82655,-0.8324502,11.674829416518438,0.7852229333584249,18.54098,1.251456,False,6,"[0.0738465, -0.0009214, 0.2819178]","[0.1971712, 0.0128426, 0.5878848]"
3867,3867,99,64.83450000000005,15.65607,-1.522309,11.39068124973214,0.1289640631879898,19.0373,1.132089,False,6,"[0.0744006, 0.0047055, 0.2827582]","[0.2035327, 0.0116563, 0.5898544]"
3868,3868,99,64.85050000000001,15.754,-1.526211,11.459092934443827,0.11264387869877313,19.4853,1.148131,False,6,"[0.0746928, 0.0035669, 0.2823305]","[0.2091779, 0.0118481, 0.5911823]"
3869,3869,99,64.86850000000004,14.03808,-2.845466,9.931625792353518,-0.9651547111410936,19.61337,1.207778,False,6,"[0.0769402, 0.0019556, 0.2819915]","[0.2118115, 0.0125316, 0.5943968]"
3870,3870,99,64.8845,14.23058,-2.817595,10.074522548755475,-0.9623052917267678,19.67245,1.270959,False,6,"[0.0776945, 0.0005219, 0.2810954]","[0.2137478, 0.0132646, 0.5978801]"
3871,3871,99,64.90150000000006,13.91133,-2.979116,9.810219427390003,-1.0803464083013141,19.62844,1.369418,False,6,"[0.0793031, -0.0040294, 0.2806081]","[0.2148952, 0.0144042, 0.602549]"
3872,3872,99,64.91750000000002,14.12391,-3.016265,9.951928265740428,-1.143958730961244,19.77281,1.475947,False,6,"[0.0793233, -0.0040659, 0.2798275]","[0.2180686, 0.0156299, 0.6066118]"
3873,3873,99,64.93450000000007,13.83282,-3.355789,9.665389426429705,-1.4405314972892302,19.65238,1.412671,False,6,"[0.0783318, -0.0074278, 0.2794968]","[0.2185614, 0.0150929, 0.6120208]"
3874,3874,99,64.95050000000003,13.97352,-3.291838,9.780159149506702,-1.395618540450501,19.70765,1.362499,False,6,"[0.078636, -0.0074269, 0.2787479]","[0.2210328, 0.0146765, 0.617061]"
3875,3875,99,64.96749999999997,13.57031,-3.000817,9.563629720694522,-1.0581968285826084,19.57068,1.576794,False,6,"[0.0695544, -0.0138265, 0.2781796]","[0.2215787, 0.017157, 0.6232743]"
3876,3876,99,64.98450000000003,13.76809,-3.04098,9.694145803518136,-1.1228844302719274,19.35472,1.584288,False,6,"[0.0703073, -0.0136441, 0.2772293]","[0.221286, 0.0174236, 0.6299642]"
3877,3877,99,65.00150000000008,13.48832,-2.832517,9.54545395764372,-0.8823383971814538,19.27906,1.749273,False,6,"[0.0687058, -0.0144361, 0.2773921]","[0.2226761, 0.0194421, 0.636609]"
3878,3878,99,65.01750000000004,13.47495,-2.59225,9.592913201908964,-0.644499251765585,19.28953,1.838958,False,6,"[0.069544, -0.014563, 0.2763779]","[0.2252299, 0.0206618, 0.6435327]"
3879,3879,99,65.03449999999998,13.21754,-1.596368,9.646612471702536,0.36707200670921925,19.09215,2.071609,False,6,"[0.0680583, -0.0162072, 0.2764002]","[0.2254841, 0.0235643, 0.651448]"
3880,3880,99,65.05150000000003,13.57141,-1.229154,9.984161133577299,0.682854573833739,19.03223,2.315469,False,6,"[0.0686282, -0.0158629, 0.2757955]","[0.2274449, 0.0266602, 0.6593427]"
3881,3881,99,65.06849999999997,12.59338,-1.509452,9.225288810723356,0.5320685486235357,18.77019,2.476773,False,6,"[0.0665325, -0.0144495, 0.2756375]","[0.2271729, 0.0289139, 0.6684557]"
3882,3882,99,65.08450000000005,13.07778,-0.4361562,9.822543980565229,1.5251472690089098,18.50313,2.846785,False,6,"[0.0672917, -0.0145893, 0.2746228]","[0.2269046, 0.0337159, 0.6780231]"
3883,3883,99,65.10149999999999,12.21303,-1.122782,9.047606377034143,0.9605796968396194,18.25758,3.059717,False,6,"[0.0657912, -0.0135709, 0.2742864]","[0.2270575, 0.0367899, 0.6882675]"
3884,3884,4,65.11750000000006,12.40439,-1.078277,9.193637016313527,0.9799223640977819,17.98463,3.144332,False,6,"[0.0655941, -0.0123937, 0.2737463]","[0.2268933, 0.0383959, 0.6989437]"
3885,3885,4,65.1345,11.63755,-0.8192866,8.712062253337763,1.3322243127101694,17.70503,2.845295,False,6,"[0.0643599, -0.0076368, 0.2740224]","[0.2265174, 0.0352655, 0.7095578]"
3886,3886,4,65.15150000000006,11.76145,-0.9661817,8.764982408420273,1.1720594404172893,16.96745,2.206689,False,6,"[0.0659441, -0.0058613, 0.2731767]","[0.2202608, 0.0278173, 0.7219076]"
3887,3887,4,65.1685,13.97072,-0.7344769,10.384081408891682,1.1181147267673595,16.54637,2.495718,False,6,"[0.0611519, -0.007213, 0.2737265]","[0.2180196, 0.0319852, 0.7338403]"
3888,3888,4,65.18550000000005,13.89975,-0.9625207,10.279803946444044,0.9030412301430335,16.51349,2.056416,False,6,"[0.06362, -0.0020849, 0.2738718]","[0.2205501, 0.0267117, 0.7439213]"
3889,3889,4,65.20249999999999,12.98584,-1.540135,9.495887826882146,0.4518777459390986,15.82729,1.77892,False,6,"[0.0592449, -0.0053645, 0.2737172]","[0.2147654, 0.0235291, 0.7575871]"
3890,3890,4,65.21850000000006,12.99757,-1.76257,9.451492293720765,0.23177298963386583,15.84128,1.760222,False,6,"[0.0601049, -0.0051435, 0.2732728]","[0.2178803, 0.0235974, 0.7678609]"
3891,3891,4,65.2355,12.59133,-1.961264,9.116791475418268,0.08828875563945537,15.39149,1.259125,False,6,"[0.0563578, -0.0039132, 0.2736434]","[0.2147959, 0.0171498, 0.7802644]"
3892,3892,4,65.25150000000008,12.67243,-2.066644,9.149244471245364,-0.025618387543770993,14.9946,0.8904855,False,6,"[0.0570369, -0.0046199, 0.2739408]","[0.212003, 0.0123025, 0.7915043]"
3893,3893,4,65.26850000000002,11.5653,-1.868956,8.412214262877967,0.3098197877933977,14.43946,0.5098912,False,6,"[0.0682733, -0.0035181, 0.2744267]","[0.2068371, 0.0071488, 0.8032805]"
3894,3894,4,65.28550000000007,11.61093,-2.001181,8.413193600576523,0.17405150261068414,14.03815,0.2153433,False,6,"[0.0678786, -0.0046083, 0.2742897]","[0.2034727, 0.0030585, 0.8137758]"
3895,3895,4,65.30250000000001,10.94505,-2.063902,7.9268785838427664,0.19730366377120134,13.69621,-0.01001096,False,6,"[0.0633998, -0.0073919, 0.2749248]","[0.2008567, -0.000144, 0.8241838]"
3896,3896,4,65.31849999999997,10.79065,-2.077609,7.81431311650725,0.203517186545759,13.28075,-0.2064086,False,6,"[0.0634116, -0.0084538, 0.274719]","[0.1968315, -0.0030042, 0.8339069]"
3897,3897,4,65.33550000000002,9.565238,-1.787996,7.015316563814221,0.6443793308774595,12.79058,-0.2796313,False,6,"[0.061493, -0.0094273, 0.2752998]","[0.19164, -0.0041199, 0.8441492]"
3898,3898,4,65.35149999999999,9.620421,-1.873575,7.034111232932829,0.553236835810992,12.22582,-0.176968,False,6,"[0.0618267, -0.0099222, 0.2749636]","[0.1850047, -0.0026372, 0.8538178]"
3899,3899,4,65.36850000000004,8.730625,-2.050977,6.362088852359723,0.4923279385840704,11.63141,-0.1967915,False,6,"[0.0564399, -0.0089997, 0.2758014]","[0.1778066, -0.0029669, 0.8638017]"
3900,3900,4,65.38549999999998,8.789667,-2.170131,6.375660979394863,0.3676959180719157,11.0971,-0.1676874,False,6,"[0.0565704, -0.0096202, 0.2753229]","[0.1711449, -0.0025537, 0.8725668]"
3901,3901,4,65.40250000000003,6.824652,-3.417147,4.688945458996835,-0.6073485003157764,10.6526,-0.1151282,False,6,"[0.0534117, -0.0099533, 0.2761935]","[0.1658201, -0.0017714, 0.8815749]"
3902,3902,4,65.4185,7.064707,-3.514342,4.835880638562615,-0.7334769180342313,10.32209,-0.1137791,False,6,"[0.0526572, -0.0100227, 0.2762834]","[0.1619295, -0.0017656, 0.8890919]"
3903,3903,4,65.43550000000005,6.687006,-3.132457,4.658940053906376,-0.3100061976187809,10.11775,-0.04479577,False,6,"[0.0466787, -0.0086471, 0.2770027]","[0.1601041, -0.0007015, 0.897209]"
3904,3904,4,65.45150000000001,6.753331,-3.289386,4.6687188031406,-0.4726920393016725,9.932091,-0.1842358,False,6,"[0.0469553, -0.0090617, 0.2770159]","[0.1582077, -0.0029052, 0.9035013]"
3905,3905,4,65.46850000000006,6.179445,-3.271301,4.266682185149775,-0.3817521878053771,9.651908,0.06896457,False,6,"[0.042594, -0.0099327, 0.2773611]","[0.1548766, 0.0010961, 0.9106672]"
3906,3906,4,65.4855,5.941207,-3.796969,3.973461187274806,-0.8680056180374924,9.3812,0.1456704,False,6,"[0.0428483, -0.010501, 0.2771139]","[0.1515013, 0.0023314, 0.9170125]"
3907,3907,4,65.50150000000008,5.603547,-3.222193,3.870571183326038,-0.260066396070449,9.21655,0.18041,False,6,"[0.033179, -0.0165539, 0.2772328]","[0.1498202, 0.0029073, 0.9233277]"
3908,3908,4,65.51850000000002,5.903391,-3.070913,4.118708157413621,-0.149616030845654,8.980491,0.3119517,False,6,"[0.0342902, -0.0169925, 0.2766874]","[0.1468071, 0.0050578, 0.9289507]"
3909,3909,4,65.53550000000007,5.635623,-2.806963,3.991660238795531,0.14393250536262547,8.668786,0.586455,False,6,"[0.0325576, -0.0151971, 0.2776932]","[0.1427082, 0.009581, 0.9360121]"
3910,3910,4,65.55150000000003,5.724874,-2.942319,4.022782200108121,-0.0004742593973805498,8.412917,0.7140275,False,6,"[0.0327924, -0.0159158, 0.2769234]","[0.139228, 0.0117322, 0.9413818]"
3911,3911,4,65.56849999999997,4.829493,-2.554796,3.4806508229386477,0.49453757416966315,8.068531,0.9200959,False,6,"[0.0300493, -0.0158631, 0.2775356]","[0.1345148, 0.0152392, 0.9488862]"
3912,3912,4,65.58850000000007,4.836539,-2.701868,3.450794370734976,0.34909680006787447,7.898936,1.170997,False,6,"[0.0283788, -0.0180981, 0.272698]","[0.1323552, 0.0194996, 0.9539627]"
3913,3913,4,65.60649999999998,7.740949,-1.079453,5.891559828069031,1.5733182286455327,7.610503,1.236303,False,6,"[0.0270065, -0.0154963, 0.2752581]","[0.1283404, 0.020729, 0.9605235]"
3914,3914,4,65.61850000000004,7.743636,-1.212197,5.862011799119125,1.4425147608627524,7.381929,1.241813,False,6,"[0.0286473, -0.0148636, 0.2770537]","[0.1250775, 0.0209277, 0.9654274]"
3915,3915,4,65.63549999999998,3.640721,-1.889231,2.796668748499379,1.300214300180798,7.188031,1.401547,False,6,"[0.0274448, -0.0136364, 0.278123]","[0.1224531, 0.0237557, 0.9709474]"
3916,3916,4,65.65150000000006,3.527028,-2.099716,2.666302779696958,1.1078444472730564,6.848574,1.55807,False,6,"[0.0278118, -0.0142589, 0.2774198]","[0.1171749, 0.0265371, 0.9756228]"
3917,3917,4,65.66950000000008,2.331268,-1.817698,1.8865009154184926,1.5374618260863793,6.570151,1.690585,False,6,"[0.0235291, -0.0124256, 0.2784818]","[0.1129475, 0.0289438, 0.9806512]"
3918,3918,4,65.68550000000005,2.458118,-1.748014,1.9928228893183535,1.5897749442092404,6.451748,1.963191,False,6,"[0.0234796, -0.0130951, 0.2774883]","[0.1113738, 0.0337596, 0.9848893]"
3919,3919,4,65.70249999999999,1.882662,-1.247075,1.7040752319989418,2.1554642093528633,6.234694,2.191856,False,6,"[0.0379601, -0.0052618, 0.279256]","[0.1081027, 0.0378727, 0.9895214]"
3920,3920,4,65.71950000000004,1.818012,-1.327821,1.6391710835743112,2.0843493445318932,6.110934,2.350642,False,6,"[0.0378252, -0.005886, 0.2781654]","[0.1063835, 0.0407893, 0.9936608]"
3921,3921,4,65.73649999999998,1.696165,-1.127985,1.6002475514289805,2.2962828294436157,5.959912,2.389921,False,6,"[0.0177865, -0.0092206, 0.2795374]","[0.1041164, 0.0416241, 0.9973133]"
3922,3922,4,65.75250000000005,1.844781,-1.352445,1.6522899484100932,2.056736025395831,5.951932,2.461811,False,6,"[0.0171704, -0.0102136, 0.2785769]","[0.1043731, 0.0430414, 1.001123]"
3923,3923,4,65.7695,2.222272,-1.288699,1.9346633103797126,2.071258538838723,6.189566,2.554408,False,6,"[0.0114115, -0.0088957, 0.2803064]","[0.1087574, 0.0447386, 1.00283]"
3924,3924,4,65.78650000000005,2.239521,-1.241706,1.9580097589136813,2.115244182007162,6.360992,2.533642,False,6,"[0.0120095, -0.0085376, 0.2797543]","[0.1121384, 0.0445111, 1.005918]"
3925,3925,4,65.80349999999999,3.057986,-1.548218,2.4648768424089926,1.7096561945435629,6.420654,2.509563,False,6,"[0.0092425, -0.006121, 0.2811779]","[0.1133791, 0.0441577, 1.007519]"
3926,3926,4,65.81950000000006,2.872646,-1.623475,2.3158225286054526,1.6593229379140186,6.904645,2.56738,False,6,"[0.0089154, -0.0065105, 0.2808792]","[0.1222743, 0.0452757, 1.009734]"
3927,3927,4,65.8365,6.408733,-4.9529,4.030608025067968,-2.063661265291718,7.454678,2.501642,False,6,"[0.0083574, -0.0055569, 0.2822269]","[0.1322073, 0.0441436, 1.01039]"
3928,3928,4,65.85250000000008,6.380644,-5.264789,3.9368259804141252,-2.3666048699622877,7.967847,2.423515,False,6,"[0.0090878, -0.0066614, 0.2821538]","[0.1415776, 0.0428101, 1.011495]"
3929,3929,4,65.87049999999999,-3.256367,-7.01711,-3.3015179297068658,-2.860144925082798,8.422466,2.409355,False,6,"[0.0109886, -0.0063702, 0.2831727]","[0.1497983, 0.0425677, 1.011687]"
3930,3930,4,65.88549999999998,-3.187,-6.803596,-3.201817903392616,-2.6591469563765857,8.846161,2.411995,False,6,"[0.0110842, -0.0061435, 0.2834341]","[0.157489, 0.0426244, 1.011924]"
3931,3931,4,65.90350000000001,9.376986,1.239077,7.599222379373415,3.643389439158372,9.459699,2.611726,False,6,"[0.0151799, -0.0076799, 0.2841465]","[0.1684226, 0.0461084, 1.010821]"
3932,3932,4,65.91950000000008,9.187582,1.259994,7.470076779356403,3.688094185114405,10.28014,2.947394,False,6,"[0.0142762, -0.0080636, 0.2845047]","[0.1829889, 0.0519459, 1.008911]"
3933,3933,4,65.9375,8.004169,-0.5737622,6.1977354098265725,2.036753046340592,11.08677,3.342321,False,6,"[0.0318747, -0.0245924, 0.2837785]","[0.1972312, 0.0587819, 1.006526]"
3934,3934,4,65.95249999999999,8.37191,-0.3198017,6.518272313634177,2.2394615517525294,12.01343,4.278804,False,6,"[0.0317296, -0.026146, 0.2837408]","[0.2133667, 0.0750171, 1.002656]"
3935,3935,4,65.96950000000004,9.505059,3.07528,8.12494410624518,5.4316827513544,13.09137,4.894114,False,6,"[-0.0160991, -0.0348286, 0.2829577]","[0.231813, 0.0853559, 0.9968372]"
3936,3936,4,65.98649999999998,9.761955,3.205445,8.33767045075091,5.526856808139581,13.81722,5.663878,False,6,"[-0.0157897, -0.0338323, 0.2835745]","[0.2441154, 0.0984398, 0.9925715]"
3937,3937,4,66.00350000000003,11.33338,4.60753,9.782457141971417,6.704482743593525,14.65462,6.589468,True,6,"[0.0475998, 0.0062346, 0.2882456]","[0.2578743, 0.1139166, 0.9861397]"
3938,3938,4,66.0195,11.46037,4.715891,9.898041815760042,6.794789795658817,15.82287,7.548945,True,6,"[0.046652, 0.006344, 0.288434]","[0.2775458, 0.1297829, 0.9793333]"
3939,3939,4,66.03650000000005,12.61124,5.366891,10.867116761339428,7.287866282079569,16.75081,8.456047,True,6,"[0.0403933, -0.0028767, 0.2872618]","[0.2926907, 0.1445718, 0.9724551]"
3940,3940,4,66.05250000000001,12.99489,5.155788,11.08873199727849,7.031481781309937,17.37526,9.189557,True,6,"[0.0422171, -0.0016012, 0.286867]","[0.303008, 0.1566598, 0.9683651]"
3941,3941,4,66.07050000000004,12.66135,4.808816,10.770373185468728,6.733001152724732,17.7435,9.519684,False,6,"[0.0481873, 0.0154622, 0.2877999]","[0.3087915, 0.1618334, 0.9650415]"
3942,3942,4,66.08749999999998,12.60263,4.981633,10.769743186896548,6.91033215497709,17.99193,9.95352,False,6,"[0.0494227, 0.0160879, 0.287264]","[0.3130236, 0.1691465, 0.9638492]"
3943,3943,4,66.10350000000005,12.49189,5.014222,10.699058485144327,6.956479116381614,18.20211,10.36767,True,6,"[0.0575746, 0.0231505, 0.2872614]","[0.3162109, 0.1759333, 0.9616412]"
3944,3944,4,66.12049999999999,12.76996,4.945861,10.879740473098217,6.853842164003842,18.38148,10.39984,True,6,"[0.0583069, 0.0237258, 0.2876058]","[0.3198136, 0.1766368, 0.9624337]"
3945,3945,4,66.13750000000005,12.92656,4.928796,10.986572899950332,6.817105415462561,18.44421,10.13472,False,6,"[0.0642547, 0.0269804, 0.287194]","[0.3209645, 0.1720269, 0.9623749]"
3946,3946,4,66.15350000000001,13.07359,5.05516,11.120611621918933,6.92255088798446,17.96538,9.9189,False,6,"[0.0663371, 0.0259368, 0.2874544]","[0.3134179, 0.1690252, 0.9665879]"
3947,3947,4,66.17050000000006,12.932,5.009815,11.009620003721643,6.896037388966177,17.75937,10.08253,False,6,"[0.0644088, 0.0241198, 0.286706]","[0.3100013, 0.1721045, 0.9678987]"
3948,3948,4,66.18650000000002,13.02783,5.213954,11.12583512230347,7.084447779038088,17.95915,10.03526,False,6,"[0.0642823, 0.0250619, 0.2875207]","[0.3140775, 0.1714725, 0.968981]"
3949,3949,4,66.20350000000008,13.26757,5.256353,11.305620690118221,7.095552602789894,18.07461,9.850852,False,6,"[0.0635935, 0.0251849, 0.2870443]","[0.3165769, 0.1684389, 0.9700237]"
3950,3950,4,66.22050000000002,13.23037,5.202681,11.266566154222563,7.047546427544887,17.72944,9.895179,False,6,"[0.0651252, 0.024866, 0.2873471]","[0.3111413, 0.1697675, 0.9732075]"
3951,3951,4,66.23750000000007,13.18515,5.00903,11.18866868650344,6.862991278768574,17.44122,9.963433,True,6,"[0.0656328, 0.0246601, 0.2859586]","[0.3067007, 0.1714919, 0.9762217]"
3952,3952,4,66.25350000000003,13.06864,4.941931,11.090280068237899,6.811900432701766,16.97921,9.881835,True,6,"[0.066524, 0.0253406, 0.286468]","[0.2995238, 0.1708864, 0.9809709]"
3953,3953,4,66.27050000000008,13.32975,4.983633,11.285030836100415,6.819595739322968,16.63988,9.946135,True,6,"[0.0655316, 0.0250179, 0.2853932]","[0.2943348, 0.1726962, 0.9848221]"
3954,3954,4,66.28750000000002,13.39664,4.912542,11.315546848247415,6.741199511464417,16.21436,9.734223,True,6,"[0.0661391, 0.0260842, 0.2858462]","[0.2878694, 0.16982, 0.9899271]"
3955,3955,4,66.30450000000008,11.22326,7.182115,10.314475732071596,9.248826118318709,15.56036,9.434314,True,6,"[0.0670799, 0.0261725, 0.284487]","[0.27732, 0.1654843, 0.995908]"
3956,3956,4,66.32050000000004,11.06964,7.278813,10.228620306462073,9.363446309022954,14.96306,9.2758,True,6,"[0.0670288, 0.0259595, 0.2850987]","[0.2678126, 0.1636613, 1.002074]"
3957,3957,4,66.33850000000007,10.84549,4.889243,9.503767473162991,7.043552573030696,14.37741,9.169518,True,6,"[0.0665279, 0.0248896, 0.283974]","[0.2584005, 0.1627187, 1.008053]"
3958,3958,4,66.35350000000005,10.69122,4.8708,9.390171967748135,7.045094977704982,13.9545,9.116184,True,6,"[0.0661415, 0.0246374, 0.2849326]","[0.2518123, 0.1626127, 1.013392]"
3959,3959,4,66.37049999999999,9.837171,4.204676,8.627668265587964,6.499312296616453,13.36015,9.014352,True,6,"[0.067274, 0.024759, 0.2839305]","[0.242036, 0.1616719, 1.019104]"
3960,3960,4,66.38750000000005,9.750299,4.270918,8.58185579166317,6.575490469940223,12.43942,8.773413,True,6,"[0.0676669, 0.0244195, 0.2841098]","[0.2264532, 0.1584382, 1.026599]"
3961,3961,4,66.40449999999998,9.027661,3.439019,7.873117030638892,5.850030144783742,11.93966,8.598205,False,6,"[0.0564403, 0.0358427, 0.2844383]","[0.2183631, 0.1561427, 1.032664]"
3962,3962,4,66.42050000000006,8.887745,3.469874,7.781364376509954,5.898192637724666,11.39005,8.418849,False,6,"[0.0557565, 0.0364013, 0.2849926]","[0.2093241, 0.1537848, 1.039063]"
3963,3963,4,66.4375,8.418973,3.296195,7.408316495926803,5.787265496010946,10.91386,8.260433,False,6,"[0.0542136, 0.0242062, 0.2829768]","[0.2015597, 0.151759, 1.045323]"
3964,3964,4,66.45350000000008,8.304163,3.327004,7.334328434473068,5.8321819647927695,10.53211,8.175805,False,6,"[0.0535085, 0.0241525, 0.283424]","[0.1954744, 0.1510554, 1.051397]"
3965,3965,4,66.47050000000002,7.103528,3.216291,6.458026895529806,5.876444564047787,10.11825,8.03346,True,6,"[0.0489727, 0.0207635, 0.2824289]","[0.1885998, 0.149159, 1.056843]"
3966,3966,4,66.48750000000007,6.903483,3.359001,6.35020317809014,6.042204199017163,9.651267,7.996165,True,6,"[0.0485725, 0.0211095, 0.2826662]","[0.1808455, 0.1493835, 1.063435]"
3967,3967,4,66.50350000000003,6.143959,2.756816,5.669773640653467,5.5472096264194555,9.144053,7.999647,True,6,"[0.0446278, 0.01688, 0.2808909]","[0.1723432, 0.1504707, 1.070702]"
3968,3968,4,66.52050000000008,6.092026,2.727498,5.626057970470286,5.52501691984526,8.739745,8.01514,True,6,"[0.0440054, 0.0170631, 0.2814066]","[0.1657238, 0.1517947, 1.078008]"
3969,3969,4,66.53750000000002,5.041617,3.174616,4.9882836225533,6.09836359839756,8.284697,7.890043,True,6,"[0.0414277, 0.0161206, 0.2799061]","[0.1580065, 0.1503812, 1.085124]"
3970,3970,4,66.55349999999999,4.753149,3.357745,4.82743116203984,6.315120284275636,7.692718,7.627278,True,6,"[0.0409445, 0.0163074, 0.2805217]","[0.1478193, 0.1465468, 1.094342]"
3971,3971,4,66.57050000000004,3.884911,2.536683,4.0181725947736915,5.61887341236117,7.162408,7.522842,True,6,"[0.0347431, 0.0156666, 0.2787944]","[0.1385964, 0.1456498, 1.102922]"
3972,3972,4,66.58749999999998,3.656547,2.585074,3.867951925083318,5.695546715002113,6.817784,7.449934,True,6,"[0.0338798, 0.0164238, 0.2798252]","[0.1329316, 0.1453911, 1.111862]"
3973,3973,4,66.60350000000005,2.70327,2.184776,3.0981740726852642,5.423668794676554,6.340265,7.319595,True,6,"[0.0299251, 0.0133863, 0.2779976]","[0.1244143, 0.1438281, 1.119716]"
3974,3974,4,66.62049999999999,2.548354,2.200595,2.9922387380746405,5.458966276933844,5.69407,7.13869,True,6,"[0.0297394, 0.0132746, 0.2786455]","[0.1127135, 0.1415774, 1.130427]"
3975,3975,4,66.63750000000005,1.876999,1.858198,2.4357848772875617,5.20805068735594,5.273521,7.15301,True,6,"[0.0244297, 0.0153589, 0.276916]","[0.1052468, 0.1430977, 1.140255]"
3976,3976,4,66.65350000000001,1.541992,2.057917,2.2459125813745753,5.447045389279108,4.844903,6.930624,True,6,"[0.0230519, 0.0162657, 0.2772363]","[0.0976252, 0.1400031, 1.151761]"
3977,3977,4,66.67050000000006,0.9569386,1.439892,1.6852584051546486,4.914239639631162,4.449995,6.708281,True,6,"[0.0187167, 0.0122104, 0.2756154]","[0.090462, 0.1367207, 1.162398]"
3978,3978,4,66.6875,0.5371354,1.615389,1.4296100868873007,5.140239783999846,4.191513,6.694901,True,6,"[0.0176403, 0.0124627, 0.2760373]","[0.0860417, 0.1378128, 1.174046]"
3979,3979,4,66.70350000000008,0.5929858,1.659565,1.4796195882985608,5.1765355060901195,4.143594,6.593331,True,6,"[0.0129969, 0.0105013, 0.2752644]","[0.0858038, 0.1368986, 1.184387]"
3980,3980,4,66.72050000000002,0.2359308,1.536704,1.197709409144655,5.101309301561493,3.773588,6.462763,True,6,"[0.0122551, 0.010581, 0.2753561]","[0.0789526, 0.1355965, 1.197032]"
3981,3981,4,66.73750000000007,0.1695586,1.578884,1.1607102480437241,5.151225762884592,3.479004,6.240659,True,6,"[0.008971, 0.008881, 0.2737427]","[0.0736212, 0.1324239, 1.210978]"
3982,3982,4,66.75350000000003,-0.0005861259,1.443477,1.0081633724346857,5.03983976731232,3.362297,6.11397,True,6,"[0.0073635, 0.0098291, 0.2735398]","[0.0719271, 0.1311395, 1.224278]"
3983,3983,4,66.77050000000008,-0.6664382,1.022536,0.4369965838597709,4.711029499952357,3.162049,5.940028,True,6,"[0.0045517, 0.0068497, 0.2725043]","[0.0684056, 0.1288339, 1.238239]"
3984,3984,4,66.78650000000005,-0.9597973,1.511973,0.34525339228143137,5.229449480224272,3.372885,6.0337,True,6,"[0.0025564, 0.0076901, 0.272684]","[0.0737654, 0.1322947, 1.251618]"
3985,3985,4,66.80450000000008,-0.9395183,0.7812583,0.18648615050374007,4.508717147417224,3.059186,5.634302,True,6,"[0.002816, 0.007883, 0.2720796]","[0.0676933, 0.1249596, 1.266628]"
3986,3986,4,66.82050000000004,-1.232311,0.9886425,0.028318407602319406,4.749863225785948,2.989634,5.639709,True,6,"[0.0011206, 0.0073009, 0.2721472]","[0.0668906, 0.1264781, 1.280783]"
3987,3987,4,66.83749999999998,-0.8992038,1.406168,0.3630867306094764,5.117739062399346,3.094278,5.61692,True,6,"[0.0008041, 0.0074892, 0.2717038]","[0.0699981, 0.1273494, 1.294872]"
3988,3988,4,66.85350000000005,-0.6662688,1.636033,0.5824697618208035,5.313953186307429,2.73981,5.45317,True,6,"[-2.8e-06, 0.0068639, 0.2723914]","[0.0626804, 0.1250384, 1.309794]"
3989,3989,4,66.87049999999999,0.04751499,1.947299,1.1615882193594256,5.528863873888874,2.838418,5.807897,False,6,"[-0.0031511, 0.0048352, 0.2709006]","[0.0655653, 0.1345093, 1.322406]"
3990,3990,4,66.88650000000007,-0.009490853,1.805547,1.0876423764573884,5.396817700097175,3.46214,5.911875,False,6,"[-0.0045717, 0.0072029, 0.2728866]","[0.080814, 0.1383194, 1.335782]"
3991,3991,4,66.90449999999998,1.117432,1.290989,1.7636116102903119,4.747436034339686,3.637008,5.748469,False,6,"[-0.0044558, 0.0037051, 0.2717085]","[0.0856978, 0.1357233, 1.34823]"
3992,3992,4,66.92050000000006,1.054059,1.03139,1.6572367183950742,4.500381507860729,3.944701,6.019663,False,6,"[-0.005893, 0.0047275, 0.2739518]","[0.0938369, 0.1434983, 1.360803]"
3993,3993,4,66.9375,1.749598,0.751804,2.0834494864385613,4.136928499497034,4.412454,5.827258,False,6,"[-0.0042842, 0.0067003, 0.2729568]","[0.1059218, 0.1400912, 1.372677]"
3994,3994,4,66.95350000000008,1.646603,0.8235895,2.027535041775069,4.220610382793882,4.544542,5.47978,False,6,"[-0.0032037, 0.0078685, 0.2754879]","[0.1101189, 0.1329076, 1.385422]"
3995,3995,4,66.97050000000002,1.513341,1.089322,1.9961420660905562,4.4987623160114865,4.73719,5.188337,False,6,"[0.0002281, 0.0093502, 0.2750058]","[0.1157166, 0.1267947, 1.396388]"
3996,3996,4,66.98649999999998,2.362849,1.058448,2.5902938828582345,4.360113813391184,4.934345,5.083637,False,6,"[-4.57e-05, 0.0087018, 0.2760459]","[0.1215159, 0.1252115, 1.407507]"
3997,3997,4,67.00450000000001,2.2545,0.8777074,2.4707587748269946,4.196295460245739,5.078802,4.938915,True,6,"[0.0053753, 0.0062105, 0.275582]","[0.1260614, 0.1225718, 1.418417]"
3998,3998,4,67.02050000000008,2.287935,1.008418,2.525400052700486,4.320495233362828,5.174282,4.927042,True,6,"[0.0050899, 0.0049804, 0.2766408]","[0.1293789, 0.1231655, 1.428739]"
3999,3999,4,67.03750000000002,2.662208,0.8666023,2.756792152931604,4.133401832734874,5.303619,5.020544,True,6,"[0.0084397, 0.0036256, 0.2762969]","[0.1334556, 0.1262949, 1.43762]"
4000,4000,4,67.05349999999999,2.669852,0.8958953,2.769144506024821,4.161216464551764,5.259288,4.893646,True,6,"[0.0079719, 0.0039865, 0.2773178]","[0.1332542, 0.123943, 1.447619]"
4001,4001,4,67.07749999999999,3.149885,0.7877913,3.083403723472435,3.9937713875486325,5.578136,4.914855,True,6,"[0.0072272, 0.0052017, 0.2735626]","[0.1420288, 0.1250518, 1.454235]"
4002,4002,4,67.08850000000007,3.129919,0.8272022,3.0786049001903875,4.0350499540205,5.749583,4.650336,True,6,"[0.0115136, 0.0051552, 0.2790303]","[0.1472746, 0.1189789, 1.462692]"
4003,4003,4,67.10450000000003,3.543191,0.901019,3.3886978737838627,4.05490826386713,6.020412,4.585865,True,6,"[0.0109422, 0.0042581, 0.2779404]","[0.1549558, 0.1178499, 1.46927]"
4004,4004,4,67.12049999999999,3.572174,0.838215,3.3943384643921317,3.9894893464603864,6.37989,4.646106,True,6,"[0.0111766, 0.004924, 0.2797413]","[0.1650457, 0.1199592, 1.476092]"
4005,4005,4,67.13750000000005,4.139003,0.7974849,3.7860133943786334,3.8771935861159212,6.509965,4.609013,True,6,"[0.0129821, 0.0042232, 0.2791981]","[0.1690318, 0.1194157, 1.481282]"
4006,4006,4,67.15350000000001,4.195695,0.9251251,3.8563935820295314,3.9954106854192175,6.680937,4.64671,True,6,"[0.0130858, 0.0043883, 0.2806218]","[0.174254, 0.1209122, 1.487625]"
4007,4007,4,67.17050000000006,4.621005,0.7357874,4.112661593628436,3.7551058181432833,7.018175,4.658024,True,6,"[0.0154114, 0.0038508, 0.2800471]","[0.1836454, 0.1215447, 1.491759]"
4008,4008,4,67.18650000000002,4.493084,0.9001039,4.0610220778970465,3.93290510014114,7.248946,4.538468,True,6,"[0.0153859, 0.0040625, 0.2813707]","[0.1904344, 0.1188403, 1.497157]"
4009,4009,4,67.20350000000008,5.492928,0.8369962,4.75397744322627,3.74341065012174,7.622705,4.546081,True,6,"[0.0174204, 0.0044246, 0.2813397]","[0.2007015, 0.119239, 1.499654]"
4010,4010,4,67.22050000000002,5.630979,0.9721614,4.8837441056186295,3.858650699287899,7.881021,4.539048,True,6,"[0.017644, 0.0041351, 0.2826336]","[0.2081446, 0.1193731, 1.503676]"
4011,4011,4,67.23750000000007,6.181774,0.7561373,5.222535017260721,3.576120079813005,8.204856,4.565167,True,6,"[0.0204139, 0.0039267, 0.2820958]","[0.2171104, 0.1202275, 1.505738]"
4012,4012,4,67.25350000000003,6.054889,0.8624435,5.157884873708907,3.696774716370577,8.425736,4.574337,True,6,"[0.0208004, 0.0045786, 0.2835396]","[0.223535, 0.1207378, 1.509085]"
4013,4013,4,67.27050000000008,4.745519,0.03694329,4.035245535766194,3.0524067901282543,8.735943,4.594405,True,6,"[0.0228917, 0.0036373, 0.2832182]","[0.2319892, 0.1213209, 1.509721]"
4014,4014,4,67.28750000000002,4.604487,0.1547688,3.9633082876575987,3.186186242649474,9.164248,4.578902,True,6,"[0.0223871, 0.004476, 0.2848941]","[0.2437994, 0.1210312, 1.511238]"
4015,4015,4,67.30450000000008,5.553087,0.3135033,4.672542126919875,3.22125166541484,9.373919,4.586917,True,6,"[0.0273138, 0.0041495, 0.2840318]","[0.249609, 0.1213081, 1.512037]"
4016,4016,4,67.32050000000004,5.422855,0.2600057,4.567660612345891,3.185277730709605,9.377815,4.518301,True,6,"[0.0280994, 0.0048361, 0.2849928]","[0.2501124, 0.1196762, 1.514445]"
4017,4017,4,67.33850000000007,5.624831,0.3999725,4.743824926072551,3.297086866645069,9.370078,4.613101,True,6,"[0.0307917, 0.0037519, 0.2842848]","[0.2500992, 0.1222942, 1.515639]"
4018,4018,4,67.35450000000003,5.602262,0.3880001,4.725009105698396,3.2881977515003933,9.429847,4.672519,True,6,"[0.0303037, 0.0043006, 0.2856873]","[0.2519597, 0.1239925, 1.51706]"
4019,4019,4,67.37150000000008,5.525972,0.3450696,4.660823097642572,3.2557319941265375,9.491247,4.610877,True,6,"[0.023643, 0.0001836, 0.2848048]","[0.2537308, 0.122398, 1.51766]"
4020,4020,4,67.38750000000005,5.608438,0.3484658,4.720015128872445,3.2485560227468886,9.620677,4.580696,True,6,"[0.0230133, 0.0007719, 0.2857486]","[0.2573558, 0.1216404, 1.518247]"
4021,4021,4,67.40550000000007,5.756844,0.2880128,4.810766324407403,3.1702221870914373,9.615052,4.61227,True,6,"[0.0277324, 0.0015608, 0.2852411]","[0.2572145, 0.1224882, 1.518317]"
4022,4022,4,67.42050000000006,5.795133,0.1189216,4.797813552236397,2.999157693710051,9.61847,4.599121,True,6,"[0.0271564, 0.0012982, 0.2860668]","[0.2574501, 0.1222051, 1.519158]"
4023,4023,4,67.4375,5.990896,0.4814582,5.022311470121779,3.330500693863506,9.642826,4.726544,True,6,"[0.0281413, 0.0019947, 0.2857319]","[0.2580358, 0.1255679, 1.518695]"
4024,4024,4,67.45450000000005,5.941668,0.3020616,4.944953502117968,3.160465767565963,9.708731,4.741143,True,6,"[0.0281076, 0.0019405, 0.2865472]","[0.2598356, 0.1259585, 1.518708]"
4025,4025,4,67.47149999999999,5.932631,0.6853762,5.029372247481771,3.5383397719299774,9.700988,4.86201,True,6,"[0.0276824, 0.0017233, 0.2861332]","[0.2594246, 0.1290854, 1.517539]"
4026,4026,4,67.48750000000007,5.875348,0.7158576,4.996036700820873,3.5756000402254635,9.708637,4.995845,True,6,"[0.0281807, 0.0017454, 0.2869735]","[0.2595791, 0.1326289, 1.517223]"
4027,4027,4,67.50450000000001,5.571287,1.244696,4.906051581528479,4.134108151291888,9.73493,5.146873,True,6,"[0.0288816, 0.0014401, 0.2864797]","[0.2600426, 0.1365268, 1.515747]"
4028,4028,4,67.52050000000008,5.61006,1.402053,4.970785476078961,4.283815472542532,9.695546,5.462573,True,6,"[0.0291344, 0.0005958, 0.2870656]","[0.2588333, 0.144874, 1.514946]"
4029,4029,4,67.53750000000002,4.39678,-2.206983,3.2566882366996817,0.8915359014761242,9.553329,5.533328,True,6,"[0.0300901, 0.0024094, 0.2867264]","[0.2547107, 0.1466159, 1.513436]"
4030,4030,4,67.55450000000008,4.331169,-2.140854,3.225902153538979,0.9648924099135332,9.474519,5.600832,True,6,"[0.0299365, 0.0015165, 0.2876431]","[0.2525004, 0.1483747, 1.513016]"
4031,4031,4,67.57150000000001,6.132888,8.712587,7.0730107165629805,11.40195702258962,9.545714,5.770664,True,6,"[0.0298126, 0.003432, 0.2868927]","[0.2541812, 0.1527525, 1.511518]"
4032,4032,4,67.58749999999998,6.123952,9.072727,7.15201031211365,11.75704213706177,9.538631,5.709509,True,6,"[0.0296254, 0.0035971, 0.2878908]","[0.2538344, 0.1510308, 1.510597]"
4033,4033,4,67.60450000000003,2.373247,-7.118706,0.6602774671725864,-3.677724556906524,9.688098,5.903925,True,6,"[0.0280365, 0.0062449, 0.2874218]","[0.257488, 0.1559672, 1.508253]"
4034,4034,4,67.62150000000008,2.159565,-6.866952,0.5686338449667951,-3.4030577929270436,9.769031,5.829545,True,6,"[0.0283397, 0.0070613, 0.2885086]","[0.2592954, 0.1537599, 1.506013]"
4035,4035,4,67.63850000000002,2.152041,-6.815697,0.5754503496869385,-3.3517250926829805,9.846322,6.036973,False,6,"[0.0220213, -0.0110374, 0.2864029]","[0.2609698, 0.1590163, 1.503605]"
4036,4036,4,67.65449999999998,2.299327,-6.852573,0.6709945639677557,-3.4067446450475902,9.92707,6.191556,False,6,"[0.0217605, -0.0107405, 0.287315]","[0.2626241, 0.1627916, 1.500582]"
4037,4037,4,67.67150000000004,2.65318,-6.913025,0.9072060997056568,-3.511270356439259,9.851048,6.177095,False,6,"[0.0313515, 0.044714, 0.2917782]","[0.2602389, 0.1622005, 1.498661]"
4038,4038,4,67.6875,2.765352,-6.938787,0.980522174868377,-3.5508903060485126,9.742035,6.113127,False,6,"[0.0313902, 0.0467189, 0.2925674]","[0.2568711, 0.1602388, 1.496148]"
4039,4039,4,67.70450000000005,2.673878,-6.657844,0.9823196001662917,-3.263117120373841,9.448554,6.13929,False,6,"[0.0117689, -0.035464, 0.2839663]","[0.2487833, 0.1607972, 1.494915]"
4040,4040,4,67.72149999999999,2.619279,-6.551802,0.9687866250782444,-3.1519380298565505,9.59207,6.437823,False,6,"[0.0107143, -0.0342171, 0.2841288]","[0.2520624, 0.1682999, 1.491538]"
4041,4041,4,67.73750000000007,2.288728,-6.482907,0.7510736808971439,-3.0420853517952358,9.68009,6.393336,False,6,"[0.0106701, -0.0339375, 0.2839468]","[0.2539502, 0.1668186, 1.488785]"
4042,4042,4,67.75450000000001,2.386609,-6.551495,0.8041248933710747,-3.1219727355137277,9.590113,6.520986,False,6,"[0.011387, -0.0340806, 0.283595]","[0.2511854, 0.1699349, 1.486658]"
4043,4043,4,67.77150000000006,2.45772,-6.533097,0.8588316969101337,-3.1129572551006603,9.481186,6.511859,False,6,"[0.0131278, -0.0343477, 0.2832941]","[0.2480156, 0.1695147, 1.485078]"
4044,4044,4,67.78750000000002,2.56606,-6.701828,0.8955616101840413,-3.2925986890381678,9.338732,6.357564,False,6,"[0.0136811, -0.0344705, 0.2832409]","[0.244102, 0.1653834, 1.484349]"
4045,4045,4,67.80550000000005,2.383285,-8.061826,0.44393513056625467,-4.605903322037769,9.206577,6.076601,False,6,"[0.0132418, -0.0330966, 0.2835383]","[0.2404831, 0.1579498, 1.483709]"
4046,4046,4,67.82150000000001,2.362251,-8.305035,0.37142021130938896,-4.842247630747059,9.224442,5.539713,False,6,"[0.012983, -0.0325949, 0.2838004]","[0.2408646, 0.1438471, 1.483134]"
4047,4047,4,67.83850000000007,5.291715,-5.59556,3.0874768539585613,-2.5528570546089746,9.166512,4.911665,False,6,"[0.0113528, -0.032278, 0.284054]","[0.2392792, 0.1274288, 1.482845]"
4048,4048,4,67.85450000000003,5.172129,-5.693103,2.979697405706566,-2.633476119772725,8.993966,4.389002,False,6,"[0.0118442, -0.032637, 0.2841803]","[0.2346659, 0.1137961, 1.482633]"
4049,4049,4,67.87150000000008,5.056695,-0.890326,4.0358696613433676,2.101413413957733,8.733354,3.794858,False,6,"[0.0121929, -0.0325322, 0.2840728]","[0.2277305, 0.0983308, 1.482453]"
4050,4050,4,67.88750000000005,4.86442,-0.9291231,3.890543534424779,2.0877971300608005,8.528114,3.199,False,6,"[0.0127341, -0.0333881, 0.2841409]","[0.2222573, 0.0828409, 1.482183]"
4051,4051,4,67.90449999999998,4.605441,-1.203632,3.642143601689547,1.851027352669588,8.353944,2.830526,False,6,"[0.0117936, -0.0401358, 0.2833619]","[0.21752, 0.0732378, 1.481281]"
4052,4052,4,67.92150000000004,4.541636,-1.039236,3.6359181815580963,2.020730487251409,8.167257,2.583299,False,6,"[0.011689, -0.0413621, 0.2833526]","[0.212486, 0.0667986, 1.480543]"
4053,4053,4,67.93849999999998,4.137713,-0.600529,3.4538745531755315,2.503389005721029,7.993121,2.761377,False,6,"[0.0262827, -0.0278012, 0.2837654]","[0.2077001, 0.0713431, 1.479152]"
4054,4054,4,67.95450000000005,4.292479,-0.4806946,3.591843469319069,2.601430904292058,7.868606,2.934036,False,6,"[0.0257, -0.028305, 0.2839257]","[0.2042642, 0.0757526, 1.478001]"
4055,4055,4,67.97050000000002,4.163198,-0.6672968,3.456099371717999,2.4345204300634045,7.765673,2.952974,False,6,"[0.0253098, -0.0044451, 0.2860326]","[0.2013029, 0.0761456, 1.476124]"
4056,4056,4,67.98750000000007,4.244658,-0.7008467,3.5058256545583317,2.391162062592416,7.806079,3.120043,False,6,"[0.0243688, -0.0046437, 0.2863384]","[0.2021165, 0.0803637, 1.474323]"
4057,4057,4,68.00549999999998,4.466567,-0.4975315,3.7111117516958823,2.5626887516770935,8.004846,3.232893,False,6,"[0.0230181, -0.0060037, 0.285749]","[0.2069772, 0.0831349, 1.471816]"
4058,4058,4,68.02050000000008,4.332156,-0.6681315,3.5755268568347827,2.412159285074177,8.111719,3.154451,False,6,"[0.0227328, -0.0051915, 0.2861885]","[0.2095489, 0.0810252, 1.470211]"
4059,4059,4,68.0385,4.196417,-1.078123,3.3822837027056467,2.0265249931754767,8.13345,3.037216,False,6,"[0.0206871, -0.0029973, 0.2859603]","[0.2099021, 0.077928, 1.468702]"
4060,4060,4,68.05450000000008,4.202528,-0.9350557,3.4205067266331213,2.1663525324382986,8.147665,2.805255,False,6,"[0.0215047, -0.0024038, 0.2865058]","[0.2101335, 0.0719185, 1.467721]"
4061,4061,4,68.07150000000001,3.897977,-1.247453,3.130864275532956,1.898156076409614,8.059269,2.616799,False,6,"[0.0208067, -0.0033293, 0.2858474]","[0.2077431, 0.0670542, 1.467156]"
4062,4062,4,68.08749999999998,3.894416,-1.223127,3.1341064805719663,1.9225176855139723,7.978688,2.411695,False,6,"[0.0212283, -0.0034988, 0.2860217]","[0.2055594, 0.0617682, 1.466589]"
4063,4063,4,68.1055,3.636353,-1.576338,2.8677085375652287,1.608282646120864,7.917816,2.285276,False,6,"[0.0223265, -0.002482, 0.2858172]","[0.2038345, 0.0584877, 1.465609]"
4064,4064,4,68.12150000000008,3.65753,-1.409678,2.92218827374544,1.7693763123762316,7.835323,2.24362,False,6,"[0.021665, -0.0033351, 0.2859885]","[0.2016183, 0.0574018, 1.465131]"
4065,4065,4,68.13850000000002,3.380509,-1.782056,2.6378265760834716,1.43872092611242,7.813094,2.176614,False,6,"[0.0209612, -0.0053763, 0.2856817]","[0.2009221, 0.0556534, 1.464279]"
4066,4066,4,68.15449999999998,3.343953,-1.775274,2.6135511131364537,1.4500468797494785,7.648283,2.03169,False,6,"[0.0210201, -0.004669, 0.2860671]","[0.196612, 0.0519392, 1.464126]"
4067,4067,4,68.17150000000004,3.349945,-1.862619,2.5970992748786097,1.36344021991339,7.650784,1.938179,False,6,"[0.0194645, -0.0062205, 0.2856635]","[0.1965542, 0.0495158, 1.463211]"
4068,4068,4,68.1875,3.320565,-1.791931,2.5930455239116488,1.4366581524131208,7.679142,1.878715,False,6,"[0.0194589, -0.006103, 0.2858433]","[0.1971735, 0.0479668, 1.462336]"
4069,4069,4,68.20550000000003,3.461758,-1.978121,2.6488994544705093,1.235669504771109,7.627314,1.859675,False,6,"[0.0181428, -0.0078562, 0.2854806]","[0.1957639, 0.0474651, 1.461866]"
4070,4070,4,68.22149999999999,3.265493,-2.099804,2.4811105326895704,1.1411015932683974,7.634598,1.832851,False,6,"[0.018266, -0.0070319, 0.2857508]","[0.195873, 0.0467609, 1.461269]"
4071,4071,4,68.23850000000004,3.428591,-1.98368,2.6240995626185706,1.2344346443734122,7.635542,1.829383,False,6,"[0.016848, -0.0088741, 0.2852227]","[0.1958365, 0.0466578, 1.460814]"
4072,4072,4,68.25450000000001,3.212117,-2.152384,2.430861826122139,1.0962309477410481,7.624201,1.878663,False,6,"[0.0166688, -0.0088421, 0.2852815]","[0.1955061, 0.0479067, 1.460544]"
4073,4073,4,68.27150000000006,3.098578,-1.760775,2.443256467427286,1.4955798681380768,7.603312,1.942731,False,6,"[0.0166699, -0.0092614, 0.2847891]","[0.1949754, 0.0495446, 1.460629]"
4074,4074,4,68.28750000000002,3.214408,-1.091956,2.6837265988433954,2.138128248413378,7.483571,1.909536,False,6,"[0.0165258, -0.008911, 0.2848309]","[0.1919187, 0.0487099, 1.461004]"
4075,4075,4,68.30450000000008,3.1326,-0.2841707,2.8171902323686084,2.9424500793058286,7.321224,2.075997,False,6,"[0.0171965, -0.0098184, 0.2842732]","[0.1877823, 0.0529804, 1.461574]"
4076,4076,4,68.32150000000001,2.64516,-1.207475,2.2533195381995204,2.097170686538157,7.209601,2.301953,False,6,"[0.0162079, -0.0104155, 0.2840728]","[0.1850037, 0.0587894, 1.462484]"
4077,4077,4,68.33850000000007,2.141091,-0.5362631,2.0554571726042368,2.8211030029313253,7.122371,2.479105,False,6,"[0.0169935, -0.0098241, 0.2836429]","[0.1828838, 0.0633682, 1.463619]"
4078,4078,4,68.35450000000003,2.267501,-0.2377089,2.2156928636135502,3.0984060112415994,7.05351,2.821865,False,6,"[0.015904, -0.0106508, 0.2833886]","[0.1812481, 0.0722028, 1.464836]"
4079,4079,4,68.37150000000008,1.874369,-0.2752304,1.9284586569494677,3.111651057964855,7.056104,3.011616,False,6,"[0.0153204, -0.0087001, 0.283013]","[0.1814714, 0.0771329, 1.466096]"
4080,4080,4,68.38750000000005,1.855201,-0.08492294,1.959976113125765,3.3011291311840156,6.665551,2.901669,False,6,"[0.0158876, -0.0053921, 0.2828939]","[0.1716406, 0.0744454, 1.468728]"
4081,4081,4,68.40550000000007,1.234807,-0.7919772,1.3532068435270117,2.6853310075594092,6.122353,2.705427,False,6,"[0.0154617, -0.0014012, 0.2825159]","[0.1579083, 0.0695645, 1.472149]"
4082,4082,4,68.42150000000004,1.218351,-0.8492378,1.3279891941142739,2.631153258689376,5.529452,2.895051,False,6,"[0.013025, -0.0059424, 0.2819295]","[0.1429279, 0.0746637, 1.476408]"
4083,4083,4,68.43849999999998,2.136493,-2.190143,1.6603549638282824,1.1962548812950864,5.968034,2.880493,False,6,"[0.010538, -0.0026382, 0.2818674]","[0.1546044, 0.074413, 1.478899]"
4084,4084,4,68.45450000000005,3.153752,-2.140461,2.392363241430745,1.115389953845869,5.871559,2.537001,False,6,"[0.0111679, -0.0011702, 0.2820448]","[0.1523205, 0.0656275, 1.481165]"
4085,4085,4,68.47149999999999,4.510151,-3.218038,3.097411937343131,-0.1165835651529945,5.721972,2.535171,False,6,"[0.0092373, -0.0013559, 0.2822661]","[0.1486869, 0.0657008, 1.483893]"
4086,4086,4,68.48750000000007,4.72566,-3.277677,3.235866099181992,-0.20267249985115,5.658329,2.321881,False,6,"[0.0091593, -0.0004191, 0.2827768]","[0.1472337, 0.0602534, 1.486026]"
4087,4087,4,68.50450000000001,4.99779,-3.311923,3.420425184385746,-0.27102390345369987,5.553703,2.293803,False,6,"[0.0060916, -0.0039066, 0.2826082]","[0.144714, 0.0596147, 1.488289]"
4088,4088,4,68.52150000000006,5.092595,-3.354802,3.477389658780461,-0.3252522983368804,5.769257,2.254898,False,6,"[0.0060201, -0.0041959, 0.2830683]","[0.1505135, 0.0586591, 1.489728]"
4089,4089,4,68.54650000000004,4.816242,-3.250768,3.3063751895908116,-0.18777480028931048,5.965798,2.268474,False,6,"[0.0105332, -0.010798, 0.2823462]","[0.155805, 0.0590609, 1.490946]"
4090,4090,4,68.55450000000008,4.952898,-3.176036,3.420835985830919,-0.13175069122343386,6.027615,2.321847,False,6,"[0.0155942, -0.010578, 0.2830206]","[0.1575392, 0.0604934, 1.491968]"
4091,4091,4,68.57150000000001,9.085029,-1.974193,6.631205248706559,0.5226076164900872,6.098526,2.423597,False,6,"[0.0222701, -0.0158738, 0.2823282]","[0.159564, 0.0632099, 1.493441]"
4092,4092,4,68.58850000000007,9.136292,-1.864529,6.693482583752763,0.6238498480999901,6.043723,2.576653,False,6,"[0.0233627, -0.016185, 0.2826155]","[0.1581986, 0.0672407, 1.49419]"
4093,4093,4,68.6055,4.925236,-2.686042,3.517342999723063,0.3533424419353741,5.85276,2.556722,False,6,"[0.0246941, -0.0163409, 0.2823804]","[0.1533162, 0.0667859, 1.49567]"
4094,4094,4,68.62150000000008,4.96004,-2.774758,3.520965740946782,0.2617150614819672,5.670805,2.636347,False,6,"[0.0251881, -0.0165681, 0.2826391]","[0.1486304, 0.0689209, 1.496802]"
4095,4095,4,68.6395,8.181598,-1.921579,6.004025761807898,0.6894969600546315,5.447288,2.600979,False,6,"[0.0238229, -0.0160589, 0.2827384]","[0.1428235, 0.0680367, 1.49772]"
4096,4096,4,68.65550000000007,8.0943,-1.922145,5.9420831365376,0.7000704955568584,5.153557,2.395981,False,6,"[0.0245286, -0.0157058, 0.2830434]","[0.135173, 0.0627113, 1.49876]"
4097,4097,4,68.67250000000001,7.500004,-1.905483,5.525258732848227,0.7922139343263375,5.089751,2.361511,False,6,"[0.0453213, -0.0097696, 0.2834245]","[0.1335247, 0.0618239, 1.499144]"
4098,4098,4,68.68849999999998,7.332577,-1.838601,5.422563529164667,0.8792912219298645,4.901163,2.221976,False,6,"[0.0456355, -0.0092375, 0.2837609]","[0.1285679, 0.0581741, 1.499322]"
4099,4099,4,68.70550000000003,7.344784,-1.816265,5.436498274344211,0.8996867630394547,4.616585,2.089683,False,6,"[0.0244343, -0.0133025, 0.2835459]","[0.1210952, 0.0547189, 1.499641]"
4100,4100,4,68.72149999999999,7.142368,-1.980163,5.254352515226718,0.7644141233967838,4.433657,2.241395,False,6,"[0.024601, -0.0137387, 0.2834669]","[0.116266, 0.0586898, 1.499495]"
4101,4101,4,68.73950000000002,7.389189,-1.901764,5.447680883231818,0.8099970013096134,4.46612,2.315702,False,6,"[0.0408191, -0.0095253, 0.2839108]","[0.1170506, 0.0606013, 1.498598]"
4102,4102,4,68.75549999999998,7.17258,-2.243878,5.2132622692183395,0.5013830460212558,4.384297,2.345801,False,6,"[0.0404256, -0.0095395, 0.2842479]","[0.1148492, 0.0613639, 1.497966]"
4103,4103,4,68.77150000000006,7.313574,-1.987218,5.373897874760793,0.7356530610672207,4.368863,2.331063,False,6,"[0.0374504, -0.0094639, 0.2844636]","[0.114363, 0.0609352, 1.496914]"
4104,4104,4,68.7885,7.081234,-2.048231,5.19494150159785,0.7053109438647325,4.299946,2.281012,False,6,"[0.0366542, -0.0091437, 0.2848454]","[0.1124745, 0.0595843, 1.495882]"
4105,4105,4,68.80550000000005,3.327649,-3.02902,2.3049628759487684,0.21994305863108643,4.330746,2.193393,False,6,"[0.036735, -0.0090373, 0.2849937]","[0.1131936, 0.0572479, 1.494698]"
4106,4106,4,68.82249999999999,3.289119,-3.197383,2.2377934248316547,0.059388052264742086,4.180158,2.115775,False,6,"[0.0357449, -0.0098625, 0.2852571]","[0.1091326, 0.0551642, 1.493183]"
4107,4107,4,68.83850000000007,3.536601,-3.345565,2.377906918066982,-0.11779730838056324,4.160753,2.054346,False,6,"[0.0370427, -0.0094843, 0.285635]","[0.1085075, 0.0535037, 1.491579]"
4108,4108,4,68.8555,3.434841,-3.365585,2.301115787829131,-0.12449938779345793,4.076992,1.870008,False,6,"[0.0359689, -0.0111994, 0.2858229]","[0.1061722, 0.0486334, 1.489566]"
4109,4109,4,68.87250000000006,3.399326,-3.218501,2.3108185285063656,0.024582750996851033,4.03483,1.772494,False,6,"[0.0367194, -0.009927, 0.2861018]","[0.1049243, 0.0460315, 1.487493]"
4110,4110,4,68.88850000000002,3.250174,-3.374548,2.168244725894064,-0.10976465669887725,3.995596,1.798806,False,6,"[0.0355577, -0.0102369, 0.2862382]","[0.1037217, 0.0466349, 1.48493]"
4111,4111,4,68.90550000000007,4.08902,-2.121099,3.0591368545536115,1.0151797094594612,4.03624,1.914726,False,6,"[0.016639, -0.0151428, 0.2861688]","[0.1045883, 0.0495513, 1.48221]"
4112,4112,4,68.92150000000004,3.984673,-2.358215,2.929078448984735,0.7954453503339374,4.045475,1.837398,False,6,"[0.0164493, -0.0159896, 0.2862291]","[0.1046011, 0.0474456, 1.478995]"
4113,4113,4,68.93849999999998,0.8388485,-2.292559,0.7173347591174413,1.2610397177043735,4.150639,1.950505,False,6,"[0.0177225, -0.0167629, 0.2867536]","[0.1070526, 0.0502385, 1.475178]"
4114,4114,4,68.95450000000005,0.5969131,-2.254536,0.5550488523913181,1.329253588209954,4.124769,1.945736,False,6,"[0.0172139, -0.016866, 0.2867967]","[0.1061109, 0.0499873, 1.471403]"
4115,4115,4,68.97250000000008,-3.377797,-6.717611,-3.316533486992836,-2.550315737790875,4.203267,1.971053,False,6,"[0.0170627, -0.0161531, 0.2872551]","[0.1078697, 0.0505129, 1.467761]"
4116,4116,4,68.98850000000004,-3.456904,-6.811508,-3.394789257264467,-2.632512262149829,4.258519,1.776826,False,6,"[0.0163003, -0.0169255, 0.2870419]","[0.1089668, 0.0453962, 1.463382]"
4117,4117,4,69.00549999999998,1.187948,-2.911282,0.817911954892134,0.6084509079289617,4.330898,1.791913,False,6,"[0.0206006, -0.0106729, 0.2881676]","[0.1104889, 0.0456427, 1.458932]"
4118,4118,4,69.02250000000004,1.244295,-2.777868,0.8894158383747254,0.7323864866932115,4.431099,1.729708,False,6,"[0.0200643, -0.011862, 0.2880399]","[0.1126557, 0.0439015, 1.453775]"
4119,4119,4,69.03949999999998,2.120102,-1.129765,1.8999807044210515,2.2404848483503517,4.612975,1.819446,False,6,"[0.0042298, -0.0115652, 0.2888838]","[0.1168898, 0.0460194, 1.4487]"
4120,4120,4,69.05550000000005,1.993381,-1.743037,1.6649600676183367,1.6539166146622664,4.904747,1.927724,False,6,"[0.0030016, -0.0113426, 0.2881072]","[0.1238487, 0.0485759, 1.443227]"
4121,4121,4,69.07150000000001,2.022499,-2.965528,1.3959365228456053,0.44873928579838784,5.186792,2.163193,True,6,"[-0.0169028, -0.0337313, 0.2863809]","[0.1305282, 0.0543148, 1.437936]"
4122,4122,4,69.08850000000007,2.062222,-3.208818,1.3664194413000885,0.20456933594523452,5.378627,2.250314,True,6,"[-0.017214, -0.0340379, 0.2849632]","[0.1349173, 0.0563098, 1.432981]"
4123,4123,4,69.1055,2.451938,-3.72916,1.5190628288603096,-0.35650883848746284,5.450522,1.587664,True,6,"[0.0059723, -0.0146468, 0.2880087]","[0.1363361, 0.0396031, 1.428836]"
4124,4124,4,69.12150000000008,2.216352,-3.834036,1.3274159560062966,-0.4295457037860446,5.402163,0.8689894,True,6,"[0.0062319, -0.0139214, 0.286916]","[0.1346691, 0.0216002, 1.424077]"
4125,4125,4,69.1395,2.528388,-3.135366,1.7138758702502201,0.21732555577211699,5.09948,0.4310248,False,6,"[0.0106654, -0.0056816, 0.2881015]","[0.1267639, 0.0106864, 1.420507]"
4126,4126,4,69.15550000000007,2.229564,-3.054776,1.5213970489283142,0.33462714789830894,5.396277,0.4031824,False,6,"[0.0099727, -0.0087195, 0.2865308]","[0.1337068, 0.0099605, 1.415452]"
4127,4127,4,69.17250000000001,2.157896,-2.369404,1.6330371179850771,1.017348332016164,5.652406,0.8058676,False,6,"[0.0101211, -0.0148473, 0.2866034]","[0.1397449, 0.0198602, 1.41193]"
4128,4128,4,69.18849999999998,1.848248,-3.082978,1.2447368084535804,0.3555249597577079,5.714443,1.133641,False,6,"[0.010248, -0.0159556, 0.2846011]","[0.1409108, 0.027865, 1.408152]"
4129,4129,4,69.20550000000003,2.410061,-3.257663,1.6011229560931284,0.1122177294944029,5.693675,1.566368,False,6,"[0.0122308, -0.0186168, 0.285629]","[0.1400626, 0.0384148, 1.404816]"
4130,4130,4,69.22149999999999,2.077804,-3.599893,1.2847960328645098,-0.18176603044841855,5.759917,1.749339,False,6,"[0.011008, -0.0190616, 0.2844312]","[0.141335, 0.0427933, 1.401166]"
4131,4131,4,69.23950000000002,2.634637,-3.798187,1.6320626724352687,-0.4476412921396715,5.947401,1.346518,False,6,"[0.012639, -0.0156787, 0.2862267]","[0.1455742, 0.0328462, 1.397385]"
4132,4132,4,69.25450000000001,2.282338,-4.072683,1.3175935884275252,-0.6725008335953335,6.217592,0.6514216,False,6,"[0.0111284, -0.015254, 0.2858346]","[0.1517226, 0.0158343, 1.392648]"
4133,4133,4,69.27250000000004,4.426776,-4.355705,2.768838352668099,-1.224053844280383,6.298581,0.1173978,False,6,"[0.0108294, -0.0118921, 0.2874038]","[0.1532534, 0.0028449, 1.388468]"
4134,4134,4,69.2885,4.220835,-4.302217,2.6357011734398688,-1.1452299606162795,6.466567,-0.1550233,False,6,"[0.0092175, -0.0153849, 0.2856453]","[0.1568621, -0.0037445, 1.38394]"
4135,4135,4,69.30550000000005,3.575715,-2.815733,2.5311311671435615,0.39793523030811384,6.617993,-0.03886583,False,6,"[0.0120712, -0.0163246, 0.2868069]","[0.16007, -0.0009359, 1.37965]"
4136,4136,4,69.32150000000001,3.357813,-2.820946,2.375617610007073,0.42059266221780467,6.74304,-0.1965182,False,6,"[0.0103616, -0.0179678, 0.2855987]","[0.1626598, -0.0047186, 1.375737]"
4137,4137,4,69.33850000000007,3.667763,-2.644565,2.636856883891836,0.5544238732890836,6.829825,0.08774753,False,6,"[0.0131763, -0.0190099, 0.2863442]","[0.1642358, 0.0021001, 1.371252]"
4138,4138,4,69.3555,3.366069,-2.714945,2.406577370701882,0.5237179453052296,6.889037,0.1965788,False,6,"[0.0113589, -0.0202927, 0.2850028]","[0.1652763, 0.0046934, 1.367965]"
4139,4139,4,69.37150000000008,3.670049,-2.529813,2.6656631164630236,0.6669107728566344,6.711847,0.2158933,False,6,"[0.0220935, -0.0217374, 0.2853864]","[0.1606129, 0.0051426, 1.364797]"
4140,4140,4,69.38850000000002,3.338284,-2.867866,2.3506741767985764,0.3769694453674406,6.62997,0.3223357,False,6,"[0.0209957, -0.021402, 0.2844899]","[0.1582879, 0.0076613, 1.361804]"
4141,4141,4,69.40550000000007,5.432884,-1.019915,4.271515143528262,1.9260921479358437,6.461333,0.09764086,False,6,"[0.0178779, -0.0140712, 0.2860967]","[0.153892, 0.0023157, 1.358846]"
4142,4142,4,69.42250000000001,5.203409,-1.603227,3.9708411561611756,1.3820689411157745,6.269885,-0.1963682,True,6,"[0.0167305, -0.0140508, 0.2851522]","[0.149005, -0.0046481, 1.356206]"
4143,4143,4,69.43950000000007,3.622296,-2.948788,2.532587181256081,0.2612299756045746,5.972014,-0.6404617,True,6,"[0.0183407, -0.0132155, 0.286117]","[0.1415763, -0.0151288, 1.353367]"
4144,4144,4,69.45450000000005,3.42457,-3.370421,2.2926979655390705,-0.1279427411854659,5.639679,-0.8572372,True,6,"[0.0167763, -0.0135257, 0.2852302]","[0.1333737, -0.0202089, 1.350619]"
4145,4145,4,69.47250000000008,2.900061,-3.347893,1.926673796454128,-0.038931480955618714,5.347565,-1.203555,True,6,"[0.0183728, -0.0126555, 0.2864385]","[0.1261196, -0.0283069, 1.347366]"
4146,4146,4,69.48850000000004,2.517382,-3.916841,1.5209318737295168,-0.5493054469268372,4.871059,-1.508287,True,6,"[0.0166367, -0.0142881, 0.2852166]","[0.1145725, -0.0353992, 1.34441]"
4147,4147,4,69.50549999999998,1.517006,-3.916842,0.8126477666279003,-0.42176644592767776,4.614361,-1.69754,True,6,"[0.0273442, -0.0051185, 0.2875097]","[0.1082288, -0.0397409, 1.340953]"
4148,4148,4,69.52150000000006,1.260633,-4.214034,0.5607187173151212,-0.6811614342419459,4.253935,-1.704993,True,6,"[0.0260442, -0.0080045, 0.2859891]","[0.0995086, -0.0398219, 1.337806]"
4149,4149,4,69.5385,0.6279373,-4.53781,0.036048117958210946,-0.9187050451949661,3.983497,-1.794759,False,6,"[0.0181585, -0.0147756, 0.2868396]","[0.0928968, -0.0418008, 1.334008]"
4150,4150,4,69.55550000000005,0.3792667,-4.874656,-0.21982255004395124,-1.21805400736723,3.82836,-2.017624,False,6,"[0.017071, -0.0168005, 0.2852719]","[0.0889851, -0.0468465, 1.329781]"
4151,4151,4,69.57249999999999,0.3622658,-4.573461,-0.16049863469796422,-0.9198718697847719,3.511389,-2.109835,False,6,"[0.0145454, -0.0167963, 0.2871243]","[0.0813135, -0.0488185, 1.325141]"
4152,4152,4,69.59050000000002,0.1661176,-4.687734,-0.32644924017393817,-1.0071721191418366,3.540821,-2.05374,False,6,"[0.0125435, -0.0195346, 0.2853078]","[0.081757, -0.0473804, 1.321265]"
4153,4153,4,69.60649999999998,0.04639535,-4.911455,-0.4642199737160586,-1.2117816407447402,3.419962,-2.111351,False,6,"[0.0076054, -0.0196629, 0.2871819]","[0.0786422, -0.0485149, 1.315954]"
4154,4154,4,69.62350000000004,-0.4833321,-5.134152,-0.8920390157474354,-1.3631123722840819,3.353263,-2.316465,False,6,"[0.0062776, -0.0210192, 0.2852705]","[0.0768582, -0.0530626, 1.311744]"
4155,4155,4,69.64049999999997,-0.008492233,-5.302683,-0.5957733407344727,-1.5892830642729798,3.258369,-2.402936,False,6,"[0.0031449, -0.0227735, 0.2869436]","[0.0743802, -0.0548259, 1.306506]"
4156,4156,4,69.65650000000005,-0.368037,-5.214555,-0.8294575908107427,-1.4568317055724576,3.280959,-2.466352,False,6,"[0.0018875, -0.0243187, 0.2851471]","[0.0746608, -0.0560971, 1.302385]"
4157,4157,4,69.67349999999999,0.08947625,-4.162467,-0.25626338869076326,-0.4811681791685407,3.295156,-2.490743,False,6,"[0.0018129, -0.0229353, 0.2867196]","[0.0746934, -0.0564325, 1.297328]"
4158,4158,4,69.68950000000007,-0.2639907,-4.411199,-0.5654552467735634,-0.6805579389500496,3.214962,-2.558352,False,6,"[0.000827, -0.0233887, 0.2852302]","[0.0726604, -0.0577983, 1.293565]"
4159,4159,4,69.7065,-0.004874837,-4.629544,-0.4337281948636096,-0.92818277039673,3.090147,-2.572278,False,6,"[0.0002317, -0.0245849, 0.286098]","[0.0695707, -0.0578942, 1.288689]"
4160,4160,4,69.72350000000006,-0.6428885,-4.547573,-0.8660320916979609,-0.7662799461123289,3.175359,-2.414563,False,6,"[-0.0024044, -0.0256087, 0.2850213]","[0.0713226, -0.0542107, 1.285617]"
4161,4161,4,69.73950000000002,-0.1513983,-4.661692,-0.5450860827822268,-0.9410972712285641,3.213171,-2.16011,False,6,"[-4.23e-05, -0.0264725, 0.2852201]","[0.0719398, -0.048335, 1.281453]"
4162,4162,4,69.75650000000007,-0.5640419,-4.730856,-0.8536317699291986,-0.9564629219617808,3.198152,-2.109989,False,6,"[-0.0018287, -0.0259819, 0.2846917]","[0.0714577, -0.0471168, 1.278856]"
4163,4163,4,69.77350000000001,-0.2060875,-4.403356,-0.5226005501668405,-0.680232030512208,3.062762,-2.598529,False,6,"[0.0004452, -0.0207461, 0.2850641]","[0.0682231, -0.0578668, 1.275048]"
4164,4164,4,69.79050000000007,-0.3806999,-4.492412,-0.66732887225882,-0.7454946377375293,2.859265,-2.963081,True,6,"[-0.0013115, -0.0219582, 0.2846445]","[0.0635472, -0.0658586, 1.272342]"
4165,4165,4,69.80650000000003,1.076645,-3.163066,0.6794533515404669,0.375187662754497,2.84109,-2.669732,True,6,"[-2.42e-05, -0.023032, 0.2844256]","[0.0630407, -0.0592327, 1.270288]"
4166,4166,4,69.82350000000008,0.8446792,-3.672089,0.3946168111925986,-0.09550670537525541,3.008067,-2.978832,True,6,"[-0.0031892, -0.0226059, 0.2842178]","[0.0666148, -0.0659661, 1.26767]"
4167,4167,4,69.84050000000002,0.8831512,-4.75588,0.1650776657554709,-1.1655621371986742,3.232309,-2.849605,True,6,"[-0.0007521, -0.0232097, 0.2846351]","[0.0714402, -0.0629668, 1.265003]"
4168,4168,4,69.85649999999998,0.8804494,-5.205212,0.056706420414316616,-1.6068214851207125,3.340366,-2.86875,True,6,"[-0.0028023, -0.023557, 0.2846517]","[0.0736783, -0.0632571, 1.262338]"
4169,4169,4,69.87350000000004,1.400684,-5.18437,0.4299797088165257,-1.652663726812861,3.54636,-3.001997,True,6,"[-0.0010272, -0.0219901, 0.2855684]","[0.0780335, -0.0660315, 1.259116]"
4170,4170,4,69.8895,1.161814,-5.310366,0.23100383404112124,-1.746038659098467,3.681022,-3.371998,True,6,"[-0.0018963, -0.0224225, 0.2853877]","[0.0807509, -0.0739555, 1.255173]"
4171,4171,4,69.90650000000005,1.027888,-4.598976,0.3047284741868763,-1.0298095664146212,3.763735,-3.519709,True,6,"[0.0053843, -0.0158327, 0.2865028]","[0.0823781, -0.0770231, 1.252247]"
4172,4172,4,69.92349999999999,1.009279,-5.090623,0.17506913708273775,-1.5106280846401239,3.973087,-3.566463,True,6,"[0.0042165, -0.0183544, 0.2859919]","[0.0866965, -0.0777993, 1.248243]"
4173,4173,4,69.93950000000007,1.00768,-5.080323,0.17637735212559813,-1.5003013776060063,4.054474,-3.517677,False,6,"[0.0044123, -0.0238137, 0.2862326]","[0.0882716, -0.0765531, 1.245327]"
4174,4174,4,69.9565,0.760158,-5.271158,-0.04408632041863059,-1.6562970635500642,3.972815,-3.314449,False,6,"[0.0043895, -0.0260202, 0.2856256]","[0.0862265, -0.0719022, 1.241562]"
4175,4175,4,69.97350000000006,1.099308,-5.098584,0.23692509265943984,-1.5299301425252256,3.841908,-2.976974,False,6,"[0.0069988, -0.0259706, 0.2862337]","[0.0832211, -0.0644467, 1.239246]"
4176,4176,4,69.9905,0.6815842,-5.185226,-0.07935845412295084,-1.5618254988670195,3.66272,-2.859482,False,6,"[0.0057895, -0.0265347, 0.2854733]","[0.0790741, -0.0617002, 1.235268]"
4177,4177,4,70.0145,0.9456388,-4.848218,0.18744273946427026,-1.264278660628527,3.565681,-2.886557,False,6,"[0.0051986, -0.0233073, 0.2897469]","[0.076752, -0.062106, 1.231711]"
4178,4178,4,70.02350000000001,0.9579029,-4.531657,0.27112739264725605,-0.9547258621775745,3.4776,-2.909705,False,6,"[0.0050342, -0.0254558, 0.2857549]","[0.0745871, -0.0623839, 1.227362]"
4179,4179,4,70.04050000000007,0.9630078,-4.779963,0.2159116655146862,-1.1994120079370507,3.353654,-2.784208,False,6,"[0.005039, -0.0254688, 0.2864837]","[0.0716901, -0.0594961, 1.223397]"
4180,4180,4,70.05650000000003,1.023543,-4.646823,0.2903159508853941,-1.076279678756066,3.252275,-2.676867,False,6,"[0.0037913, -0.0263626, 0.2857437]","[0.0692576, -0.0569844, 1.218809]"
4181,4181,4,70.07350000000008,0.8515722,-4.850341,0.12033893249053473,-1.2543724031545382,3.076571,-2.153713,False,6,"[0.0054949, -0.0255496, 0.2863579]","[0.0653145, -0.0457001, 1.215199]"
4182,4182,4,70.09050000000002,0.961315,-4.594494,0.2586555160376367,-1.0169171256282805,3.070625,-1.857881,False,6,"[0.0033947, -0.025895, 0.2853535]","[0.0649629, -0.0392819, 1.211002]"
4183,4183,4,70.10649999999998,0.8908092,-4.895179,0.13749614424876622,-1.303441626560831,2.967667,-1.72327,False,6,"[0.0047266, -0.0242887, 0.2863565]","[0.0625691, -0.0363112, 1.20692]"
4184,4184,99,70.14049999999997,0.8859371,-4.768681,0.16401724555530428,-1.178498149103854,2.913953,-1.967204,True,6,"[0.0048015, -0.0227603, 0.2871689]","[0.0609476, -0.0411263, 1.197352]"
4185,4185,99,70.15650000000005,0.9531667,-4.870826,0.1874162081096955,-1.287457566323809,2.696409,-2.043814,True,6,"[0.0048056, -0.0239062, 0.2858901]","[0.0561153, -0.0425207, 1.191508]"
4186,4186,99,70.17450000000008,1.011699,-4.750543,0.257356250489132,-1.1767057519737607,2.636134,-2.043822,True,6,"[0.0051306, -0.0233414, 0.2871698]","[0.0546327, -0.0423453, 1.186591]"
4187,4187,99,70.19050000000004,1.070969,-4.882796,0.2679863150880868,-1.314240547094406,2.625708,-2.069861,True,6,"[0.0042413, -0.0242132, 0.2853403]","[0.0541467, -0.0426728, 1.180711]"
4188,4188,99,70.20749999999998,0.5114768,-4.321259,0.004898536905305173,-0.6910307824257584,2.593364,-2.194526,True,6,"[0.004831, -0.0231367, 0.2879077]","[0.0532158, -0.0450229, 1.174906]"
4189,4189,99,70.22350000000006,0.334386,-4.286991,-0.11236590436369609,-0.6347744993410291,2.534275,-2.212547,True,6,"[0.0044395, -0.0244533, 0.2855181]","[0.0517321, -0.0451577, 1.168815]"
4190,4190,99,70.24149999999997,0.07539972,-4.780987,-0.4127731382958266,-1.0872554249911728,2.497185,-2.044666,True,6,"[0.004457, -0.0240438, 0.2882198]","[0.0507098, -0.041512, 1.162757]"
4191,4191,99,70.25650000000007,0.1574154,-4.950586,-0.39488695990706923,-1.2643937885025993,2.520902,-2.103836,True,6,"[0.0047579, -0.0243701, 0.2859763]","[0.0509096, -0.0424786, 1.156341]"
4192,4192,99,70.27350000000001,0.5710671,-4.385335,0.03190826674184377,-0.7616020096517255,2.486354,-2.215883,True,6,"[0.0050912, -0.0239588, 0.288302]","[0.0499297, -0.0444925, 1.149863]"
4193,4193,99,70.29050000000007,0.4876888,-4.325334,-0.012909259535279438,-0.69200291448555,2.470756,-2.384007,True,6,"[0.0053463, -0.0244314, 0.2859887]","[0.0493108, -0.0475775, 1.142788]"
4194,4194,99,70.3075,0.7646374,-4.362103,0.1744637158641783,-0.76344825744098,2.500005,-2.441021,False,6,"[0.0025795, -0.0218338, 0.2889456]","[0.0496058, -0.048434, 1.136158]"
4195,4195,99,70.32350000000008,0.6838516,-4.199025,0.15590332138279994,-0.592875537238907,2.466867,-2.525778,False,6,"[0.0016722, -0.0214781, 0.2865195]","[0.0486479, -0.0498111, 1.129203]"
4196,4196,99,70.34050000000002,0.9710678,-4.201265,0.3587267482484847,-0.6316947920252138,2.554176,-2.464432,False,6,"[0.0003803, -0.024169, 0.2889704]","[0.0500402, -0.0482798, 1.121768]"
4197,4197,99,70.35649999999998,0.7213422,-4.100812,0.20571651725208384,-0.5011314850254047,2.679792,-2.285059,False,6,"[0.0007871, -0.0248147, 0.2864791]","[0.0521649, -0.0444721, 1.114507]"
4198,4198,99,70.37450000000001,1.190573,-3.948905,0.5739308888028823,-0.4116603735904496,2.714944,-2.747637,False,6,"[0.0028848, -0.0221954, 0.289423]","[0.0524819, -0.0531149, 1.106741]"
4199,4199,99,70.39049999999997,1.085245,-4.667566,0.32908750533630104,-1.1045324280303905,2.642283,-2.79234,False,6,"[0.0024423, -0.0217013, 0.2869216]","[0.050713, -0.0535975, 1.098891]"
4200,4200,99,70.40750000000003,0.8047037,-4.953919,0.06261491117508033,-1.3501935734794577,2.65871,-2.968103,False,6,"[0.0038532, -0.0220231, 0.2887125]","[0.0507042, -0.0566147, 1.091902]"
4201,4201,99,70.42349999999999,0.580156,-5.762379,-0.2879138206313845,-2.116120584768037,2.566687,-3.191739,False,6,"[0.0034254, -0.0210699, 0.286984]","[0.0486147, -0.0604757, 1.084493]"
4202,4202,99,70.44050000000004,0.7141423,-5.805235,-0.2032028447774039,-2.1753216793679284,2.211581,-3.792299,False,6,"[0.0048876, -0.0211817, 0.2883523]","[0.0415739, -0.0713575, 1.076527]"
4203,4203,99,70.45749999999998,0.1834522,-5.936348,-0.6100048516806171,-2.2365208610124103,2.134748,-3.687366,False,6,"[0.0036132, -0.0205752, 0.2869818]","[0.0398885, -0.0689631, 1.070096]"
4204,4204,99,70.47450000000003,0.1488339,-5.75313,-0.5911061563490354,-2.0520405237017743,2.014555,-4.593743,False,6,"[0.0059921, -0.0199032, 0.2883233]","[0.0373491, -0.085314, 1.061804]"
4205,4205,99,70.49149999999997,0.07799787,-5.82829,-0.6590666559652407,-2.116876794163942,1.805552,-4.478239,False,6,"[0.0054235, -0.0233752, 0.2863019]","[0.0332788, -0.0826812, 1.055691]"
4206,4206,99,70.50850000000003,0.3136554,-4.894111,-0.27088589940563623,-1.2288094761341668,1.930921,-4.26546,False,6,"[0.0040231, -0.024827, 0.2864269]","[0.0354152, -0.0783484, 1.050469]"
4207,4207,99,70.52550000000008,-0.02453469,-5.43229,-0.6378389198263137,-1.7146156294390806,1.730379,-3.905798,False,6,"[0.0028754, -0.0286559, 0.2839666]","[0.0316077, -0.0714336, 1.046266]"
4208,4208,99,70.54250000000002,-0.03876918,-5.232653,-0.6006180431601498,-1.5165974610275939,1.641302,-3.642428,False,6,"[0.0035617, -0.0290507, 0.2857391]","[0.0298227, -0.0662545, 1.040786]"
4209,4209,99,70.55849999999998,-0.154142,-5.623804,-0.77497778259081,-1.8863118222359008,1.629486,-3.529921,False,6,"[0.0009089, -0.0295157, 0.2838562]","[0.0294788, -0.063923, 1.036251]"
4210,4210,99,70.57450000000006,-0.300023,-5.7247,-0.9021689671508837,-1.966873814789845,1.691771,-3.699242,False,6,"[0.0007425, -0.0287966, 0.2858221]","[0.0304217, -0.0665937, 1.030004]"
4211,4211,99,70.5915,-0.2005675,-5.960915,-0.8877181343720619,-2.21170586834703,1.874959,-3.925642,False,6,"[0.000386, -0.0289438, 0.2835535]","[0.0335394, -0.0703071, 1.024544]"
4212,4212,99,70.60850000000005,0.09058234,-5.872439,-0.660616664166717,-2.161870882283334,1.963621,-4.386107,False,6,"[0.0015698, -0.0245541, 0.286757]","[0.0348924, -0.0780606, 1.017714]"
4213,4213,99,70.62549999999999,0.09404593,-6.23282,-0.7435479217226237,-2.5164951629733716,1.924272,-4.627739,False,6,"[-0.0001214, -0.0269685, 0.2835914]","[0.034013, -0.0819463, 1.012366]"
4214,4214,99,70.64150000000006,0.05013066,-6.049662,-0.7312458608393291,-2.330888503970727,2.069168,-4.743324,False,6,"[-0.0001936, -0.0262095, 0.2861865]","[0.036346, -0.0834735, 1.005993]"
4215,4215,99,70.6585,0.08214636,-5.837491,-0.6583094056710002,-2.1264484429227224,2.174075,-4.83519,False,6,"[-0.0007626, -0.0279137, 0.2834735]","[0.0380209, -0.0847201, 1.001527]"
4216,4216,99,70.67550000000006,0.1582356,-5.317899,-0.48133215358546755,-1.6254938324712658,2.240286,-4.723287,False,6,"[-0.001496, -0.02864, 0.2856894]","[0.0389471, -0.0822583, 0.9955719]"
4217,4217,99,70.69150000000002,0.1063013,-5.325977,-0.5200164411604227,-1.626811686352636,2.405864,-4.503461,False,6,"[-0.0009918, -0.0295839, 0.2833307]","[0.0416962, -0.078165, 0.9924135]"
4218,4218,99,70.70950000000005,0.2541247,-5.082173,-0.3575914173444814,-1.4060472513417688,2.524509,-4.305725,False,6,"[0.0004507, -0.0293206, 0.2850706]","[0.0435331, -0.0743407, 0.9873801]"
4219,4219,99,70.72550000000001,0.4479177,-5.634123,-0.3511537221666772,-1.9732111661435114,2.660464,-4.106715,False,6,"[0.0004635, -0.0308428, 0.2824063]","[0.0457552, -0.0706984, 0.9846751]"
4220,4220,99,70.74250000000006,0.3214252,-5.594701,-0.4313725583554495,-1.9183404090614262,2.923999,-3.948976,False,6,"[0.0002487, -0.0301238, 0.2842382]","[0.0500529, -0.0676469, 0.9799356]"
4221,4221,99,70.75850000000003,0.3590478,-5.879092,-0.4721146456311949,-2.2026366663550014,3.171059,-3.981152,False,6,"[0.0004058, -0.0289369, 0.283036]","[0.0541268, -0.0679944, 0.9769834]"
4222,4222,99,70.77550000000008,0.7726758,-5.687383,-0.1338379192866106,-2.066959206519784,3.349458,-4.210768,False,6,"[0.000786, -0.0264902, 0.2845894]","[0.05689, -0.0715666, 0.97205]"
4223,4223,99,70.79150000000004,0.8182054,-5.973993,-0.16950744920984206,-2.3544443781895277,3.530562,-4.556946,False,6,"[0.000526, -0.0264326, 0.2835365]","[0.0597715, -0.0772132, 0.9687752]"
4224,4224,99,70.80849999999998,0.841329,-6.220826,-0.21161662697581352,-2.5999800994554967,3.73099,-4.78541,False,6,"[0.001263, -0.0253251, 0.2847633]","[0.062883, -0.0807281, 0.9643107]"
4225,4225,99,70.82550000000003,1.02759,-6.453786,-0.13493477426748635,-2.8526801475887833,3.938964,-4.971328,False,6,"[0.0022164, -0.0279683, 0.2835039]","[0.0661902, -0.0836164, 0.9612794]"
4226,4226,99,70.8415,1.413053,-6.349686,0.16264380635980613,-2.7995140611332987,4.429998,-5.203934,False,6,"[0.0015959, -0.0278664, 0.2844747]","[0.0741235, -0.0871393, 0.9567717]"
4227,4227,99,70.85850000000005,1.646859,-6.663768,0.25376846742272785,-3.1380024773418986,4.641536,-5.329236,False,6,"[0.0017761, -0.0291841, 0.2834198]","[0.0774252, -0.0889588, 0.9536558]"
4228,4228,99,70.87549999999999,2.042784,-6.673298,0.5318324552484683,-3.1978458566765475,4.691863,-5.36696,False,6,"[0.0038375, -0.0283376, 0.2845402]","[0.077975, -0.0892563, 0.95008]"
4229,4229,99,70.89150000000006,2.146041,-6.768511,0.5823818224179877,-3.3045857063828397,5.003905,-5.346812,False,6,"[0.0040466, -0.0296513, 0.2833499]","[0.0829872, -0.0887062, 0.9478036]"
4230,4230,99,70.90949999999998,2.190655,-6.805308,0.6052511651040975,-3.3464377540637837,5.277189,-5.355701,False,6,"[0.0041745, -0.0309862, 0.2842699]","[0.087213, -0.0885181, 0.9442148]"
4231,4231,99,70.92450000000008,2.48727,-6.691527,0.8422174713040713,-3.272429760619559,5.466381,-5.286862,False,6,"[0.0050756, -0.0320097, 0.2829748]","[0.0901572, -0.0871792, 0.9421118]"
4232,4232,99,70.94150000000002,2.420099,-6.55488,0.8270344109751468,-3.129569224543806,5.69964,-5.391675,False,6,"[0.0069992, -0.0315745, 0.2837424]","[0.0937413, -0.0886454, 0.9392264]"
4233,4233,99,70.95850000000007,2.610487,-5.799165,1.1408808231387468,-2.4111249463174724,5.88391,-5.390283,False,6,"[0.0081208, -0.0329993, 0.2824512]","[0.0965991, -0.0884447, 0.9373443]"
4234,4234,99,70.97550000000001,3.341671,-5.363204,1.7618623935576703,-2.0758823133370257,6.016987,-5.324889,False,6,"[0.0100963, -0.0331181, 0.2830592]","[0.0985901, -0.08718, 0.9353544]"
4235,4235,99,70.99149999999997,3.171756,-6.102986,1.466286164906535,-2.781277772620311,6.236934,-5.163651,False,6,"[0.01056, -0.0334459, 0.2818032]","[0.1021507, -0.0844666, 0.9347007]"
4236,4236,99,71.0095,3.232791,-5.022714,1.7654442814622076,-1.7273671675742612,6.262461,-5.081409,False,6,"[0.0107895, -0.0336598, 0.2820576]","[0.1024764, -0.0830366, 0.9338288]"
4237,4237,99,71.02550000000008,3.213447,-5.650416,1.6030296178168915,-2.3418069289294055,6.438683,-4.715117,False,6,"[0.0121955, -0.032939, 0.2807549]","[0.105461, -0.0770789, 0.9345097]"
4238,4238,99,71.04150000000004,3.755645,-5.460083,2.032010164295362,-2.2238734553187305,6.577439,-4.842782,False,6,"[0.0118645, -0.032257, 0.2807255]","[0.1077729, -0.0791899, 0.9346773]"
4239,4239,99,71.05950000000007,4.020023,-5.365701,2.2415559826171187,-2.1648208516192113,6.787366,-4.827419,False,6,"[0.0127866, -0.0284829, 0.2804493]","[0.1113562, -0.0790168, 0.9356154]"
4240,4240,99,71.07550000000003,3.829876,-5.838051,1.995016669207081,-2.6048045339371324,6.558877,-5.312246,False,6,"[0.0163701, -0.0263202, 0.28036]","[0.1076546, -0.0870613, 0.9363165]"
4241,4241,99,71.0915,3.915832,-5.79683,2.0656413513435616,-2.5752512124910556,6.816121,-5.078247,False,6,"[0.0154745, -0.0298581, 0.2792519]","[0.1121814, -0.0834029, 0.9385355]"
4242,4242,99,71.10850000000005,2.95046,-5.928563,1.3509299907298606,-2.5816412454383393,7.094963,-5.528055,False,6,"[0.0158215, -0.0246184, 0.280111]","[0.1168685, -0.0908746, 0.938949]"
4243,4243,99,71.12549999999999,4.213121,-6.287216,2.1599421389651265,-3.0951049016257564,6.986415,-5.578364,False,6,"[0.0156874, -0.0276449, 0.279413]","[0.1153634, -0.0919467, 0.9414052]"
4244,4244,99,71.14250000000004,4.100085,-6.353019,2.064320229813096,-3.1453649453507166,7.153675,-5.575369,False,6,"[0.0183906, -0.0267797, 0.2801638]","[0.1183786, -0.0920717, 0.9431952]"
4245,4245,99,71.1585,4.478772,-6.729519,2.243234765067097,-3.563668991133211,7.175488,-5.892968,False,6,"[0.0197167, -0.0263507, 0.2805535]","[0.1188921, -0.0974747, 0.9443769]"
4246,4246,99,71.17550000000006,4.150143,-7.044576,1.935914513426958,-3.831409648691734,7.245165,-6.10306,False,6,"[0.018779, -0.0286823, 0.2805192]","[0.1202099, -0.1011027, 0.9455643]"
4247,4247,99,71.1925,5.315209,-7.466835,2.6607577790125623,-4.3949427401518895,7.658554,-6.471293,False,6,"[0.019267, -0.0285752, 0.2814726]","[0.1270924, -0.1072059, 0.945144]"
4248,4248,99,71.20950000000005,4.960009,-7.575827,2.3834468959024937,-4.456774979463405,7.69939,-6.785787,False,6,"[0.0145059, -0.0292263, 0.2814446]","[0.127813, -0.1124944, 0.945401]"
4249,4249,99,71.22649999999999,5.235842,-7.361428,2.6295381747778896,-4.281230005066743,7.648595,-6.84282,False,6,"[0.0207558, -0.0310426, 0.2817564]","[0.1270338, -0.1135152, 0.9459532]"
4250,4250,99,71.24250000000006,4.985127,-7.229716,2.4832334932812548,-4.119819190229204,7.692907,-6.929177,False,6,"[0.0201797, -0.0313433, 0.2815153]","[0.1278681, -0.1150422, 0.9466154]"
4251,4251,99,71.2595,5.251264,-6.900708,2.749613656796258,-3.830400247061026,7.790723,-6.852215,False,6,"[0.022066, -0.0332404, 0.2817098]","[0.1295374, -0.1137726, 0.9467865]"
4252,4252,99,71.27550000000008,4.772485,-6.183252,2.580613476005377,-3.064243470494892,7.801409,-6.630753,False,6,"[0.0204434, -0.0348162, 0.2817427]","[0.1297849, -0.1101193, 0.9472798]"
4253,4253,99,71.29250000000002,4.26996,-6.073983,2.250705543953716,-2.8927858795551824,7.566364,-6.465265,False,6,"[0.0261984, -0.0369072, 0.2815972]","[0.1258921, -0.1074018, 0.9477617]"
4254,4254,99,71.30950000000007,3.911785,-5.960492,2.0240002610154866,-2.73558238099732,7.303484,-5.882923,False,6,"[0.0244204, -0.0374244, 0.2813885]","[0.1216804, -0.0978256, 0.9494061]"
4255,4255,99,71.32550000000003,4.117911,-6.054229,2.147732398806512,-2.853986596225763,7.150641,-5.567971,False,6,"[0.0258287, -0.0364138, 0.2818559]","[0.1191411, -0.0925807, 0.9496775]"
4256,4256,99,71.34350000000006,3.634681,-6.054611,1.8055065214828638,-2.792754044324232,6.877136,-5.442817,False,6,"[0.0245902, -0.0357621, 0.2819102]","[0.1145462, -0.0904927, 0.9497365]"
4257,4257,99,71.35950000000003,3.93406,-5.999047,2.0306366818176724,-2.7763141474826645,6.785741,-5.336477,False,6,"[0.0259554, -0.0341779, 0.282402]","[0.1129402, -0.0886598, 0.9491535]"
4258,4258,99,71.37549999999999,3.670258,-6.118585,1.8155385773786727,-2.860163521111202,6.690961,-5.4972,False,6,"[0.0236134, -0.0306419, 0.2828331]","[0.1112303, -0.0912496, 0.9481491]"
4259,4259,99,71.39250000000004,4.110219,-5.97897,2.1601171223778697,-2.7790413292187903,6.716808,-5.517159,False,6,"[0.021138, -0.0301259, 0.2831117]","[0.1115062, -0.0914536, 0.94681]"
4260,4260,99,71.40949999999998,3.296092,-5.659936,1.659288203773429,-2.361699771838559,6.812925,-5.379598,False,6,"[0.0193617, -0.0295629, 0.2831497]","[0.1130327, -0.0890934, 0.9461057]"
4261,4261,99,71.42550000000006,3.246017,-5.870422,1.5739646652552308,-2.5621813965797067,6.867589,-5.296677,False,6,"[0.0203863, -0.0300326, 0.2831623]","[0.1137921, -0.087592, 0.9448084]"
4262,4262,99,71.4425,3.867079,-5.908632,2.0046345933490706,-2.6789146770435748,6.916695,-5.116367,False,6,"[0.0179935, -0.0300451, 0.2832626]","[0.1144892, -0.0845021, 0.9437821]"
4263,4263,99,71.45950000000005,3.765184,-5.872596,1.9410289908367495,-2.630507668766188,6.916853,-5.140259,False,6,"[0.0194888, -0.0297807, 0.2833898]","[0.1142983, -0.0847553, 0.9421868]"
4264,4264,99,71.47550000000001,3.900217,-6.106245,1.9812772732421755,-2.8773537040115658,7.015924,-5.062574,False,6,"[0.0181864, -0.0303922, 0.2835169]","[0.1157987, -0.0833574, 0.9409426]"
4265,4265,99,71.49250000000006,4.274151,-6.365057,2.1847099188060213,-3.1793879308421804,6.985673,-5.152376,False,6,"[0.0203642, -0.02968, 0.2833864]","[0.1150518, -0.0846655, 0.9389628]"
4266,4266,99,71.51650000000006,4.199733,-6.15682,2.1813573693109425,-2.965244757503288,7.109539,-5.261973,False,6,"[0.0164503, -0.0283088, 0.2856385]","[0.1169006, -0.0863198, 0.9372618]"
4267,4267,99,71.52850000000001,4.70612,-6.368845,2.489654122691804,-3.2381833918689154,7.201051,-5.303996,False,6,"[0.016187, -0.0293456, 0.2854125]","[0.1181327, -0.0868011, 0.9349785]"
4268,4268,99,71.5435,4.493132,-6.05741,2.4126418307090005,-2.904950578553909,7.308209,-5.377742,False,6,"[0.0192197, -0.0294262, 0.284332]","[0.1195859, -0.0877774, 0.9324538]"
4269,4269,99,71.56050000000005,4.535629,-6.224595,2.403120024706225,-3.0746781437662056,7.350448,-5.440643,False,6,"[0.0187292, -0.0292727, 0.2845972]","[0.1199486, -0.0885621, 0.9298483]"
4270,4270,99,71.57650000000001,4.196441,-6.050695,2.204170320913197,-2.8605253289722326,7.508426,-5.393896,False,6,"[0.0194029, -0.0304459, 0.2845955]","[0.1221542, -0.0875088, 0.9268003]"
4271,4271,99,71.59350000000006,4.706199,-6.183543,2.53361287229579,-3.0560785276862186,7.565024,-5.302072,False,6,"[0.0212299, -0.0316873, 0.2840628]","[0.1227325, -0.0857636, 0.9241399]"
4272,4272,99,71.6105,4.364777,-5.922821,2.353651824940374,-2.756312172936191,7.703037,-5.228062,False,6,"[0.0209349, -0.0307542, 0.2850978]","[0.1244894, -0.0842153, 0.9203762]"
4273,4273,99,71.62650000000008,4.682209,-6.012613,2.557125248001185,-2.8850298691473535,7.638808,-5.207494,False,6,"[0.0234266, -0.031763, 0.2845705]","[0.12305, -0.0836179, 0.9174762]"
4274,4274,99,71.6445,4.411254,-5.751394,2.427173832878638,-2.5937590445086043,7.682515,-5.220485,False,6,"[0.0224352, -0.0302969, 0.2855033]","[0.1232562, -0.0834847, 0.9137228]"
4275,4275,99,71.66050000000007,5.121016,-5.544317,2.9787597346273356,-2.4807326332383566,7.703287,-5.252414,False,6,"[0.0226021, -0.0310762, 0.2849217]","[0.1231011, -0.0836635, 0.9100824]"
4276,4276,99,71.67650000000003,5.146926,-5.46883,3.0149892865321464,-2.4098472754271176,7.938202,-5.30534,False,6,"[0.0209856, -0.0303171, 0.2860132]","[0.126275, -0.0840932, 0.9055795]"
4277,4277,99,71.69349999999997,5.361358,-5.623531,3.130158277256659,-2.5892259017154426,8.091617,-5.358228,False,6,"[0.0234794, -0.0309006, 0.2852079]","[0.128124, -0.0845248, 0.9011912]"
4278,4278,99,71.7115,5.212078,-5.79508,2.983821025334104,-2.7387923669427394,8.391418,-5.31988,False,6,"[0.0218579, -0.0297087, 0.2863697]","[0.1321589, -0.0834243, 0.8959069]"
4279,4279,99,71.72750000000008,5.454126,-6.043322,3.096380359607598,-3.01362397424899,8.479733,-5.400208,False,6,"[0.0234061, -0.0301004, 0.2857808]","[0.1329019, -0.0842677, 0.8914245]"
4280,4280,99,71.74450000000002,5.39607,-5.90785,3.08737249244705,-2.8730803190069416,8.69274,-5.511316,False,6,"[0.0221279, -0.0288905, 0.2868417]","[0.1354896, -0.085506, 0.8861794]"
4281,4281,99,71.76049999999998,5.761536,-6.758154,3.144669955967194,-3.755353697201402,8.795766,-5.795664,False,6,"[0.0257498, -0.0278911, 0.2873306]","[0.1363303, -0.0894285, 0.8810709]"
4282,4282,99,71.77750000000003,5.718947,-6.627449,3.145483572811884,-3.621466972403071,8.826398,-6.023073,False,6,"[0.0258746, -0.0275024, 0.2872614]","[0.1359719, -0.0923917, 0.8756563]"
4283,4283,99,71.7935,5.588001,-6.050499,3.189465807100727,-3.037745532665716,8.784765,-6.421995,False,6,"[0.0267981, -0.0281168, 0.2855496]","[0.1345811, -0.0980226, 0.8708728]"
4284,4284,99,71.81050000000005,5.623127,-6.093999,3.204029364936918,-3.08497564892569,8.855833,-6.551118,False,6,"[0.0261588, -0.0291038, 0.2867665]","[0.1348817, -0.0994168, 0.8657021]"
4285,4285,99,71.82749999999999,4.984023,-6.623264,2.6261359396174164,-3.523656986461498,8.854083,-6.437597,False,6,"[0.0273787, -0.0303573, 0.2867447]","[0.1342322, -0.0972284, 0.8617062]"
4286,4286,99,71.84450000000004,5.017657,-6.648013,2.644085729939117,-3.552268388586776,8.645489,-6.725528,False,6,"[0.0270253, -0.0296059, 0.2861074]","[0.1303549, -0.1011001, 0.8573274]"
4287,4287,99,71.86250000000007,5.265924,-6.367928,2.8862224992493695,-3.3086527213847186,8.548705,-6.536208,False,6,"[0.028739, -0.0337532, 0.2848316]","[0.1284188, -0.0978823, 0.8543018]"
4288,4288,99,71.87850000000003,5.425338,-6.125529,3.0565209918181395,-3.090746830680513,8.791775,-6.605104,False,6,"[0.028564, -0.0331395, 0.2852195]","[0.1314096, -0.0983859, 0.8496614]"
4289,4289,99,71.89550000000008,5.607857,-5.805278,3.261623376177954,-2.7992736433088368,8.882624,-6.740106,False,6,"[0.0278163, -0.0301351, 0.284306]","[0.132102, -0.0998954, 0.8452628]"
4290,4290,99,71.91150000000005,5.47424,-5.913187,3.1414537598272343,-2.8882915796618365,8.983891,-6.598779,False,6,"[0.0280738, -0.0304418, 0.2851333]","[0.133172, -0.0974448, 0.8423477]"
4291,4291,99,71.92849999999999,5.653187,-6.309633,3.174223127459684,-3.300733306860617,9.090719,-6.4393,False,6,"[0.0248084, -0.033032, 0.2844754]","[0.1342797, -0.094715, 0.8392068]"
4292,4292,99,71.94550000000004,6.205788,-6.433375,3.5361567251813426,-3.4927992641245273,9.354104,-6.293105,False,6,"[0.0250132, -0.033205, 0.2848912]","[0.1376305, -0.0921395, 0.8355114]"
4293,4293,99,71.96350000000007,6.815304,-6.811189,3.8781909474036222,-3.941823571700642,9.644462,-6.379188,False,6,"[0.0262003, -0.0317247, 0.2842682]","[0.1412329, -0.0929167, 0.8310964]"
4294,4294,99,71.97950000000003,6.840095,-6.695726,3.9230995715243147,-3.831507109345554,9.813284,-6.637566,False,6,"[0.0271069, -0.0306306, 0.285414]","[0.14303, -0.0962265, 0.8269122]"
4295,4295,99,71.99549999999999,7.384637,-6.642935,4.321152469225675,-3.8490488515234498,9.974769,-6.831715,False,6,"[0.0280025, -0.028995, 0.2851886]","[0.1448184, -0.0986499, 0.8234259]"
4296,4296,99,72.01250000000005,7.367857,-6.685483,4.299191215952076,-3.8887257393325116,10.24069,-6.918316,False,6,"[0.027313, -0.0295181, 0.2849991]","[0.1480292, -0.0994208, 0.8193727]"
4297,4297,99,72.02949999999998,7.029726,-6.522439,4.098417820827238,-3.685376968074724,10.50485,-7.134016,False,6,"[0.0280599, -0.0313433, 0.2834674]","[0.1512368, -0.1020821, 0.8156158]"
4298,4298,99,72.04650000000004,7.103831,-6.38998,4.182268417741063,-3.5646439677497055,10.98085,-7.17931,False,6,"[0.0307243, -0.0318604, 0.2825562]","[0.1574932, -0.1022414, 0.811681]"
4299,4299,99,72.06349999999998,7.444493,-6.259458,4.454387151674988,-3.4797985499046273,11.28814,-6.880002,False,6,"[0.0336383, -0.0336178, 0.2814601]","[0.1615609, -0.0976621, 0.8094051]"
4300,4300,99,72.07950000000005,7.489456,-6.332984,4.468801546476169,-3.55779237936747,11.53624,-6.645145,False,6,"[0.0338225, -0.033102, 0.2819656]","[0.1648976, -0.0941203, 0.8078821]"
4301,4301,99,72.09649999999999,7.773782,-6.40852,4.65221295059267,-3.668278517041233,11.72096,-6.368681,False,6,"[0.0366618, -0.0329444, 0.2828737]","[0.1676337, -0.0901827, 0.8079836]"
4302,4302,99,72.11350000000004,7.907278,-6.637019,4.692593177498567,-3.9098671733850425,11.78724,-6.33224,False,6,"[0.0364529, -0.0330444, 0.2819102]","[0.1680377, -0.0893587, 0.8052467]"
4303,4303,99,72.13049999999998,7.955051,-6.860716,4.673417724393208,-4.135807420021197,11.94888,-6.283881,False,6,"[0.0348927, -0.032352, 0.2829647]","[0.1704309, -0.0886818, 0.805347]"
4304,4304,99,72.14650000000006,7.979495,-7.008353,4.655745500309135,-4.284021583150808,12.16521,-6.511665,False,6,"[0.0352413, -0.0316688, 0.2827798]","[0.1730262, -0.0916145, 0.802637]"
4305,4305,99,72.16250000000002,8.154907,-7.170367,4.741555004069993,-4.465612691321799,12.17097,-6.776252,False,6,"[0.0369369, -0.0310057, 0.2826796]","[0.1729226, -0.0952677, 0.8017652]"
4306,4306,99,72.17950000000008,8.307063,-7.32702,4.812169008204962,-4.638970049878442,12.37103,-6.902154,False,6,"[0.0371707, -0.0313797, 0.2827412]","[0.1755246, -0.0968727, 0.8002607]"
4307,4307,99,72.19650000000001,8.296524,-7.492682,4.765457615747612,-4.800439141424964,12.40107,-6.925638,False,6,"[0.0386792, -0.0318231, 0.2833292]","[0.1760063, -0.0972287, 0.800451]"
4308,4308,99,72.21350000000007,8.154095,-7.516811,4.658898587550388,-4.80599457487972,12.43636,-7.012633,False,6,"[0.0392544, -0.0328861, 0.2826272]","[0.1761647, -0.0982622, 0.7988254]"
4309,4309,99,72.2305,7.811113,-7.438972,4.434503339843908,-4.685766873688093,12.3166,-6.922674,False,6,"[0.0395394, -0.0340437, 0.2829482]","[0.1746317, -0.09711, 0.7998196]"
4310,4310,99,72.24650000000008,7.752698,-7.440194,4.39285496522337,-4.679520408235139,12.36496,-7.024574,False,6,"[0.0395736, -0.0347056, 0.2823141]","[0.1750564, -0.0983949, 0.7985303]"
4311,4311,99,72.26350000000002,7.516285,-7.455479,4.22184897706325,-4.664401739738099,12.24501,-6.897719,False,6,"[0.0405714, -0.0356181, 0.283124]","[0.1735543, -0.0967394, 0.7996786]"
4312,4312,99,72.27949999999998,7.603636,-7.478693,4.278195032821015,-4.6983530330601555,12.07041,-6.801937,False,6,"[0.0411384, -0.0362281, 0.2817502]","[0.1709264, -0.0953399, 0.7993142]"
4313,4313,99,72.29650000000004,7.587903,-7.142666,4.346669241642383,-4.366099628521758,11.87994,-6.581881,False,6,"[0.0410653, -0.0370383, 0.2816119]","[0.1684068, -0.0923688, 0.800537]"
4314,4314,99,72.31450000000007,7.07693,-7.109266,3.992804656348584,-4.268129091383272,11.64773,-6.397491,False,6,"[0.0402577, -0.0370734, 0.2809634]","[0.1653515, -0.0899385, 0.8021365]"
4315,4315,99,72.33050000000003,7.070601,-6.710094,4.082897739987171,-3.875015671598203,11.54226,-6.214151,False,6,"[0.038489, -0.036634, 0.2805718]","[0.1641677, -0.0875296, 0.8038743]"
4316,4316,99,72.34649999999999,6.556269,-6.410397,3.789747541104697,-3.514900009598896,11.31483,-6.254575,False,6,"[0.0381643, -0.0366081, 0.2803271]","[0.1612061, -0.0883006, 0.8056722]"
4317,4317,99,72.36350000000004,7.107934,-5.248456,4.4556298494624595,-2.443276476773794,11.06757,-6.024461,False,6,"[0.0369694, -0.0366669, 0.2801948]","[0.1580367, -0.0852667, 0.8079401]"
4318,4318,99,72.37950000000001,6.097413,-6.44716,3.456159290233064,-3.4925302212584057,10.74392,-5.725762,False,6,"[0.0372856, -0.0366659, 0.2793076]","[0.1539814, -0.0813683, 0.8115134]"
4319,4319,99,72.39650000000006,4.963458,-5.95581,2.769712599251253,-2.86506085142521,10.1758,-5.452855,False,6,"[0.0371595, -0.0349557, 0.278947]","[0.1465189, -0.0779225, 0.8162961]"
4320,4320,99,72.4135,4.539338,-6.056524,2.445566410719481,-2.909970714644147,9.912947,-5.018439,False,6,"[0.0345043, -0.0346636, 0.2779295]","[0.1434598, -0.072085, 0.8208923]"
4321,4321,99,72.43050000000005,6.691889,-5.92914,3.9997910735089253,-3.059210762575028,9.464326,-5.059325,False,6,"[0.0344367, -0.0326643, 0.2776354]","[0.1377546, -0.0731585, 0.8263497]"
4322,4322,99,72.44650000000001,6.347804,-5.65221,3.821784667770021,-2.743175662693811,9.120128,-4.866232,False,6,"[0.0318474, -0.0311328, 0.277101]","[0.1335275, -0.070814, 0.831769]"
4323,4323,99,72.46350000000007,6.86114,-8.164721,3.5899570539661916,-5.277919499656886,8.27902,-5.556437,False,6,"[0.0346882, -0.0255535, 0.2781793]","[0.1218843, -0.0814877, 0.8376334]"
4324,4324,99,72.47950000000003,6.667566,-8.113666,3.4649994887226527,-5.203063464248294,8.17042,-5.095504,False,6,"[0.029438, -0.0311405, 0.2755757]","[0.1211675, -0.0752521, 0.8439306]"
4325,4325,99,72.49650000000008,6.996673,-8.049598,3.713192414539786,-5.182055913786811,8.493572,-5.213612,False,6,"[0.024059, -0.0289011, 0.2770306]","[0.1267125, -0.0774232, 0.8485045]"
4326,4326,99,72.51350000000002,6.699718,-8.30158,3.4432420061028504,-5.39184460002996,7.915671,-5.579712,False,6,"[0.0219313, -0.0293094, 0.2762385]","[0.1188436, -0.0835027, 0.8547423]"
4327,4327,99,72.53050000000007,6.831395,-8.5977,3.4663131924304573,-5.699659314746497,7.964267,-5.631196,False,6,"[0.0325534, -0.0288146, 0.2774531]","[0.1203383, -0.0848107, 0.8601437]"
4328,4328,99,72.54650000000004,7.065162,-8.856952,3.5704008799385,-5.984255796164423,7.662329,-6.141428,False,6,"[0.0308539, -0.0274495, 0.277349]","[0.1163118, -0.0930251, 0.8645415]"
4329,4329,99,72.56349999999998,7.388802,-9.030121,3.7585155179499656,-6.195707937300269,7.514912,-6.578297,False,6,"[0.0332977, -0.0397036, 0.2767307]","[0.1145566, -0.1001436, 0.8683969]"
4330,4330,99,72.57950000000005,7.18545,-9.11093,3.5953929783444396,-6.249201316691688,7.528123,-7.091401,False,6,"[0.0323834, -0.0394932, 0.27702]","[0.1152818, -0.1085231, 0.8723429]"
4331,4331,99,72.59649999999999,7.38446,-9.050192,3.750685968465763,-6.2148801597632835,7.534572,-7.779928,True,6,"[0.0340798, -0.0392721, 0.2776911]","[0.1157289, -0.1195434, 0.8749679]"
4332,4332,99,72.61350000000004,7.160307,-8.946874,3.616460382054755,-6.084761431862236,7.485728,-8.057486,True,6,"[0.0326169, -0.040515, 0.2776664]","[0.1154224, -0.1243515, 0.8784109]"
4333,4333,99,72.62950000000001,7.1699,-8.752609,3.66927877717347,-5.895060684302664,7.391528,-8.063097,True,6,"[0.0332928, -0.042018, 0.2779066]","[0.1143374, -0.1248584, 0.8813697]"
4334,4334,99,72.64650000000006,7.189131,-8.458963,3.7524669648904103,-5.608916988324876,7.409822,-8.071372,True,6,"[0.034443, -0.0433045, 0.2779027]","[0.115108, -0.1255165, 0.8850949]"
4335,4335,99,72.6635,8.620337,-9.840083,4.438563183182383,-7.148750078965175,7.130005,-7.918066,True,6,"[0.0361003, -0.0442416, 0.2783829]","[0.1111372, -0.1235708, 0.8884686]"
4336,4336,99,72.67950000000008,8.697819,-9.802101,4.50242072118616,-7.121299681394885,6.82848,-7.682393,True,6,"[0.0350493, -0.0445846, 0.2780113]","[0.1068536, -0.1203683, 0.8923282]"
4337,4337,99,72.69650000000001,8.555348,-9.816894,4.398043895093878,-7.117674332811043,6.674947,-7.496311,True,6,"[0.0360853, -0.0443495, 0.278433]","[0.1048033, -0.1178398, 0.8955273]"
4338,4338,99,72.71350000000007,8.451149,-9.949366,4.292883134819498,-7.234583363889109,6.513076,-7.514597,True,6,"[0.034966, -0.0438194, 0.2783352]","[0.1025457, -0.1184843, 0.8982093]"
4339,4339,99,72.7305,8.240989,-9.788689,4.182154663829909,-7.049876166617509,6.388672,-7.667943,True,6,"[0.0350538, -0.0429023, 0.2786566]","[0.1007493, -0.1211459, 0.8998058]"
4340,4340,99,72.74750000000006,8.41185,-9.792292,4.302273624978268,-7.075200616160688,6.206366,-7.648716,True,6,"[0.0352084, -0.0415118, 0.279129]","[0.0981435, -0.1211992, 0.9024919]"
4341,4341,99,72.7645,8.369589,-9.726849,4.287857223006595,-7.005495248298783,6.009218,-7.803073,True,6,"[0.0351311, -0.040195, 0.2317375]","[0.095079, -0.1237748, 0.9032179]"
4342,4342,99,72.78050000000007,8.329846,-9.779197,4.247315887912209,-7.051875983136692,5.799293,-7.576365,True,6,"[0.0354686, -0.0400558, 0.2318476]","[0.092067, -0.1205716, 0.9064941]"
4343,4343,99,72.79750000000001,8.166298,-9.776098,4.132255249298394,-7.027979214486511,5.661219,-7.559233,False,6,"[0.0348312, -0.0400627, 0.231531]","[0.0900435, -0.1205407, 0.90834]"
4344,4344,99,72.81349999999998,8.194138,-9.795447,4.1473821843996355,-7.050544803891035,5.600361,-7.344111,False,6,"[0.0344715, -0.0406977, 0.2320068]","[0.0893333, -0.117419, 0.9110327]"
4345,4345,99,72.8315,8.297502,-9.850344,4.2075592081873445,-7.117675702063482,5.678875,-7.263332,False,6,"[0.0336315, -0.0400623, 0.2322095]","[0.0907205, -0.1162757, 0.9123059]"
4346,4346,99,72.84750000000008,8.212767,-9.877154,4.141213352660173,-7.133221550353208,5.672975,-7.23155,False,6,"[0.0344268, -0.0401801, 0.2328047]","[0.0907389, -0.1159061, 0.9134462]"
4347,4347,99,72.86450000000002,8.227015,-9.779834,4.17435880266986,-7.039391892521656,5.617121,-7.424289,False,6,"[0.0342243, -0.0398748, 0.232621]","[0.0898637, -0.1190615, 0.9136897]"
4348,4348,99,72.88049999999998,8.22753,-9.986131,4.1258463593320025,-7.242206387760828,5.597087,-7.434538,False,6,"[0.0341037, -0.0401456, 0.2329225]","[0.0896401, -0.1193594, 0.9146993]"
4349,4349,99,72.89750000000004,5.05913,-6.784076,2.6412125171968235,-3.6912786784329716,5.642471,-7.452634,False,6,"[0.0334583, -0.0401729, 0.2331562]","[0.0903913, -0.1196793, 0.9148982]"
4350,4350,99,72.91449999999998,4.034759,-6.812905,1.9091094307922634,-3.5890126844662698,5.673594,-7.577754,False,6,"[0.0335975, -0.0402822, 0.2333195]","[0.0909194, -0.1217471, 0.9151627]"
4351,4351,99,72.93050000000005,3.465162,-7.218081,1.4098280686390547,-3.9146008551384783,5.746167,-7.579622,False,6,"[0.0340519, -0.0405418, 0.2334887]","[0.0920839, -0.1217692, 0.9150999]"
4352,4352,99,72.94749999999999,3.459731,-7.24438,1.3997519143273047,-3.939755121547109,5.678576,-7.433478,False,6,"[0.0337355, -0.0406979, 0.2337389]","[0.0910244, -0.1194349, 0.9154099]"
4353,4353,99,72.96450000000004,3.555758,-7.081853,1.506247557880051,-3.792266150303666,5.738317,-7.486657,False,6,"[0.0337947, -0.0402889, 0.2337381]","[0.0919936, -0.1203059, 0.9154615]"
4354,4354,99,72.9805,3.513925,-6.730624,1.5598442512158086,-3.4417446670416885,5.652389,-7.440049,False,6,"[0.0338214, -0.0411859, 0.2339081]","[0.0905688, -0.1194981, 0.9150757]"
4355,4355,99,72.99750000000006,3.729951,-6.994469,1.6502827975053331,-3.7285933156910245,5.711913,-7.291686,False,6,"[0.020805, -0.0279569, 0.2350088]","[0.0915524, -0.1171191, 0.9153112]"
4356,4356,99,73.0195,3.446308,-7.094709,1.4257091079782445,-3.790947031633218,5.755741,-7.239509,False,6,"[0.0166826, -0.0282561, 0.2365099]","[0.0921633, -0.1161506, 0.9143556]"
4357,4357,99,73.03050000000007,3.72756,-7.447277,1.541308050127962,-4.173308503388344,6.050068,-7.261689,False,6,"[0.014262, -0.0298301, 0.2355319]","[0.0967909, -0.1163664, 0.9132261]"
4358,4358,99,73.04750000000001,3.560457,-7.167654,1.489246066158952,-3.8771905186362634,6.122349,-7.398459,False,6,"[0.01428, -0.0300248, 0.2361993]","[0.097703, -0.1182762, 0.9108677]"
4359,4359,99,73.06450000000007,3.813266,-7.266948,1.6447139957442078,-4.0070078685971975,6.224482,-7.541211,False,6,"[0.0146827, -0.029355, 0.2362857]","[0.0992302, -0.1204444, 0.9098089]"
4360,4360,99,73.08050000000003,3.698721,-7.081584,1.6075316189966724,-3.8102284223995646,6.224301,-7.938022,False,6,"[0.0145472, -0.0279577, 0.2369001]","[0.0988734, -0.1264094, 0.9065641]"
4361,4361,99,73.09750000000008,3.90548,-7.052395,1.7608362672937197,-3.807901580752537,6.128008,-8.103015,False,6,"[0.0154327, -0.0290431, 0.2367263]","[0.0971398, -0.1288169, 0.9047737]"
4362,4362,99,73.11450000000002,3.739656,-6.765866,1.7113160471685391,-3.5051594366664114,6.287401,-8.057111,False,6,"[0.0142655, -0.0294829, 0.236881]","[0.0993574, -0.1276545, 0.9017861]"
4363,4363,99,73.13150000000007,4.044697,-6.104719,2.083933212815986,-2.8942740010575063,6.456755,-8.116667,False,6,"[0.0154445, -0.0309877, 0.2370601]","[0.1018295, -0.1283252, 0.8997836]"
4364,4364,99,73.14850000000001,4.007236,-6.439716,1.978040746353369,-3.2187333089338095,6.563392,-8.180902,False,6,"[0.014777, -0.0298657, 0.2374894]","[0.103072, -0.1287875, 0.8958381]"
4365,4365,99,73.16550000000007,4.271461,-7.026978,2.025979218793771,-3.829581402035074,6.595829,-8.438707,False,6,"[0.0158654, -0.030353, 0.2380313]","[0.1031686, -0.1323689, 0.892229]"
4366,4366,99,73.1825,3.995653,-7.300331,1.7659379194134317,-4.063069596437088,6.702488,-8.629715,False,6,"[0.0154077, -0.0296095, 0.2383437]","[0.1042667, -0.1346543, 0.8872476]"
4367,4367,99,73.19850000000008,4.1285,-7.539061,1.8034346554638994,-4.314630544445255,6.794049,-9.034745,False,6,"[0.0162916, -0.0295225, 0.2386372]","[0.1051181, -0.1402953, 0.8823266]"
4368,4368,99,73.21550000000002,4.808991,-7.374463,2.3242318032807603,-4.239620704579036,6.947022,-9.346671,False,6,"[0.0156092, -0.0283321, 0.2388103]","[0.1068466, -0.1443311, 0.8768978]"
4369,4369,99,73.23250000000007,6.683985,-8.088351,3.4826222060907606,-5.18027715634254,7.054567,-10.29739,False,6,"[0.0169342, -0.0256135, 0.2394848]","[0.1077978, -0.1582618, 0.8710836]"
4370,4370,99,73.24850000000004,6.883111,-8.064155,3.629339585329557,-5.1818842918174814,7.242167,-10.60742,False,6,"[0.0166743, -0.0268656, 0.2380222]","[0.1100813, -0.1622315, 0.8662558]"
4371,4371,99,73.26650000000006,6.779011,-7.644574,3.655044492497567,-4.75624786755755,7.095504,-10.36452,False,6,"[0.0177542, -0.0293003, 0.2377064]","[0.1076729, -0.1582041, 0.8650029]"
4372,4372,99,73.28150000000005,6.658746,-7.996403,3.486537397781653,-5.086692825441323,7.7605,-10.47214,False,6,"[0.0165121, -0.0302838, 0.2363915]","[0.1173881, -0.1592122, 0.8613698]"
4373,4373,99,73.29849999999999,6.67287,-7.97355,3.5019519034220754,-5.0660335786214565,8.541222,-10.72589,False,6,"[0.0170662, -0.0312914, 0.2364363]","[0.1286588, -0.1622685, 0.8566599]"
4374,4374,99,73.31550000000004,6.723576,-7.86098,3.564523378877489,-4.96186431509564,8.63344,-11.10537,False,6,"[0.0198983, -0.0306111, 0.2365176]","[0.129561, -0.1674965, 0.8533133]"
4375,4375,99,73.33249999999998,6.915794,-8.410822,3.5703453857388627,-5.526755686039636,8.136122,-11.07656,False,6,"[0.0276103, -0.0334825, 0.2356039]","[0.1218086, -0.1667978, 0.8520207]"
4376,4376,99,73.34850000000006,6.946619,-8.756715,3.510219069878368,-5.87062951229395,8.012959,-11.18326,False,6,"[0.0284206, -0.0333574, 0.2354371]","[0.1198165, -0.1682721, 0.8511417]"
4377,4377,99,73.3655,6.877965,-8.762547,3.4602290747533235,-5.867608367019394,7.829169,-11.82991,False,6,"[0.0280382, -0.0316586, 0.2358706]","[0.1166715, -0.1777253, 0.8485097]"
4378,4378,99,73.38250000000005,6.90963,-8.583471,3.5250761702759554,-5.695649383809781,7.991575,-12.0245,False,6,"[0.0274827, -0.0330699, 0.235412]","[0.1187762, -0.1802092, 0.8460391]"
4379,4379,99,73.39949999999999,6.966229,-8.749923,3.5257124958298105,-5.866454448949875,8.184385,-12.02443,False,6,"[0.0275815, -0.033022, 0.2357532]","[0.121418, -0.1798191, 0.8442125]"
4380,4380,99,73.41550000000007,6.808928,-8.797237,3.403130705435241,-5.892900055007229,8.277507,-12.35707,False,6,"[0.0278186, -0.0325798, 0.2359705]","[0.1223976, -0.1843149, 0.8413172]"
4381,4381,99,73.4325,6.266814,-8.544872,3.079096190222158,-5.575760331886177,8.246832,-12.41784,False,6,"[0.0286088, -0.034875, 0.235865]","[0.1216593, -0.1848272, 0.8393964]"
4382,4382,99,73.44950000000006,6.329875,-8.570321,3.1177149680650227,-5.60881140296516,8.202099,-12.2173,False,6,"[0.0286657, -0.0362406, 0.2352754]","[0.1208947, -0.1816057, 0.8387332]"
4383,4383,99,73.4665,7.737235,-9.275469,3.94708297364209,-6.481258560766899,8.04654,-11.96768,False,6,"[0.0283468, -0.0362231, 0.2350031]","[0.118508, -0.1776892, 0.8382866]"
4384,4384,99,73.48250000000007,7.657845,-9.294124,3.8864536020138627,-6.489471114305521,7.942745,-11.91727,False,6,"[0.0284565, -0.035444, 0.2348207]","[0.1169178, -0.1768557, 0.8379883]"
4385,4385,99,73.49950000000001,7.543352,-10.00052,3.6380271311164556,-7.16912065350195,7.744863,-11.74153,False,6,"[0.0286565, -0.0360975, 0.234531]","[0.1139584, -0.1741569, 0.8379127]"
4386,4386,99,73.51549999999997,7.452823,-10.0877,3.5532758134780256,-7.243259491373633,7.6447,-11.51534,False,6,"[0.0279941, -0.036284, 0.234455]","[0.1125156, -0.170783, 0.8382764]"
4387,4387,99,73.53250000000003,7.086012,-9.770304,3.3687664360916405,-6.884556993948604,7.650855,-11.56248,False,6,"[0.0257687, -0.0352575, 0.2346562]","[0.1123846, -0.1711622, 0.8366181]"
4388,4388,99,73.54950000000008,6.957692,-9.714554,3.2911222213611526,-6.8134060752559416,7.52406,-11.50335,False,6,"[0.026054, -0.0353965, 0.2348709]","[0.1104726, -0.1702202, 0.8364084]"
4389,4389,99,73.56550000000004,6.538379,-9.763488,2.9826474892812063,-6.808039372290181,7.343077,-11.74565,False,6,"[0.027443, -0.0329874, 0.2019844]","[0.1074279, -0.1733297, 0.8336325]"
4390,4390,99,73.58249999999998,6.522989,-9.867345,2.947144699450007,-6.908148002406407,7.190598,-11.94963,False,6,"[0.0271526, -0.0330484, 0.2019441]","[0.1050894, -0.1762875, 0.8329674]"
4391,4391,99,73.59950000000003,4.955205,-9.122597,2.0135759293896487,-5.976329152611602,7.017878,-11.83394,False,6,"[0.0255862, -0.0340711, 0.1932165]","[0.1024019, -0.1742971, 0.8318509]"
4392,4392,99,73.6155,4.823408,-9.213237,1.8987863760310186,-6.048607139132218,6.897651,-11.70394,False,6,"[0.0252599, -0.034353, 0.1930967]","[0.1006665, -0.1723895, 0.8321494]"
4393,4393,99,73.63250000000005,4.748303,-9.953124,1.670312424097132,-6.766193313445611,6.716281,-11.82323,False,6,"[0.02441, -0.0338134, 0.1963656]","[0.0975843, -0.1734673, 0.8286631]"
4394,4394,24,73.64949999999999,4.598905,-10.17731,1.5114205651377333,-6.967476415268341,6.574728,-11.55829,False,6,"[0.0239709, -0.0336271, 0.196426]","[0.0955808, -0.1695984, 0.829284]"
4395,4395,24,73.66550000000007,4.254117,-10.66069,1.152779402382698,-7.398584891743792,6.417621,-11.59291,False,6,"[0.0231294, -0.0347249, 0.2018023]","[0.0929626, -0.1695464, 0.8264855]"
4396,4396,24,73.6825,4.267529,-10.56791,1.184257306705729,-7.30911056575733,6.185319,-11.38791,False,6,"[0.0230067, -0.0349985, 0.2012093]","[0.0896977, -0.1667031, 0.8276564]"
4397,4397,24,73.69950000000006,3.014651,-8.985191,0.6721844561250063,-5.593881237709408,5.987152,-11.29636,False,6,"[0.0174984, -0.0324087, 0.2018247]","[0.0866007, -0.164943, 0.8257319]"
4398,4398,24,73.71550000000002,3.119748,-8.829682,0.7834390748665458,-5.4544459146710915,5.772754,-10.94517,False,6,"[0.0170155, -0.0327071, 0.2016445]","[0.0836734, -0.1600596, 0.8276635]"
4399,4399,24,73.73250000000007,3.777232,-10.40181,0.8764717421149468,-7.083358400756199,5.715377,-10.7391,False,6,"[0.0181766, -0.0384006, 0.2188275]","[0.0828409, -0.1569826, 0.8277109]"
4400,4400,24,73.74950000000001,3.859301,-10.04436,1.0192671541274816,-6.742519433895988,5.717576,-10.25622,False,6,"[0.0175877, -0.0392515, 0.2186472]","[0.0830929, -0.1501647, 0.8299071]"
4401,4401,24,73.76650000000006,5.958771,-10.20442,2.4678066450910876,-7.16749224205454,5.86873,-9.873249,False,6,"[0.0154662, -0.0391392, 0.20792]","[0.0854329, -0.1446597, 0.8311534]"
4402,4402,24,73.78250000000003,6.048939,-10.03661,2.571405691962456,-7.014064158789668,5.945755,-9.675521,False,6,"[0.0155217, -0.0388071, 0.2080082]","[0.0866991, -0.1419302, 0.8324674]"
4403,4403,24,73.79950000000008,4.717237,-8.739597,1.9358329480111758,-5.569577455585326,5.936642,-9.473189,False,6,"[0.0126885, -0.0380961, 0.2409322]","[0.0865773, -0.1389263, 0.8325837]"
4404,4404,24,73.81550000000004,4.751218,-8.636879,1.984228635641795,-5.472958440112845,6.085994,-9.149424,False,6,"[0.0131233, -0.0374022, 0.2407781]","[0.0890732, -0.1345505, 0.8354118]"
4405,4405,24,73.83249999999998,4.222442,-7.874682,1.790429991320889,-4.656455957385243,6.151534,-8.842797,False,6,"[0.014274, -0.0396881, 0.2162048]","[0.0901292, -0.1300967, 0.8362414]"
4406,4406,24,73.84950000000003,4.21535,-8.291183,1.6867289163230368,-5.064889259810124,6.241486,-8.553644,False,6,"[0.0145715, -0.0382597, 0.2160034]","[0.0918571, -0.1263271, 0.8398945]"
4407,4407,24,73.86649999999997,5.041831,-8.374192,2.2522250863120576,-5.251840317772529,6.350261,-8.485685,False,6,"[0.0176388, -0.0304198, 0.1689913]","[0.0935696, -0.1254407, 0.8407803]"
4408,4408,24,73.88250000000005,5.080473,-8.227398,2.3143635838020957,-5.112497618900208,6.502586,-8.279018,False,6,"[0.0178771, -0.0298581, 0.1687033]","[0.0963455, -0.1229961, 0.8452747]"
4409,4409,24,73.89949999999999,4.58134,-7.278836,2.1857073751307965,-4.116614729712855,6.749713,-8.551744,False,6,"[0.0153555, -0.028607, 0.1860875]","[0.1001013, -0.1271849, 0.8457882]"
4410,4410,24,73.91650000000004,4.506227,-7.535754,2.0716555539080708,-4.359537610875043,6.830204,-8.594068,False,6,"[0.0154566, -0.0282473, 0.1859666]","[0.1018203, -0.1284723, 0.850079]"
4411,4411,24,73.9325,-7.933418,-9.398228,-7.177100792886741,-4.604022566880324,7.100946,-8.808739,False,6,"[0.0147063, -0.0275506, 0.1991932]","[0.1060709, -0.131948, 0.8514732]"
4412,4412,24,73.94950000000006,-8.190019,-9.670358,-7.423253436959098,-4.838757535764036,7.29636,-8.872156,False,6,"[0.0146457, -0.028957, 0.198707]","[0.1096273, -0.1336522, 0.8562069]"
4413,4413,24,73.9665,6.298011,-7.764995,3.2859571638697043,-4.813274036628973,7.719256,-9.08309,False,6,"[0.0167088, -0.0278794, 0.1893894]","[0.1162879, -0.1371556, 0.8579125]"
4414,4414,24,73.98250000000007,6.21206,-7.842552,3.2067270875964127,-4.878539041916178,7.888469,-9.655608,False,6,"[0.0168762, -0.0274468, 0.1898244]","[0.1193537, -0.1465565, 0.8614088]"
4415,4415,24,73.99950000000001,6.606441,-8.06568,3.4330910287960155,-5.148109838305634,8.155304,-9.936304,False,6,"[0.0152147, -0.0242521, 0.189874]","[0.1237246, -0.1512441, 0.8633597]"
4416,4416,24,74.01549999999997,6.560461,-8.102641,3.3917793641725904,-5.178573050815117,8.269885,-9.983571,False,6,"[0.0149576, -0.025107, 0.1897911]","[0.1262656, -0.1529212, 0.8687155]"
4417,4417,24,74.0335,6.970674,-8.251753,3.6468889375592406,-5.377419324381379,8.212015,-10.36347,False,6,"[-0.0265273, -0.0315072, 0.1903563]","[0.1256373, -0.1592056, 0.8705693]"
4418,4418,24,74.04950000000008,6.93028,-8.41679,3.579187756592548,-5.53446789043097,8.274399,-10.60397,False,6,"[-0.0273477, -0.0323786, 0.1900146]","[0.1271718, -0.1637146, 0.874466]"
4419,4419,24,74.06650000000002,7.128166,-8.419056,3.718757664615925,-5.5619238079973945,8.36065,-10.64475,False,6,"[0.021015, -0.0259646, 0.1904117]","[0.1288694, -0.1648105, 0.876869]"
4420,4420,24,74.08249999999998,7.162392,-8.471984,3.73045027054622,-5.618305026452663,8.264645,-10.68181,False,6,"[0.0207514, -0.0262595, 0.1906458]","[0.1280544, -0.1662881, 0.8815887]"
4421,4421,24,74.09950000000003,7.320266,-8.501214,3.8353025100847904,-5.667159970425829,8.478801,-10.8338,False,6,"[0.0221017, -0.0270427, 0.1908314]","[0.1316313, -0.1689813, 0.8830007]"
4422,4422,24,74.11649999999997,7.349923,-8.486499,3.8597865521764083,-5.656479089697988,8.51972,-10.77688,False,6,"[0.0219851, -0.0272161, 0.1911668]","[0.132829, -0.1687748, 0.886692]"
4423,4423,24,74.13350000000003,7.937832,-8.560037,4.258613457871931,-5.803706009605867,8.536481,-10.82518,False,6,"[0.023476, -0.027846, 0.192009]","[0.1332213, -0.1697115, 0.8875389]"
4424,4424,24,74.14949999999999,7.857962,-8.378023,4.245187892051694,-5.614639732489121,8.443504,-10.87104,False,6,"[0.0233171, -0.0283847, 0.1918321]","[0.1321898, -0.1710181, 0.8905085]"
4425,4425,24,74.16650000000004,7.950032,-8.115898,4.372479241064422,-5.368761290698575,8.495151,-10.81946,False,6,"[0.0240088, -0.0284151, 0.1919849]","[0.1332162, -0.1704505, 0.8918869]"
4426,4426,24,74.18349999999998,7.862424,-8.10589,4.312822383251777,-5.347756098017645,8.411777,-10.6515,False,6,"[0.0241445, -0.0286191, 0.1921374]","[0.1323761, -0.1683606, 0.8951763]"
4427,4427,24,74.19950000000006,7.63662,-8.107928,4.152466309872606,-5.320970831718985,8.370732,-10.47701,False,6,"[0.0247329, -0.0287779, 0.1925298]","[0.1318263, -0.1656721, 0.8958927]"
4428,4428,24,74.2165,7.599339,-8.110209,4.1255302760099015,-5.318459569128444,8.151258,-10.36473,False,6,"[0.0248542, -0.0287506, 0.1926853]","[0.1286816, -0.164316, 0.8984017]"
4429,4429,24,74.23250000000007,7.250935,-8.242167,3.8475898440029654,-5.403729245358229,7.947063,-10.14637,False,6,"[0.0268901, -0.0290284, 0.1928512]","[0.1255046, -0.1608937, 0.8990375]"
4430,4430,24,74.24950000000001,7.220824,-8.359947,3.7983656089810265,-5.515644599255583,7.825501,-10.01882,False,6,"[0.0266411, -0.0284289, 0.1930323]","[0.1238154, -0.1591567, 0.9008921]"
4431,4431,24,74.26650000000006,6.866742,-8.098598,3.6095896105547434,-5.213647979151777,7.721699,-9.889524,False,6,"[0.0270222, -0.0275935, 0.193497]","[0.1220442, -0.1569214, 0.9000911]"
4432,4432,24,74.2835,6.706447,-8.068482,3.5032331764908387,-5.163613615509576,7.531766,-9.637987,False,6,"[0.02673, -0.0275687, 0.1935648]","[0.1192654, -0.1531849, 0.902046]"
4433,4433,24,74.30050000000006,7.120193,-7.879577,3.8409291091024196,-5.0307069729099245,7.567178,-9.418626,False,6,"[0.0259727, -0.0275966, 0.1937116]","[0.1197637, -0.1495479, 0.9015266]"
4434,4434,24,74.31650000000002,7.195815,-7.793504,3.9148637307392313,-4.955755571476076,7.504367,-9.11964,False,6,"[0.025892, -0.0276554, 0.1940689]","[0.1189128, -0.1449066, 0.9027003]"
4435,4435,24,74.33450000000005,7.124151,-7.469349,3.9409250215081855,-4.628039219226657,7.521133,-8.807534,False,6,"[0.0246801, -0.0280982, 0.1939763]","[0.1190987, -0.1397697, 0.902073]"
4436,4436,24,74.35050000000001,7.198513,-7.420629,4.005117653181337,-4.589637732510725,7.373663,-8.528675,False,6,"[0.024605, -0.0285383, 0.1942006]","[0.1168615, -0.1354213, 0.9030335]"
4437,4437,24,74.36649999999997,6.178655,-8.027061,3.1393608237275155,-5.055615745189262,7.380107,-8.259372,False,6,"[0.0234406, -0.027698, 0.1946501]","[0.1167159, -0.1308056, 0.9011123]"
4438,4438,24,74.38350000000003,6.89527,-7.904733,3.675719549679153,-5.0267544137797815,7.347829,-8.170465,False,6,"[0.022951, -0.0276691, 0.1951831]","[0.1161528, -0.1293258, 0.9007475]"
4439,4439,24,74.40050000000008,6.922642,-7.904863,3.695068608598403,-5.030371890176046,7.398958,-8.006965,False,6,"[0.0244302, -0.0270673, 0.1955752]","[0.1166289, -0.126334, 0.8981206]"
4440,4440,24,74.41750000000002,5.674755,-7.94587,2.801826966057239,-4.9115779308524,7.375876,-7.943564,False,6,"[0.0247266, -0.026805, 0.1958465]","[0.1161227, -0.1251716, 0.8970524]"
4441,4441,24,74.43349999999998,6.800562,-7.773855,3.639672982490465,-4.8860529064729965,7.458564,-7.866348,False,6,"[0.0245353, -0.0257374, 0.1963063]","[0.1170079, -0.1234841, 0.8937573]"
4442,4442,24,74.45050000000003,6.899489,-7.740859,3.71753264730399,-4.866236820156316,7.375547,-7.813339,False,6,"[0.0248159, -0.0255901, 0.1964788]","[0.1155, -0.1224391, 0.8922824]"
4443,4443,24,74.46749999999997,6.85812,-7.72915,3.691016828574591,-4.849454988229399,7.330733,-7.634659,False,6,"[0.0214483, -0.0279397, 0.1981225]","[0.114484, -0.1192859, 0.8899]"
4444,4444,24,74.48350000000005,6.98193,-7.651462,3.7970827825427462,-4.788887957449403,7.470544,-7.336733,False,6,"[0.0237708, -0.0272925, 0.1965669]","[0.116294, -0.1141878, 0.8868634]"
4445,4445,24,74.50049999999999,6.921997,-7.831367,3.7120250324826847,-4.958057737263975,7.541554,-7.120793,False,6,"[0.0238874, -0.0273173, 0.1967425]","[0.1169811, -0.1103848, 0.8836075]"
4446,4446,24,74.52350000000001,7.054169,-7.442961,3.897628526755069,-4.5931829258307735,7.577227,-7.069201,False,6,"[0.0199498, -0.0280225, 0.2007661]","[0.1171575, -0.1092193, 0.8807247]"
4447,4447,24,74.5335,7.075642,-7.362342,3.9319325072957074,-4.516688152594948,7.823097,-6.948741,False,6,"[0.0235563, -0.0269668, 0.1975324]","[0.1204357, -0.1068338, 0.8765742]"
4448,4448,24,74.55150000000003,7.150849,-7.256733,4.010201883150533,-4.42248384740815,7.981501,-6.814707,False,6,"[0.0238908, -0.026838, 0.1974375]","[0.1224309, -0.1043485, 0.8731867]"
4449,4449,24,74.5675,7.150067,-7.194575,4.0243750444084965,-4.361295222467731,8.377176,-6.774127,False,6,"[0.0237733, -0.0268275, 0.1976628]","[0.1278643, -0.1031395, 0.8682886]"
4450,4450,24,74.58450000000005,7.22516,-6.66019,4.204151783675094,-3.8456750285251644,8.638794,-6.720633,False,6,"[0.0242382, -0.0265891, 0.1979199]","[0.1311858, -0.1017498, 0.8634714]"
4451,4451,24,74.60050000000001,7.384822,-6.898781,4.260666945838709,-4.100518066470154,8.919429,-6.465701,True,6,"[0.0240367, -0.0272319, 0.1979912]","[0.1348907, -0.097405, 0.8594869]"
4452,4452,24,74.61750000000006,7.298681,-6.696297,4.24765127150061,-3.890534356316908,9.18427,-6.423851,True,6,"[0.024503, -0.0258684, 0.198013]","[0.1381412, -0.096196, 0.8543955]"
4453,4453,24,74.6345,7.312145,-6.566369,4.287967310679686,-3.764557579364328,9.600124,-6.4571,True,6,"[0.0246487, -0.0256583, 0.1985797]","[0.1436372, -0.0961127, 0.849223]"
4454,4454,24,74.65050000000008,7.241951,-6.923952,4.1535480972012735,-4.107041226773808,9.899305,-6.480578,True,6,"[0.0248912, -0.0252637, 0.1984026]","[0.1471282, -0.0957659, 0.8430669]"
4455,4455,24,74.66750000000002,7.215261,-6.632726,4.203650045831756,-3.8174213462190663,10.28369,-6.556437,True,6,"[0.0249235, -0.0250803, 0.198682]","[0.15205, -0.0963181, 0.8380334]"
4456,4456,24,74.68450000000007,7.424894,-6.842661,4.3023349026887345,-4.050472152260113,10.50141,-6.630427,True,6,"[0.02511, -0.023128, 0.1980664]","[0.1543486, -0.0967921, 0.8326763]"
4457,4457,24,74.70150000000001,7.241507,-6.977157,4.14062810258002,-4.1592745317618665,10.62709,-6.515471,False,6,"[0.0256197, -0.0239165, 0.1976707]","[0.1556776, -0.0947577, 0.8296862]"
4458,4458,24,74.71850000000006,7.363186,-7.18951,4.176467088086845,-4.383488314421817,10.81248,-6.299834,False,6,"[0.0252245, -0.0231227, 0.1969438]","[0.1576853, -0.0911489, 0.8256383]"
4459,4459,24,74.73450000000003,7.356627,-7.390675,4.124162030827161,-4.580357197709017,11.2237,-6.78598,False,6,"[0.0252702, -0.0226688, 0.1969333]","[0.1631131, -0.0978132, 0.8219966]"
4460,4460,24,74.75150000000008,7.482517,-7.327004,4.228379673214314,-4.533831267854446,11.47364,-6.616856,False,6,"[0.0249007, -0.0237963, 0.1959551]","[0.1660199, -0.0948828, 0.8179401]"
4461,4461,24,74.76750000000004,7.607165,-6.94611,4.406876256376652,-4.175380005149716,12.03081,-6.642054,False,6,"[0.0247737, -0.0227547, 0.1956845]","[0.1737155, -0.094918, 0.8151116]"
4462,4462,24,74.78449999999998,7.671815,-7.052521,4.427438091316997,-4.288203171689076,12.1456,-6.592192,False,6,"[0.0254633, -0.0234466, 0.1953918]","[0.1746484, -0.0937829, 0.8115106]"
4463,4463,24,74.80050000000006,11.96361,-7.341856,7.39755381200953,-5.119731542337951,12.5289,-6.403416,False,6,"[0.0247786, -0.0238649, 0.1950069]","[0.1799473, -0.0908776, 0.8097566]"
4464,4464,24,74.8175,11.92629,-7.162664,7.413585792952468,-4.938863515398846,12.73885,-6.424232,False,6,"[0.0252383, -0.0246366, 0.1953064]","[0.1823258, -0.0908081, 0.8064932]"
4465,4465,24,74.83450000000005,12.26868,-7.786141,7.508286199229187,-5.59526915183318,12.95726,-6.356795,False,6,"[0.0251576, -0.0252753, 0.1948573]","[0.1852379, -0.089691, 0.8050932]"
4466,4466,24,74.85050000000001,12.1797,-7.831507,7.434538414448866,-5.628510646247883,13.03545,-6.363777,False,6,"[0.0256195, -0.0250812, 0.1950596]","[0.1857663, -0.0894874, 0.8023772]"
4467,4467,24,74.86850000000004,11.64671,-7.689562,7.090802510483913,-5.421055014298488,13.19672,-6.705434,False,6,"[0.0261249, -0.0238312, 0.1956103]","[0.1876344, -0.0940776, 0.8001896]"
4468,4468,24,74.8845,11.96719,-7.92683,7.26149310874929,-5.695100822892791,13.02014,-7.044393,False,6,"[0.0263087, -0.0241624, 0.1953065]","[0.1844148, -0.0985491, 0.7975094]"
4469,4469,24,74.90050000000008,11.65872,-7.650106,7.108653945106869,-5.383808809203036,13.00686,-6.975715,False,6,"[0.0412308, -0.0250712, 0.194583]","[0.1841772, -0.097556, 0.7973236]"
4470,4470,24,74.91750000000002,11.56797,-7.659919,7.042076390435358,-5.381883129265266,12.86886,-7.086238,False,6,"[0.0411406, -0.0244779, 0.1947833]","[0.1817145, -0.0988775, 0.7953936]"
4471,4471,24,74.93450000000007,11.33887,-7.642609,6.8839707303667,-5.335662421159207,12.78693,-7.070748,False,6,"[0.042211, -0.0265415, 0.1941069]","[0.1804903, -0.0986439, 0.7952708]"
4472,4472,24,74.95050000000003,11.24668,-7.620177,6.824013301233565,-5.301862743973268,12.63262,-6.836015,False,6,"[0.0418452, -0.0266661, 0.1938742]","[0.1780562, -0.0952393, 0.7944527]"
4473,4473,24,74.96850000000006,10.93525,-7.349184,6.667720583830202,-4.995825784659693,12.61373,-6.686628,False,6,"[0.0397096, -0.0260119, 0.1926527]","[0.1779514, -0.093228, 0.7952136]"
4474,4474,24,74.98350000000005,10.80875,-7.386096,6.569410946944891,-5.015975180327126,12.4713,-6.610985,False,6,"[0.0409611, -0.026908, 0.193251]","[0.1757036, -0.0920731, 0.7944306]"
4475,4475,24,75.00150000000008,10.87513,-7.413229,6.609980652415463,-5.051104433894959,12.57742,-6.394598,False,6,"[0.0398379, -0.025933, 0.1930703]","[0.17739, -0.0891053, 0.7950687]"
4476,4476,24,75.01850000000002,10.85284,-7.605507,6.5486433285991055,-5.237233589937568,12.59692,-6.38213,False,6,"[0.0395728, -0.0260018, 0.1933322]","[0.1774663, -0.0888262, 0.7941391]"
4477,4477,24,75.03449999999998,10.97053,-7.692258,6.611416380327805,-5.337497072797853,12.707,-6.367851,False,6,"[0.0387537, -0.0259328, 0.1932608]","[0.1792108, -0.088696, 0.7947684]"
4478,4478,24,75.05050000000006,10.82541,-7.831265,6.475734519763801,-5.455611604429916,12.81237,-6.48993,False,6,"[0.0384307, -0.025856, 0.1932627]","[0.1805131, -0.0902937, 0.7937378]"
4479,4479,24,75.0675,11.13704,-8.193006,6.610668302304988,-5.850861260440316,12.90334,-6.608776,False,6,"[0.0373367, -0.0249241, 0.1932465]","[0.1820607, -0.0920739, 0.7947056]"
4480,4480,24,75.08450000000005,11.01505,-8.254901,6.509632708914891,-5.896138955227049,12.90477,-6.882513,False,6,"[0.0369179, -0.0250667, 0.19337]","[0.1819297, -0.0958439, 0.7940429]"
4481,4481,24,75.10149999999999,10.77409,-8.222306,6.346751369613123,-5.833384082685268,13.06981,-7.027884,False,6,"[0.0371513, -0.0251606, 0.1933762]","[0.1843474, -0.0978932, 0.7940811]"
4482,4482,24,75.11750000000006,10.81518,-8.400349,6.333660842923783,-6.01360351663187,13.0289,-7.078928,False,6,"[0.0370335, -0.0257931, 0.1931684]","[0.1837462, -0.0986095, 0.7940649]"
4483,4483,24,75.13549999999998,10.67765,-8.373023,6.242761407932397,-5.969213523399035,13.02509,-7.207075,False,6,"[0.0374397, -0.0260871, 0.193141]","[0.1837512, -0.1004464, 0.7943267]"
4484,4484,24,75.15050000000008,10.5256,-8.173249,6.182438929140076,-5.753490329841756,12.99577,-7.207625,False,6,"[0.0368936, -0.0265365, 0.1929378]","[0.1834483, -0.1005229, 0.7948697]"
4485,4485,24,75.16750000000002,10.42846,-8.313799,6.080362179249154,-5.8792383913651,12.90507,-6.990784,False,6,"[0.0380741, -0.0278457, 0.1934032]","[0.1826941, -0.0977733, 0.7973602]"
4486,4486,24,75.18450000000007,10.42632,-8.022396,6.147887897181673,-5.592574484834453,12.78634,-6.801486,False,6,"[0.0374382, -0.0279037, 0.1923329]","[0.1809929, -0.0951199, 0.7975234]"
4487,4487,24,75.20150000000001,9.859672,-7.108658,5.96317917401288,-4.622309021824486,12.72544,-6.674368,False,6,"[0.036583, -0.0277797, 0.1922473]","[0.1806166, -0.0935926, 0.7998033]"
4488,4488,24,75.21850000000006,10.07419,-6.898296,6.1649018810670215,-4.442914439020966,12.6864,-6.508749,False,6,"[0.0366046, -0.028296, 0.1916121]","[0.1804237, -0.0914423, 0.8014903]"
4489,4489,24,75.23450000000003,9.626547,-8.093403,5.56481110569108,-5.560395517686469,12.79336,-6.427008,False,6,"[0.0361226, -0.0281984, 0.1915832]","[0.1824052, -0.0904869, 0.8032902]"
4490,4490,24,75.25049999999999,9.622188,-7.185557,5.776816955489677,-4.667608091922182,12.82316,-6.269005,False,6,"[0.0355183, -0.0274559, 0.1911628]","[0.1833348, -0.0884808, 0.8054436]"
4491,4491,24,75.26750000000004,10.10288,-7.211957,6.110900538439494,-4.754838437463746,12.98691,-6.255149,False,6,"[0.0351573, -0.0279141, 0.1910223]","[0.1862641, -0.0885244, 0.8076398]"
4492,4492,24,75.28449999999998,9.757424,-7.439003,5.812518546312123,-4.933936513590337,13.07224,-5.930213,False,6,"[0.0350639, -0.0268568, 0.1905553]","[0.1881968, -0.0841897, 0.8105066]"
4493,4493,24,75.30150000000003,10.26004,-7.317071,6.1972683793975305,-4.878181200738573,13.27126,-6.383843,False,6,"[0.0331776, -0.0238062, 0.190892]","[0.1917645, -0.0909652, 0.8130425]"
4494,4494,24,75.3175,10.01464,-7.284521,6.031232780046212,-4.814904489540726,13.07265,-6.702568,False,6,"[0.033834, -0.02304, 0.1904399]","[0.1895382, -0.0959252, 0.8162568]"
4495,4495,24,75.33550000000002,10.22666,-7.543931,6.11988577333003,-5.096883683928337,13.0503,-6.424908,False,6,"[0.0322199, -0.027013, 0.1899603]","[0.1908116, -0.0926989, 0.8231983]"
4496,4496,24,75.35050000000001,9.989691,-7.352628,5.997432145178528,-4.87865929801334,13.4883,-6.66811,False,6,"[0.0320719, -0.0238499, 0.1891748]","[0.197921, -0.0964664, 0.8251425]"
4497,4497,24,75.36750000000006,10.43978,-7.673472,6.24008689688033,-5.251367774938392,13.5178,-7.126735,False,6,"[0.0338759, -0.0240584, 0.1901229]","[0.1993164, -0.10366, 0.8290782]"
4498,4498,24,75.3845,10.45029,-7.756493,6.227858349353801,-5.334300813597742,13.39436,-6.955123,False,6,"[0.032529, -0.0246986, 0.1891607]","[0.1985114, -0.1016939, 0.8336275]"
4499,4499,24,75.40050000000008,10.76326,-8.030941,6.384422835463983,-5.643929687095729,13.41416,-7.314981,False,6,"[0.0343848, -0.024392, 0.1899602]","[0.1995616, -0.1074131, 0.8367543]"
4500,4500,24,75.41750000000002,10.70605,-8.290529,6.282414062563125,-5.891759136251308,13.34503,-7.539131,False,6,"[0.0335307, -0.0242718, 0.1898783]","[0.1993864, -0.1112396, 0.8405129]"
4501,4501,24,75.43450000000007,10.8992,-8.35676,6.403475843066424,-5.981476098516111,13.41977,-7.916925,False,6,"[0.0343584, -0.0252214, 0.1904472]","[0.2011411, -0.1172313, 0.8430115]"
4502,4502,24,75.45050000000003,10.68536,-8.248888,6.277631002624165,-5.848196521687554,13.44182,-8.219755,False,6,"[0.0335835, -0.0246024, 0.1906618]","[0.2021814, -0.122198, 0.8459293]"
4503,4503,24,75.46850000000006,10.63351,-8.038083,6.290865420917486,-5.634406756652727,13.47712,-8.464681,False,6,"[0.0350899, -0.0256594, 0.190445]","[0.2034228, -0.1263206, 0.8488098]"
4504,4504,24,75.48450000000003,10.80827,-7.726239,6.488482461467689,-5.3502067640086155,13.28567,-8.310808,False,6,"[0.0350885, -0.0259127, 0.1902416]","[0.201455, -0.1246281, 0.8531679]"
4505,4505,24,75.50150000000008,11.09103,-7.81886,6.666737233415482,-5.477284399165108,13.20104,-8.202673,False,6,"[0.0361759, -0.0268502, 0.1903034]","[0.2010644, -0.1235613, 0.8571725]"
4506,4506,24,75.51850000000002,11.01298,-7.556166,6.673715429622651,-5.209157796774021,12.96461,-7.708592,False,6,"[0.0359013, -0.0276702, 0.1898921]","[0.1984562, -0.1166836, 0.8620369]"
4507,4507,24,75.53449999999998,11.17819,-7.800499,6.732798246055334,-5.470351402237028,12.8645,-7.439261,False,6,"[0.0366154, -0.0279331, 0.1901556]","[0.1977934, -0.1130873, 0.8660768]"
4508,4508,24,75.55050000000006,11.22703,-7.65229,6.802492357539533,-5.3309182042617005,12.72217,-7.165795,False,6,"[0.0359028, -0.0275851, 0.1902768]","[0.1963075, -0.1093182, 0.8695167]"
4509,4509,24,75.56849999999997,11.37108,-7.917863,6.8415612173498666,-5.610288764967788,12.84522,-7.189391,False,6,"[0.0358652, -0.0269765, 0.1910261]","[0.1987894, -0.1099686, 0.8717893]"
4510,4510,24,75.58450000000005,11.12249,-7.865592,6.677939454487077,-5.527223541456908,12.63867,-7.097181,False,6,"[0.0365023, -0.0259407, 0.1912017]","[0.1960926, -0.1088804, 0.874495]"
4511,4511,24,75.60149999999999,20.89734,-5.965958,14.04877805394117,-4.90647754246415,12.53365,-7.106986,False,6,"[0.0374882, -0.0262604, 0.1912373]","[0.1948962, -0.1093052, 0.876683]"
4512,4512,24,75.61750000000006,20.71037,-5.770667,13.96266946045888,-4.690708222189028,12.27179,-7.128177,False,6,"[0.0372066, -0.02536, 0.1911801]","[0.1912794, -0.1099701, 0.8793665]"
4513,4513,24,75.6345,8.315976,-7.65382,4.741052232912033,-4.96128565656183,12.05379,-6.93777,False,6,"[0.0378206, -0.0262189, 0.1913904]","[0.1882734, -0.1072854, 0.8816855]"
4514,4514,24,75.65150000000006,8.391141,-7.287423,4.881079265758607,-4.610773366711805,11.71281,-6.681499,False,6,"[0.0379481, -0.0256863, 0.1911786]","[0.1834415, -0.1036516, 0.8848093]"
4515,4515,24,75.6685,-12.42679,-13.59336,-11.352422317216845,-8.15413205662357,11.45038,-6.441297,False,6,"[0.0384251, -0.0265732, 0.1910648]","[0.1798124, -0.1002241, 0.8877412]"
4516,4516,24,75.68450000000007,-12.68662,-13.53661,-11.522941008072287,-8.065231858153506,11.20644,-6.12217,False,6,"[0.0375816, -0.0264083, 0.1911578]","[0.1764175, -0.09551, 0.8904482]"
4517,4517,24,75.70150000000001,-13.6908,-14.34163,-12.424648148509583,-8.728381117349489,11.10825,-5.914768,False,6,"[0.0731928, -0.0200333, 0.1916998]","[0.1751257, -0.0924057, 0.891943]"
4518,4518,24,75.71850000000006,-13.88747,-14.26811,-12.546475199333901,-8.631051748748458,10.9293,-5.70294,False,6,"[0.0725587, -0.0193949, 0.191916]","[0.1725849, -0.0892554, 0.8937593]"
4519,4519,24,75.73450000000003,-12.93806,-12.68106,-11.498263137892636,-7.19234011559312,10.82838,-5.588139,False,6,"[0.0280586, -0.0257965, 0.1919599]","[0.1713725, -0.0876619, 0.8959551]"
4520,4520,24,75.75150000000008,-13.06399,-12.69612,-11.5909919031212,-7.1910860207432075,10.80558,-5.49216,False,6,"[0.0283618, -0.0245877, 0.1922717]","[0.1712064, -0.0862494, 0.8970208]"
4521,4521,24,75.76850000000002,-22.77072,-4.311114,-16.47690424540851,2.2872346545223072,10.82434,-5.523539,False,6,"[-0.0389767, -0.0427705, 0.1768818]","[0.171703, -0.0868424, 0.8980255]"
4522,4522,24,75.78449999999998,-23.01839,-4.407559,-16.675109282573626,2.2240243958526444,10.76725,-5.481175,False,6,"[-0.0398711, -0.0426412, 0.1771148]","[0.1707402, -0.0861544, 0.8978393]"
4523,4523,24,75.80150000000003,-22.71341,-4.454133,-16.470212638090192,2.1393689114340035,10.64277,-5.462365,False,6,"[-0.0428137, -0.0449345, 0.1757516]","[0.1687844, -0.0858898, 0.8981829]"
4524,4524,24,75.81849999999997,-22.97549,-4.496859,-16.665892795051455,2.130790884177282,10.58365,-5.395845,False,6,"[-0.0434538, -0.0446949, 0.1757536]","[0.1678635, -0.084857, 0.8983886]"
4525,4525,24,75.83450000000005,-22.66874,-4.46774,-16.441809338162408,2.1203008725244223,10.47052,-5.422961,False,6,"[-0.0406107, -0.0397767, 0.1767756]","[0.1660217, -0.0852825, 0.8983521]"
4526,4526,24,75.85149999999999,-22.83275,-4.364866,-16.533557813751543,2.242315482742782,10.27191,-5.519884,False,6,"[-0.041037, -0.0398422, 0.1768494]","[0.1627239, -0.0867738, 0.8979138]"
4527,4527,24,75.86850000000004,-22.81892,-4.464364,-16.547339568322926,2.1427655632881217,10.16708,-5.491778,False,6,"[-0.0754812, -0.0135558, 0.1798199]","[0.1608557, -0.0862371, 0.8969554]"
4528,4528,24,75.8845,-22.83625,-4.294104,-16.519270535287344,2.3123066483236774,10.02062,-5.491348,False,6,"[-0.0764416, -0.0138683, 0.1799244]","[0.1583705, -0.0861651, 0.8962771]"
4529,4529,24,75.90150000000006,-22.61166,-4.337931,-16.37064059508423,2.2406000030804205,9.885431,-5.487009,True,6,"[-0.0755708, -0.0140633, 0.1805391]","[0.1559885, -0.0859852, 0.8951179]"
4530,4530,24,75.9185,-23.3228,-3.572449,-16.692777870035155,3.083580945741555,9.748013,-5.564998,True,6,"[-0.076607, -0.0142106, 0.1806896]","[0.1534491, -0.0870288, 0.893207]"
4531,4531,24,75.93550000000005,-22.74661,-3.707945,-16.316927669158517,2.8769557391109797,9.785753,-5.529675,True,6,"[-0.0756385, -0.0141501, 0.1810972]","[0.1535689, -0.0862002, 0.8903889]"
4532,4532,24,75.95150000000001,-23.28083,-3.817845,-16.72120300154821,2.8370547429766195,9.79412,-5.529239,True,6,"[-0.0763815, -0.0138472, 0.181414]","[0.1532528, -0.085941, 0.8877823]"
4533,4533,24,75.96850000000006,-22.44279,-4.044557,-16.181569797215623,2.507398594877069,9.874843,-5.390588,False,6,"[-0.0763116, -0.0141607, 0.1813705]","[0.154042, -0.0835024, 0.8849146]"
4534,4534,24,75.98450000000003,-22.40501,-3.976182,-16.138621091707464,2.5697809434859913,10.00121,-5.233441,False,6,"[-0.0765479, -0.0136492, 0.1817783]","[0.1553287, -0.0806779, 0.8808044]"
4535,4535,24,76.00150000000008,11.17445,-4.852914,7.428509060878395,-2.5729859688538,10.18395,-5.07654,False,6,"[-0.0759669, -0.0138357, 0.1823941]","[0.1574997, -0.0778865, 0.876756]"
4536,4536,24,76.02350000000001,11.0602,-4.844287,7.349662002219595,-2.54994138083452,10.29497,-5.082008,False,6,"[-0.0797983, -0.0115553, 0.1850868]","[0.1584231, -0.0775641, 0.8721812]"
4537,4537,24,76.0385,9.984352,-4.572761,6.652274126032947,-2.1459233733223817,10.36958,-5.011477,False,6,"[-0.0779684, -0.0120517, 0.1859644]","[0.1588618, -0.0761299, 0.8681661]"
4538,4538,24,76.0575,9.707146,-4.288064,6.523459435415976,-1.830781400970408,10.49722,-4.903245,False,6,"[-0.0798944, -0.0123912, 0.1856837]","[0.1599008, -0.0740329, 0.8629818]"
4539,4539,24,76.06849999999997,9.906096,-4.881556,6.523706007938999,-2.4394302991034165,10.56296,-4.921713,False,6,"[-0.0757828, -0.0129731, 0.1834737]","[0.1600621, -0.0739145, 0.8583527]"
4540,4540,24,76.08550000000002,9.765714,-5.202981,6.34815921269447,-2.7374294268772017,10.63396,-4.992109,False,6,"[-0.0755174, -0.0127322, 0.1831735]","[0.1600949, -0.0744801, 0.8526641]"
4541,4541,24,76.10350000000005,10.01979,-5.105511,6.5511426598595905,-2.6740285115376663,10.56983,-4.835045,False,6,"[0.0361456, -0.0155352, 0.1829768]","[0.1581646, -0.0716982, 0.8476132]"
4542,4542,24,76.11850000000004,9.897359,-5.561452,6.356435184721838,-3.1065186685439423,10.62003,-4.749235,False,6,"[0.0356331, -0.0154495, 0.1822937]","[0.1579403, -0.0699799, 0.8423178]"
4543,4543,24,76.13549999999998,10.07969,-5.659301,6.462345803695762,-3.2259304870138985,10.72818,-4.64992,False,6,"[0.0321952, -0.0146267, 0.1828803]","[0.1587327, -0.0681434, 0.8378106]"
4544,4544,24,76.15250000000003,10.01628,-5.705903,6.406409190134647,-3.2636466947351845,10.91492,-4.830815,False,6,"[0.0311944, -0.0136734, 0.182358]","[0.1603255, -0.0702643, 0.8313926]"
4545,4545,24,76.16950000000008,9.761938,-5.462546,6.283988104491956,-2.992048681644781,10.95374,-4.85267,False,6,"[0.0319701, -0.0156349, 0.1830652]","[0.1600629, -0.0702122, 0.8270167]"
4546,4546,24,76.18650000000002,10.52558,-5.305039,6.861977587857377,-2.9346089727533515,11.24817,-4.820144,False,6,"[0.0313664, -0.0165949, 0.1822421]","[0.1632055, -0.0692005, 0.8206263]"
4547,4547,24,76.20350000000008,10.90959,-5.109943,7.180086714811639,-2.79182670749182,11.52341,-4.659795,False,6,"[0.0322617, -0.016314, 0.1825964]","[0.166254, -0.0664669, 0.8154594]"
4548,4548,24,76.21950000000004,10.77212,-5.202456,7.060836815354473,-2.8652222173496043,11.79539,-4.312534,False,6,"[0.0317544, -0.017721, 0.1819938]","[0.1691563, -0.0610848, 0.810031]"
4549,4549,24,76.23649999999998,10.92746,-5.140085,7.1855975742160085,-2.823728569188221,11.97925,-3.904608,False,6,"[0.0324457, -0.0180874, 0.1825236]","[0.1709067, -0.0549777, 0.8054867]"
4550,4550,24,76.25250000000005,10.86803,-5.240801,7.119657870630654,-2.9151354725525094,12.16866,-3.589197,False,6,"[0.0321784, -0.0182039, 0.1821899]","[0.1724562, -0.0501652, 0.7997589]"
4551,4551,24,76.27150000000006,11.08916,-5.041306,7.323487318246193,-2.7472639624128403,12.28527,-3.526132,False,6,"[0.0319113, -0.0177374, 0.1854812]","[0.173113, -0.0489851, 0.7949497]"
4552,4552,24,76.28650000000005,10.93631,-4.77471,7.278430278114254,-2.465766066574795,12.33561,-3.578586,False,6,"[0.0337617, -0.0168728, 0.1817092]","[0.1726947, -0.0493868, 0.7896909]"
4553,4553,24,76.30250000000001,11.08527,-4.595598,7.426332833870313,-2.3087258821681003,12.31941,-3.555841,False,6,"[0.0350438, -0.0162585, 0.181816]","[0.1715662, -0.0488176, 0.785595]"
4554,4554,24,76.31950000000006,10.84144,-4.612378,7.249721274755702,-2.29413089221251,12.3294,-3.490635,False,6,"[0.0345244, -0.0165223, 0.181463]","[0.1707406, -0.0476497, 0.7811613]"
4555,4555,24,76.3365,10.79004,-4.403162,7.262897825969694,-2.081960168917411,12.27559,-3.160033,False,6,"[0.0349685, -0.0162924, 0.1811214]","[0.1693959, -0.0429809, 0.7785134]"
4556,4556,24,76.35250000000008,10.53348,-4.516535,7.054387832670215,-2.1606738736085846,12.28845,-2.871495,False,6,"[0.034632, -0.0165457, 0.1803833]","[0.1688451, -0.0388805, 0.7751445]"
4557,4557,24,76.37049999999999,10.49479,-4.167462,7.109699013570056,-1.8126720161675136,12.10801,-2.466281,False,6,"[0.0353041, -0.0158899, 0.1801268]","[0.1658873, -0.0333057, 0.7732676]"
4558,4558,24,76.38549999999998,10.2949,-4.218248,6.956140853023267,-1.8371001474884396,12.05988,-2.414078,False,6,"[0.0347292, -0.0150127, 0.1797326]","[0.1645975, -0.0324794, 0.7704104]"
4559,4559,24,76.40250000000003,10.16972,-4.549476,6.789034759004269,-2.1466718046589364,11.95001,-2.320397,False,6,"[0.0351988, -0.0144408, 0.1796544]","[0.1625215, -0.0311158, 0.7678977]"
4560,4560,24,76.41950000000008,10.04717,-4.726122,6.660415208442199,-2.304655467485274,11.87005,-2.23128,False,6,"[0.0343985, -0.0144907, 0.1796174]","[0.1609066, -0.0298276, 0.7655396]"
4561,4561,24,76.4375,9.90052,-4.687722,6.565682368240563,-2.248219211789511,11.75698,-2.217227,False,6,"[0.0342248, -0.0138281, 0.1795821]","[0.1589895, -0.0295763, 0.7639046]"
4562,4562,24,76.45350000000008,9.670974,-4.779255,6.381473222371806,-2.3089126192571046,11.728,-2.218909,False,6,"[0.0334003, -0.014189, 0.1796258]","[0.158101, -0.0295081, 0.7615666]"
4563,4563,24,76.47050000000002,9.466351,-4.854684,6.218725452886719,-2.356956488469481,11.67649,-2.259527,False,6,"[0.0332703, -0.0130866, 0.1796014]","[0.1570436, -0.0299833, 0.7599052]"
4564,4564,24,76.48649999999998,9.527581,-4.922952,6.245902926509074,-2.43185666495578,11.64222,-2.313777,False,6,"[0.0326235, -0.013247, 0.1796063]","[0.1561195, -0.0306157, 0.7577199]"
4565,4565,24,76.50450000000001,9.65169,-5.018543,6.311126319896559,-2.541626477487859,11.56278,-2.336278,False,6,"[0.0322317, -0.0142973, 0.1796809]","[0.1546981, -0.0308486, 0.756124]"
4566,4566,24,76.5195,9.461143,-5.117599,6.152746762123018,-2.614685556984491,11.52179,-2.318218,False,6,"[0.0317872, -0.0148326, 0.1794105]","[0.1537199, -0.0305275, 0.7540898]"
4567,4567,24,76.53750000000002,9.148718,-5.374325,5.8707193447743204,-2.8271643478036177,11.34128,-2.287482,False,6,"[0.0313285, -0.0147184, 0.1794946]","[0.1511414, -0.0301013, 0.753563]"
4568,4568,24,76.55250000000001,9.106834,-5.516792,5.807310631785891,-2.961841138813994,11.294,-2.243912,False,6,"[0.0305471, -0.0149871, 0.1792545]","[0.1500776, -0.0294455, 0.7514741]"
4569,4569,24,76.56950000000006,8.577627,-5.591935,5.414819420361722,-2.9682220485096513,11.10619,-2.141905,False,6,"[0.0299087, -0.0152349, 0.1793747]","[0.1473986, -0.028083, 0.7508676]"
4570,4570,24,76.5865,8.627142,-5.644035,5.4375330827524735,-3.0257387338853734,10.94312,-2.03452,False,6,"[0.030003, -0.0153975, 0.1787622]","[0.1448907, -0.0266206, 0.7493691]"
4571,4571,24,76.60450000000003,8.247164,-5.365443,5.234507569907783,-2.703494147198649,10.72139,-1.748848,False,6,"[0.0303809, -0.0156875, 0.1786425]","[0.1418741, -0.0228785, 0.7493143]"
4572,4572,24,76.61950000000002,8.221863,-5.223721,5.250171607021635,-2.560983989549155,10.58168,-1.618821,False,6,"[0.0296695, -0.0159447, 0.1780395]","[0.1397833, -0.0211465, 0.7482485]"
4573,4573,24,76.63650000000007,8.011442,-4.766866,5.209430539618313,-2.0851595699411787,10.25886,-1.316535,False,6,"[0.0287216, -0.0167778, 0.1783435]","[0.1352651, -0.0171759, 0.7473662]"
4574,4574,24,76.65350000000001,7.849755,-4.583886,5.138305963554079,-1.8847128905521169,10.12271,-1.140444,False,6,"[0.0284692, -0.0171538, 0.1776035]","[0.1333898, -0.0148732, 0.7471304]"
4575,4575,24,76.67050000000006,7.457085,-4.342931,4.91737711599327,-1.5978398449043416,9.912286,-0.7161172,False,6,"[0.0268224, -0.0174106, 0.1778245]","[0.1303892, -0.0093263, 0.7461516]"
4576,4576,24,76.68650000000002,7.265798,-4.256987,4.802304889785892,-1.4889864500445666,9.67445,-0.521804,False,6,"[0.0268442, -0.0174856, 0.1769321]","[0.1273372, -0.0068029, 0.7469585]"
4577,4577,24,76.70350000000008,6.702659,-3.987261,4.467497571393586,-1.1521038036174387,9.479012,-0.1878455,False,6,"[0.0256467, -0.0166185, 0.176944]","[0.1247297, -0.0024492, 0.7470364]"
4578,4578,24,76.71950000000004,6.55836,-3.252911,4.5393177597278225,-0.4119871317681758,9.473548,0.00267963,False,6,"[0.0254347, -0.0160934, 0.1760288]","[0.1249421, 3.5e-05, 0.7487481]"
4579,4579,24,76.73750000000007,6.558626,-3.161943,4.561058754483528,-0.3226176302102739,9.168232,0.0537627,False,6,"[0.0247512, -0.0146649, 0.1758594]","[0.1210185, 0.0007036, 0.749825]"
4580,4580,24,76.75250000000005,5.973492,-2.850533,4.220554600919241,0.058036268331944196,9.063058,0.1144186,False,6,"[0.0241861, -0.0140651, 0.1754298]","[0.1200423, 0.0015028, 0.7525558]"
4581,4581,24,76.77050000000008,5.808223,-2.601377,4.162572704360105,0.32397744362114933,8.917892,0.1396433,False,6,"[0.0229167, -0.0132965, 0.175083]","[0.1184607, 0.00184, 0.7549319]"
4582,4582,24,76.78650000000005,5.56611,-2.779537,3.948941733256307,0.17974915211932574,9.068438,0.1414179,False,6,"[0.0222564, -0.0129938, 0.1745648]","[0.1210036, 0.0018712, 0.7581248]"
4583,4583,24,76.80250000000001,5.751603,-3.029516,4.02104758898486,-0.08957926730356602,9.141584,0.0901405,False,6,"[0.0204685, -0.0121403, 0.1741704]","[0.1224581, 0.0011972, 0.7609941]"
4584,4584,24,76.81950000000006,5.852737,-3.437062,3.996094102909105,-0.5030095436799629,9.247377,-0.09804094,False,6,"[0.0200265, -0.0099002, 0.1741922]","[0.1245268, -0.0013088, 0.7648439]"
4585,4585,24,76.8365,6.7263,-3.835462,4.520200909435499,-1.0059296790276493,8.907298,-0.2956252,False,6,"[0.0199573, -0.0095892, 0.173584]","[0.1204406, -0.0039651, 0.7684772]"
4586,4586,24,76.85250000000008,6.801989,-4.225802,4.481308458651057,-1.3992058513602776,9.090365,-0.08486328,False,6,"[0.0182125, -0.0086666, 0.1740551]","[0.1236497, -0.0011446, 0.7728028]"
4587,4587,24,76.87049999999999,8.606775,-3.738028,5.874695034221788,-1.1499170819211084,9.081373,-0.7247388,False,6,"[0.0176905, -0.0079014, 0.1739111]","[0.1241757, -0.0098272, 0.7768722]"
4588,4588,24,76.88650000000007,8.728189,-3.993548,5.900119020994016,-1.4165216371786444,9.560408,-0.7477183,False,6,"[0.0170062, -0.0084722, 0.174505]","[0.1313396, -0.0101771, 0.7798029]"
4589,4589,24,76.90350000000001,10.17101,-3.779298,6.972423105732209,-1.3899047887865654,9.977903,-1.108172,False,6,"[0.0175809, -0.0092378, 0.174547]","[0.1377438, -0.0151451, 0.7829497]"
4590,4590,24,76.91950000000008,10.46147,-3.720626,7.191974821843084,-1.3692732457916135,10.36059,-1.107521,False,6,"[0.017958, -0.0105219, 0.1751895]","[0.1436282, -0.0151877, 0.7856112]"
4591,4591,24,76.93650000000002,11.32363,-3.654827,7.817988801478879,-1.414524485329184,10.58482,-1.177749,False,6,"[0.0206723, -0.0117511, 0.1752803]","[0.1472328, -0.0161978, 0.7878861]"
4592,4592,24,76.95350000000008,11.31212,-3.639626,7.813441026661805,-1.3981174983689773,11.11764,-1.172612,False,6,"[0.020955, -0.0129808, 0.175682]","[0.1552193, -0.0161677, 0.7898721]"
4593,4593,24,76.97050000000002,11.28202,-3.352598,7.860134020768406,-1.1121886672901127,11.40288,-0.9047445,False,6,"[0.0265962, -0.0114803, 0.1757186]","[0.1598067, -0.0125128, 0.7923475]"
4594,4594,24,76.98649999999998,11.21862,-3.098286,7.875498763952769,-0.8541676588855127,11.70963,-0.6932744,False,6,"[0.0270537, -0.0123023, 0.1762166]","[0.164673, -0.0096139, 0.7945037]"
4595,4595,24,77.00350000000003,11.09649,-3.322055,7.7360119284643005,-1.0585173859465487,11.56257,-0.561445,False,6,"[0.0315949, -0.0116332, 0.176108]","[0.1630873, -0.0078115, 0.7971426]"
4596,4596,24,77.0195,11.22429,-3.155074,7.866058684298153,-0.9107018251701122,11.49953,-0.7753282,False,6,"[0.0325426, -0.011461, 0.1762454]","[0.1627167, -0.0108237, 0.799812]"
4597,4597,24,77.03650000000005,10.61172,-2.968047,7.476659822181786,-0.6487937547989873,11.20228,-0.8418862,False,6,"[0.0352336, -0.0112389, 0.1759495]","[0.1589898, -0.0117968, 0.8027896]"
4598,4598,24,77.05250000000001,10.82293,-3.024121,7.612914856435223,-0.7308309166781966,11.05314,-0.8040935,False,6,"[0.0351947, -0.0111913, 0.1759384]","[0.1573684, -0.0113066, 0.8056002]"
4599,4599,24,77.06950000000006,10.93162,-3.006258,7.694101500172923,-0.7271322582681066,10.9088,-0.5728482,False,6,"[0.0350912, -0.0103045, 0.1759017]","[0.1557557, -0.0080803, 0.8081595]"
4600,4600,24,77.0865,11.03205,-3.119713,7.738327301811842,-0.8514399384006657,10.82902,-0.5451872,False,6,"[0.0349232, -0.0095306, 0.1760745]","[0.1549645, -0.0077088, 0.8101228]"
4601,4601,24,77.10350000000005,10.45665,-3.147455,7.324361148526982,-0.8053458718081794,10.70211,-0.5509147,False,6,"[0.0345471, -0.0102245, 0.1761452]","[0.1534455, -0.0078071, 0.8119232]"
4602,4602,24,77.11950000000002,10.55807,-3.161772,7.3927762331206335,-0.8323468728729546,10.6599,-0.5613916,False,6,"[0.0350133, -0.0097256, 0.1764372]","[0.1530709, -0.0079683, 0.8132246]"
4603,4603,24,77.13650000000007,10.18689,-3.343448,7.086930516315843,-0.9635756756469958,10.54044,-0.5731789,False,6,"[0.0331185, -0.0091651, 0.1767673]","[0.1515736, -0.0081495, 0.8146089]"
4604,4604,24,77.15250000000003,10.31489,-3.408418,7.162163709937639,-1.043747219375657,10.54466,-0.6206946,False,6,"[0.0338306, -0.0093489, 0.1769616]","[0.1517893, -0.0088341, 0.8154342]"
4605,4605,24,77.17050000000006,10.09853,-3.39796,7.011454779528889,-1.0058849103695815,10.30703,-0.6670619,False,6,"[0.0341812, -0.0092942, 0.1769743]","[0.1484701, -0.0095054, 0.8164086]"
4606,4606,24,77.18650000000002,9.976499,-3.400717,6.924401472700123,-0.9930365099486727,10.33582,-0.649817,False,6,"[0.0345691, -0.0096641, 0.1773128]","[0.1489755, -0.0092647, 0.8168557]"
4607,4607,24,77.20350000000008,9.659123,-3.499861,6.676203894226012,-1.0500123871048936,10.09579,-0.6978344,False,6,"[0.0327527, -0.0097587, 0.1774669]","[0.145577, -0.0099586, 0.8176125]"
4608,4608,24,77.21950000000004,9.760283,-3.564051,6.7326186960619,-1.1259954597485766,10.06328,-0.7697564,False,6,"[0.0331149, -0.0098142, 0.1776668]","[0.1451169, -0.0109865, 0.8177166]"
4609,4609,24,77.23649999999998,9.463032,-3.731007,6.482603563623453,-1.2521827956867533,9.91409,-0.8547437,False,6,"[0.0319736, -0.0103951, 0.1779353]","[0.1429792, -0.0122046, 0.8180458]"
4610,4610,24,77.25350000000003,9.608924,-3.785939,6.572882869864439,-1.324770073649737,10.02348,-0.9844591,False,6,"[0.0323916, -0.0106, 0.1779763]","[0.1444359, -0.0140422, 0.8171784]"
4611,4611,24,77.2695,9.502347,-3.900582,6.470262592886873,-1.4238535748887466,9.834392,-0.9901742,False,6,"[0.0317342, -0.0105795, 0.1781811]","[0.141663, -0.0141244, 0.8172165]"
4612,4612,24,77.28650000000005,9.621738,-3.941583,6.545079335928075,-1.479370789512183,9.934031,-1.035513,False,6,"[0.0313885, -0.0106036, 0.1784412]","[0.1429381, -0.0147517, 0.8161362]"
4613,4613,24,77.30349999999999,9.682311,-3.940811,6.588148996059619,-1.4863346431189148,9.897653,-1.11176,False,6,"[0.0304287, -0.0109344, 0.1787829]","[0.1422389, -0.0158198, 0.8151895]"
4614,4614,24,77.32050000000004,9.770965,-3.82587,6.678150076471909,-1.3846732273154876,9.947956,-1.103415,False,6,"[0.0307724, -0.0111423, 0.1788925]","[0.142708, -0.0156716, 0.8136584]"
4615,4615,24,77.33749999999998,9.927443,-3.908889,6.76926992394037,-1.4862140594593116,9.937128,-1.02349,False,6,"[0.0298616, -0.0116829, 0.179156]","[0.1423465, -0.0145154, 0.8124998]"
4616,4616,24,77.35450000000003,9.976202,-4.022335,6.77691387763181,-1.6039252528358352,10.17338,-1.018342,False,6,"[0.0303139, -0.0118488, 0.1790567]","[0.1453725, -0.0143999, 0.8101056]"
4617,4617,24,77.37150000000008,9.912622,-3.804443,6.783522341649687,-1.381674897502843,10.20333,-0.9450673,False,6,"[0.0300605, -0.012245, 0.1795891]","[0.1454535, -0.0133309, 0.8081272]"
4618,4618,24,77.38750000000005,9.782084,-3.811847,6.689344934642877,-1.3723089971114222,10.35012,-0.8948036,False,6,"[0.0304843, -0.0123899, 0.1798189]","[0.147086, -0.0125785, 0.8053572]"
4619,4619,24,77.40350000000001,9.696006,-3.273531,6.755941115490837,-0.8322773929281597,10.32629,-0.7469172,False,6,"[0.0307039, -0.0123972, 0.1799594]","[0.1463439, -0.010471, 0.803184]"
4620,4620,24,77.42050000000006,9.557638,-3.193807,6.676862797402211,-0.7362837700714193,10.40252,-0.6839045,False,6,"[0.0310242, -0.0120476, 0.1801554]","[0.1469119, -0.0095527, 0.8002619]"
4621,4621,24,77.43849999999998,9.978078,-2.783327,7.071795024311696,-0.38646649324204674,10.38378,-0.5254856,False,6,"[0.0315387, -0.0123128, 0.1801992]","[0.1461594, -0.0073157, 0.797632]"
4622,4622,24,77.45350000000008,9.940781,-2.713782,7.06186509142815,-0.3133625474125603,10.51243,-0.3668066,False,6,"[0.0317215, -0.0126812, 0.1803397]","[0.1474091, -0.0050857, 0.794387]"
4623,4623,24,77.47149999999999,8.998302,-2.871812,6.35713194242965,-0.34851596590035516,10.57904,-0.1022461,False,6,"[0.0315206, -0.0119942, 0.1803702]","[0.1477546, -0.0014118, 0.7911203]"
4624,4624,24,77.48649999999998,10.29697,-2.532104,7.357097389410289,-0.18022054576367807,10.75087,0.01995768,False,6,"[0.0311429, -0.0120353, 0.1806352]","[0.1495038, 0.0002743, 0.787394]"
4625,4625,24,77.50350000000003,10.96893,-1.028854,8.18901557407352,1.2115050567776118,10.9789,0.1701093,False,6,"[0.0309025, -0.0103447, 0.1808628]","[0.1519945, 0.0023261, 0.7834843]"
4626,4626,24,77.52050000000008,10.83985,-1.359194,8.01935860126816,0.9033033456147574,11.34549,-0.04654754,False,6,"[0.0305515, -0.0101248, 0.1814468]","[0.1562553, -0.0006327, 0.7787633]"
4627,4627,24,77.53750000000002,10.12793,-3.006113,7.125109144828527,-0.6245256690811525,11.51966,-0.1550868,False,6,"[0.0319082, -0.0088174, 0.181366]","[0.1578235, -0.002096, 0.7743669]"
4628,4628,24,77.55349999999999,10.26854,-3.33857,7.145895881722207,-0.9691912994332625,11.96239,-0.1769322,False,6,"[0.0318375, -0.0086105, 0.1816573]","[0.1629846, -0.0023755, 0.7692649]"
4629,4629,24,77.57749999999999,11.46325,-2.944579,8.085118270014323,-0.7342926904806077,12.18149,-0.09665625,False,6,"[0.0291373, -0.0092303, 0.1840012]","[0.1650854, -0.0012901, 0.7647464]"
4630,4630,24,77.58749999999998,11.80376,-3.112739,8.286363926980314,-0.9429727737194229,12.68288,-0.06556527,False,6,"[0.033032, -0.0080404, 0.1818177]","[0.1709265, -0.0008691, 0.7595184]"
4631,4631,24,77.60350000000005,14.20501,-3.712373,9.844422584307551,-1.8384337684226715,12.9668,-0.1371824,False,6,"[0.0353558, -0.003276, 0.1824176]","[0.1737189, -0.0018064, 0.7544532]"
4632,4632,24,77.62049999999999,14.59938,-3.373131,10.20401867401933,-1.5553055304857146,13.67951,0.06950133,False,6,"[0.0349514, -0.0043309, 0.1825317]","[0.1820852, 0.0009075, 0.7481061]"
4633,4633,24,77.63750000000005,15.12525,-3.37229,10.576543173096528,-1.6215232377392423,14.46009,0.3745596,False,6,"[0.0325541, -0.0095704, 0.182243]","[0.1913541, 0.004851, 0.7420434]"
4634,4634,24,77.65350000000001,15.45642,-3.196011,10.85278241520481,-1.4904976535726622,15.36806,0.8828805,False,6,"[0.0329848, -0.0106212, 0.1820719]","[0.2020489, 0.0113287, 0.7351341]"
4635,4635,24,77.67050000000006,15.659,-2.776442,11.095619333863965,-1.1039722838308181,15.78409,1.297599,False,6,"[0.0368809, -0.0093551, 0.1818724]","[0.2064528, 0.0165436, 0.730363]"
4636,4636,24,77.6875,15.77471,-2.810392,11.169500427411975,-1.152090472466047,16.37539,1.722378,False,6,"[0.0379334, -0.0098711, 0.1815175]","[0.2129906, 0.0217958, 0.7248293]"
4637,4637,24,77.70350000000008,15.76765,-3.058009,11.10583497814659,-1.3945485405404616,16.64619,1.891468,False,6,"[0.0458471, -0.0117518, 0.1811195]","[0.2154933, 0.0238018, 0.7207353]"
4638,4638,24,77.72050000000002,15.99566,-2.984733,11.284631055391724,-1.351602297742101,16.83706,1.971778,False,6,"[0.0470592, -0.0106488, 0.1806708]","[0.2169123, 0.0246768, 0.7167726]"
4639,4639,24,77.73750000000007,16.31021,-1.869543,11.771555241395792,-0.29569540395547866,16.89415,2.163253,False,6,"[0.0487531, -0.0106285, 0.1803711]","[0.216865, 0.0269724, 0.714049]"
4640,4640,24,77.75450000000001,16.27802,-1.865594,11.7496997728696,-0.28771035498916575,17.25775,2.284948,False,6,"[0.0496884, -0.0100343, 0.1797011]","[0.2207067, 0.0283478, 0.7104523]"
4641,4641,24,77.77050000000008,14.5227,-4.152869,9.964987866024888,-2.3118564956808996,17.16158,2.360169,False,6,"[0.0503701, -0.0087143, 0.1796909]","[0.2189546, 0.0292226, 0.7090108]"
4642,4642,24,77.78750000000002,14.47872,-4.174788,9.92865607391569,-2.327791404094251,17.21736,2.490053,False,6,"[0.0506288, -0.0087979, 0.1792201]","[0.2190466, 0.0307395, 0.706867]"
4643,4643,24,77.80450000000008,16.01636,-1.831467,11.572525438354507,-0.22081074640028664,17.26676,2.625375,False,6,"[0.0505099, -0.0095565, 0.1788835]","[0.2193067, 0.0323522, 0.7055541]"
4644,4644,24,77.82050000000004,16.01926,-1.889841,11.560748385546997,-0.2785504816318367,17.29686,2.593267,False,6,"[0.0511389, -0.0093015, 0.1783935]","[0.2192499, 0.0318886, 0.7040662]"
4645,4645,24,77.83749999999998,16.51394,-1.998647,11.885211615715424,-0.44855286073852074,17.32362,2.703528,False,6,"[0.0522267, -0.0058259, 0.1784832]","[0.2193706, 0.03321, 0.7032964]"
4646,4646,24,77.85350000000005,16.27503,-2.096436,11.692890384998414,-0.5142008338842539,17.34964,2.653112,False,6,"[0.0520951, -0.0058111, 0.1784053]","[0.2194221, 0.0325455, 0.7023392]"
4647,4647,24,77.87049999999999,16.18563,-2.258791,11.591127525678733,-0.6623656532006885,17.24137,2.601441,False,6,"[0.0460177, -0.0128987, 0.1776469]","[0.2180483, 0.0319228, 0.7026044]"
4648,4648,24,77.88750000000005,16.04088,-2.235266,11.49421564842051,-0.6207907928659697,17.24463,2.448972,False,6,"[0.0458722, -0.012967, 0.1776469]","[0.2179452, 0.0300292, 0.7021308]"
4649,4649,24,77.90449999999998,14.47074,-4.485264,9.849446332388528,-2.631910048938959,17.13307,2.408696,False,6,"[0.0511, -0.0056922, 0.1780151]","[0.2164265, 0.0295319, 0.7020633]"
4650,4650,24,77.92050000000006,13.35248,-5.193783,8.889832110067971,-3.185673764699472,17.01641,2.266117,False,6,"[0.0511296, -0.005876, 0.178084]","[0.2149562, 0.0277941, 0.7023705]"
4651,4651,24,77.9375,13.33035,-3.93414,9.172605547858574,-1.9448743385031975,16.80309,2.209903,False,6,"[0.0526563, -0.0061979, 0.1776059]","[0.2124431, 0.0271478, 0.7035085]"
4652,4652,24,77.95450000000005,13.25263,-4.09579,9.079279367412678,-2.093835390429816,16.77198,2.292915,False,6,"[0.051876, -0.0065045, 0.1776894]","[0.212083, 0.0281762, 0.7036961]"
4653,4653,24,77.97149999999999,12.97547,-3.67754,8.9821393909338,-1.6474433002893951,16.77455,2.311409,False,6,"[0.0515229, -0.0070016, 0.177509]","[0.2123671, 0.0284372, 0.7045249]"
4654,4654,24,77.98750000000007,13.17785,-3.579257,9.148713778016884,-1.5766525391266315,16.66026,2.510032,False,6,"[0.0510587, -0.0069316, 0.1775847]","[0.2109343, 0.0308984, 0.7048563]"
4655,4655,24,78.00450000000001,12.53021,-3.365947,8.74071185633327,-1.2844423717710862,16.49116,2.939917,False,6,"[0.045636, -0.0138714, 0.1768338]","[0.2090093, 0.0362577, 0.7060034]"
4656,4656,24,78.02150000000006,12.90573,-3.502122,8.974323281685738,-1.4661510710502794,16.55542,3.406035,False,6,"[0.041992, -0.0160811, 0.1769146]","[0.209928, 0.0420304, 0.7061962]"
4657,4657,24,78.0385,12.60668,-3.200089,8.834149998285788,-1.1311863294235085,16.4017,3.981845,False,6,"[0.0419202, -0.0121668, 0.1769161]","[0.2083396, 0.0492688, 0.7078]"
4658,4658,24,78.05450000000008,12.99061,-2.684801,9.228064215096865,-0.6737089417799815,16.3067,4.188157,False,6,"[0.041554, -0.0126341, 0.1764372]","[0.2074049, 0.0519156, 0.7089617]"
4659,4659,24,78.07050000000004,12.30476,-2.086955,8.884115420828934,0.001294948200468049,16.08664,4.520082,False,6,"[0.0406429, -0.0113371, 0.1763882]","[0.2052139, 0.0562553, 0.711603]"
4660,4660,24,78.08749999999998,12.51993,-1.732579,9.120420381041004,0.32214346677672356,15.99154,4.614354,False,6,"[0.0411295, -0.0109879, 0.1756617]","[0.2045635, 0.0576106, 0.7137955]"
4661,4661,24,78.10450000000003,12.50611,0.06828976,9.537307767234608,2.0938004920203186,15.72457,5.09164,False,6,"[0.0390143, -0.0103245, 0.175544]","[0.2019908, 0.0639229, 0.7174242]"
4662,4662,24,78.12049999999999,13.09393,0.2584855,9.998556974764906,2.205782624247695,15.54111,5.694559,False,6,"[0.040011, -0.0106865, 0.1746168]","[0.2002992, 0.0718213, 0.7202487]"
4663,4663,24,78.13850000000002,11.52918,1.80046,9.256019820501464,3.9207294286276717,15.27583,5.990282,False,6,"[0.0390345, -0.0097583, 0.1745345]","[0.1977711, 0.0759849, 0.7241293]"
4664,4664,24,78.15449999999998,12.11059,2.028971,9.721808506754233,4.071185049377285,15.00548,6.219415,False,6,"[0.0401183, -0.0081548, 0.1739016]","[0.1952536, 0.0793813, 0.7284181]"
4665,4665,24,78.17150000000004,11.13255,2.19209,9.067986011123732,4.356190838857389,14.78648,6.36086,False,6,"[0.0378812, -0.0063286, 0.1736694]","[0.1937196, 0.0818125, 0.7339003]"
4666,4666,24,78.1875,11.72805,3.12952,9.711711835284252,5.201576188953532,15.05339,6.533532,False,6,"[0.0383994, -0.0052307, 0.172924]","[0.1983772, 0.0844767, 0.7376042]"
4667,4667,24,78.20450000000005,11.79557,1.971082,9.485053389889337,4.054454244002743,14.94869,6.807939,False,6,"[0.0383915, 0.0002063, 0.1730853]","[0.198571, 0.0887902, 0.7437407]"
4668,4668,24,78.22149999999999,11.67278,2.158795,9.442589946169836,4.254593460979881,14.74652,6.667766,False,6,"[0.0401063, 0.0007779, 0.1724291]","[0.1973976, 0.0876716, 0.7499533]"
4669,4669,24,78.23850000000004,10.68536,3.74024,9.118164202981188,5.934726917174042,14.4448,6.78372,False,6,"[0.035198, 0.0054241, 0.1725536]","[0.1950883, 0.0900915, 0.7573601]"
4670,4670,24,78.25450000000001,10.80059,3.241232,9.081521230395701,5.429610594915961,14.27252,6.583312,False,6,"[0.0368954, 0.0060916, 0.1719464]","[0.1944413, 0.0882133, 0.7643548]"
4671,4671,24,78.27150000000006,11.64194,3.063599,9.635126052286157,5.147767323893623,14.40395,6.847582,False,6,"[0.0338436, 0.0065832, 0.1719852]","[0.1980252, 0.0925901, 0.7710367]"
4672,4672,24,78.2885,11.75292,3.045512,9.70941657557129,5.115842340207418,14.23911,5.953752,False,6,"[0.0356588, 0.0093913, 0.1717662]","[0.1976097, 0.0812103, 0.7787106]"
4673,4673,24,78.30450000000008,13.76903,0.4177131,10.514264813327383,2.2762017408373474,13.75159,5.938048,False,6,"[0.0358452, 0.0059073, 0.1716475]","[0.1927153, 0.0819054, 0.7874677]"
4674,4674,24,78.32150000000001,13.88008,0.2199239,10.546028818480728,2.0676563840357858,14.42164,5.918806,False,6,"[0.0354081, 0.0064607, 0.1713894]","[0.2038401, 0.0821766, 0.792662]"
4675,4675,24,78.33749999999998,14.21595,-1.884298,10.28528634659854,-0.04319513443214884,14.48816,5.21426,False,6,"[0.0324767, 0.0112519, 0.1721193]","[0.20684, 0.0730496, 0.8004732]"
4676,4676,24,78.35450000000003,14.20244,-2.042465,10.238247192218541,-0.19691935583110354,14.24376,4.778973,False,6,"[0.0328173, 0.0097419, 0.1720246]","[0.2051405, 0.0675604, 0.8081115]"
4677,4677,24,78.37150000000008,12.9308,-1.309472,9.511568540492398,0.6855906669834084,14.19384,4.731407,False,6,"[0.0354795, 0.0092164, 0.1722025]","[0.2062323, 0.0674873, 0.8153903]"
4678,4678,24,78.38750000000005,12.94332,-1.444573,9.488424015145412,0.5512171086451891,14.35319,4.397242,False,6,"[0.0358769, 0.0091746, 0.172441]","[0.210213, 0.0631721, 0.8215113]"
4679,4679,24,78.40550000000007,13.04421,-1.684359,9.503044437380844,0.3026925864328649,14.27905,4.030046,False,6,"[0.0422624, 0.0012574, 0.1724641]","[0.2111086, 0.05844, 0.8294793]"
4680,4680,24,78.42150000000004,12.91104,-1.410544,9.473631551733515,0.5887762770723226,14.16872,3.916515,False,6,"[0.0425717, 0.0006613, 0.1722809]","[0.2109074, 0.0571948, 0.8354153]"
4681,4681,24,78.43849999999998,14.12644,-0.9124379,10.452170373968485,0.9233614691549201,13.89038,3.904636,False,6,"[0.0436091, -0.0056632, 0.1721401]","[0.2084793, 0.0575407, 0.8430324]"
4682,4682,24,78.45450000000005,14.01286,-0.5996785,10.44585448555695,1.2452221743349892,13.66953,3.791663,False,6,"[0.043548, -0.0061365, 0.1720693]","[0.2064648, 0.0562608, 0.8489141]"
4683,4683,24,78.47149999999999,13.26064,-0.6856841,9.892892503014728,1.256597877542796,13.26586,3.819077,False,6,"[0.0396882, -0.0039513, 0.1728607]","[0.2021373, 0.057234, 0.8573822]"
4684,4684,24,78.48750000000007,13.2355,-0.662828,9.88050813789797,1.282266018770018,12.94009,3.667734,False,6,"[0.039682, -0.0043541, 0.1726607]","[0.198219, 0.0553002, 0.8626952]"
4685,4685,24,78.50549999999998,12.52384,-0.8701388,9.3275230253976,1.1692518085999817,12.57581,3.724622,False,6,"[0.0400222, -0.0050798, 0.1727472]","[0.1942866, 0.0566954, 0.8709149]"
4686,4686,24,78.52150000000006,12.55804,-0.9906065,9.323195328469847,1.0464958402293334,11.98987,3.545495,False,6,"[0.0395329, -0.0042465, 0.1724569]","[0.1862451, 0.0543372, 0.8769765]"
4687,4687,24,78.5385,11.66816,-1.107222,8.66551536180561,1.045338667328624,11.55803,3.4459,False,6,"[0.0434931, -0.0027523, 0.1728158]","[0.1808557, 0.053251, 0.8843486]"
4688,4688,24,78.55450000000008,11.13893,-1.041287,8.3064328776059,1.177612247670314,11.23358,3.406687,False,6,"[0.043135, -0.0018091, 0.1728397]","[0.1765421, 0.0529126, 0.8888685]"
4689,4689,24,78.57150000000001,11.32807,-1.212277,8.399835402167218,0.9854493095617949,10.83392,3.403158,False,6,"[0.0409258, -0.0020784, 0.1736611]","[0.1711447, 0.0531804, 0.8942949]"
4690,4690,24,78.58749999999998,10.45842,-1.468834,7.723322887164259,0.8441783678343544,10.80805,3.36338,False,6,"[0.0408282, -0.0020083, 0.1735882]","[0.171217, 0.0527085, 0.8968663]"
4691,4691,24,78.6055,10.55023,-1.487131,7.783990957584237,0.8144910185372756,10.59028,3.259901,False,6,"[0.0387166, -0.0026472, 0.1742961]","[0.1684293, 0.0513095, 0.9008395]"
4692,4692,24,78.62150000000008,9.954146,-1.504195,7.357910060321607,0.8737164765429868,10.42597,3.34252,False,6,"[0.038819, -0.0030132, 0.1742655]","[0.1662355, 0.0527647, 0.9034395]"
4693,4693,24,78.63850000000002,10.07539,-1.457339,7.454854346114783,0.9043089406090226,10.19217,3.447934,False,6,"[0.0360416, -0.0033731, 0.1745267]","[0.1629443, 0.0546061, 0.9063167]"
4694,4694,99,78.67150000000004,9.682083,-1.377831,7.195223538978085,1.0325929734303614,9.766847,3.501748,False,6,"[0.0344761, -0.0031825, 0.1750964]","[0.1569627, 0.0557998, 0.9118624]"
4695,4695,99,78.6875,9.75177,-1.145019,7.299722324157533,1.2525162326675785,9.633393,3.372926,False,6,"[0.0350899, -0.0037067, 0.1751611]","[0.1553126, 0.0539283, 0.9150194]"
4696,4696,99,78.70450000000005,9.310069,-1.269939,6.957393452403952,1.1860581332820042,9.44239,3.275079,False,6,"[0.0324601, -0.0045091, 0.1758511]","[0.1525389, 0.0524852, 0.917201]"
4697,4697,99,78.72149999999999,9.035314,-1.352919,6.7432019623264985,1.1395344081791459,9.222296,3.273003,False,6,"[0.0327422, -0.004564, 0.1758007]","[0.1494178, 0.0526271, 0.9202644]"
4698,4698,99,78.73750000000007,8.763371,-1.038366,6.625187223964841,1.4833478877077746,9.059898,3.221062,False,6,"[0.0309457, -0.0046302, 0.1763269]","[0.1470365, 0.0518941, 0.9221117]"
4699,4699,99,78.75450000000001,8.725893,-1.332933,6.528861629467171,1.1986253796593749,8.93905,3.126876,False,6,"[0.0313408, -0.0044874, 0.1763849]","[0.14539, 0.0504942, 0.9243191]"
4700,4700,99,78.77150000000006,8.313023,-1.029426,6.3084510050764795,1.5495499142895257,8.663649,3.038843,False,6,"[0.0301986, -0.0042573, 0.1770024]","[0.141097, 0.0491592, 0.926002]"
4701,4701,99,78.78750000000002,8.124713,-1.268953,6.1183740851009825,1.3381506373912857,8.3831,2.915617,False,6,"[0.0304341, -0.0035394, 0.1770834]","[0.1367241, 0.0472532, 0.9277877]"
4702,4702,99,78.80450000000008,7.885446,-1.038474,6.003575235745672,1.5951702004100898,8.178839,2.77151,False,6,"[0.0291238, -0.0039382, 0.1776526]","[0.1334801, 0.044959, 0.9287173]"
4703,4703,99,78.82150000000001,7.643192,-1.279233,5.775013118829999,1.3894375440165647,8.114872,2.928044,False,6,"[0.0282567, -0.0041967, 0.1776967]","[0.1325355, 0.0475433, 0.9295135]"
4704,4704,99,78.83749999999998,7.622411,-1.629155,5.677394269971899,1.048183368292455,8.107897,2.86026,False,6,"[0.0275365, -0.0032377, 0.1786302]","[0.1323353, 0.0464111, 0.9289186]"
4705,4705,99,78.85450000000003,7.835141,-1.663787,5.819805653095394,0.9870256311974988,7.983503,2.701791,False,6,"[0.027448, -0.0041611, 0.1788328]","[0.1302475, 0.0438254, 0.9286989]"
4706,4706,99,78.87150000000008,7.714244,-0.6866843,5.965709237272911,1.9627362586280148,8.109159,2.749477,False,6,"[0.026256, -0.0032289, 0.1796926]","[0.1320978, 0.0445236, 0.9271051]"
4707,4707,99,78.88750000000005,7.655696,-1.18613,5.80592467014059,1.479345077408908,8.212893,2.83121,False,6,"[0.025705, -0.0039884, 0.1800563]","[0.133601, 0.0457773, 0.9256512]"
4708,4708,99,78.90550000000007,7.939891,-0.5092791,6.167503158100936,2.1083220162009004,8.456461,2.79249,False,6,"[0.0250324, -0.0032762, 0.1807362]","[0.1372443, 0.0450269, 0.9231211]"
4709,4709,99,78.92150000000004,7.912591,-0.8316475,6.071796899622841,1.7949786586078158,8.453994,2.912938,False,6,"[0.0243296, -0.0040485, 0.1812994]","[0.136861, 0.046855, 0.9208152]"
4710,4710,99,78.93950000000007,7.033545,-0.3970968,5.5523730641738664,2.3341267662584944,8.901249,3.26558,False,6,"[0.0242963, -0.0051636, 0.1815503]","[0.1435743, 0.052305, 0.9167159]"
4711,4711,99,78.95550000000003,8.130189,-0.4808837,6.308965103491202,2.1119675537914406,9.036902,3.734896,False,6,"[0.0250599, -0.0052897, 0.182111]","[0.1451973, 0.0595951, 0.9129335]"
4712,4712,99,78.97149999999999,8.532146,-0.1809605,6.664617286789144,2.3554859652485858,8.833562,3.754332,False,6,"[0.0247159, -0.0021869, 0.1824613]","[0.1413288, 0.0596746, 0.9094048]"
4713,4713,99,78.98850000000004,8.75106,-0.1207147,6.83388604546979,2.3867857859711634,8.645535,4.31543,False,6,"[0.024477, -0.0037703, 0.1820959]","[0.1377788, 0.0683791, 0.9061487]"
4714,4714,99,79.00549999999998,9.270002,1.321615,7.5430311964600785,3.738147452799729,8.986899,4.436184,False,6,"[0.0254888, -0.0016245, 0.182753]","[0.1425435, 0.0699253, 0.9013181]"
4715,4715,99,79.02150000000006,9.421363,2.263041,7.873245522423918,4.6440842646784795,9.221225,4.807438,False,6,"[0.0253339, -0.0026459, 0.1822773]","[0.14566, 0.0754595, 0.8972258]"
4716,4716,99,79.04150000000004,9.981688,2.357166,8.292266151930022,4.665153399825627,9.541507,5.495894,False,6,"[0.0228071, -0.0012812, 0.184854]","[0.1498563, 0.0857809, 0.8915378]"
4717,4717,99,79.05550000000005,9.889816,2.161842,8.180941867757053,4.484901784438366,9.828979,6.111313,False,6,"[0.0260066, -0.0015279, 0.1820443]","[0.1536877, 0.0949789, 0.8870819]"
4718,4718,99,79.07150000000001,9.462997,2.690232,8.003935679597765,5.058619876348992,9.706977,6.898349,False,6,"[0.0273137, -0.000575, 0.1820611]","[0.1510291, 0.1068179, 0.8829091]"
4719,4719,99,79.08850000000007,9.180345,2.714723,7.809615621884729,5.118725530400255,9.588413,7.486602,False,6,"[0.0279314, -0.0003823, 0.1814506]","[0.1486126, 0.1156097, 0.8797322]"
4720,4720,99,79.1055,8.994699,2.78945,7.695879727081053,5.21583566712721,9.387909,7.400502,False,6,"[0.0296251, 0.0041874, 0.1815055]","[0.1450792, 0.1139754, 0.8775015]"
4721,4721,99,79.12950000000001,8.757267,2.773297,7.523946617374806,5.230231179008849,9.094446,7.211794,False,6,"[0.0302412, 0.0072022, 0.1822504]","[0.1402484, 0.110866, 0.876144]"
4722,4722,99,79.1395,8.189137,3.035355,7.183788836176185,5.560214022443162,8.516465,6.92576,False,6,"[0.0319426, 0.007471, 0.1814945]","[0.1309437, 0.1062185, 0.8744456]"
4723,4723,99,79.15550000000007,8.037939,3.201732,7.116156978994542,5.743005997664768,7.95296,6.892545,False,6,"[0.0316833, 0.0068601, 0.181728]","[0.1220071, 0.105569, 0.8733277]"
4724,4724,99,79.17250000000001,7.2377,3.112562,6.528446968792697,5.757393766919629,7.645036,7.376515,False,6,"[0.0302963, 0.0085407, 0.1817646]","[0.1168095, 0.1126602, 0.8702285]"
4725,4725,99,79.18849999999998,6.922801,3.142902,6.3126812444811575,5.827359058321489,7.574849,7.52199,False,6,"[0.0293986, 0.0086254, 0.1819079]","[0.1154185, 0.1146037, 0.8679273]"
4726,4726,99,79.20550000000003,7.090252,2.814852,6.35351601506836,5.483602616644053,7.336345,7.580701,False,6,"[0.0287168, 0.0088394, 0.1814193]","[0.111462, 0.1152175, 0.8657394]"
4727,4727,99,79.22250000000008,6.958583,2.783705,6.252912511897788,5.4697780734250925,6.948105,7.758056,False,6,"[0.027973, 0.0087964, 0.1815902]","[0.1053807, 0.1178086, 0.8647309]"
4728,4728,99,79.23950000000002,6.280226,3.170838,5.864345557359301,5.936737780754961,6.675858,7.843747,False,6,"[0.026032, 0.0095921, 0.1808925]","[0.1010181, 0.1188966, 0.8630646]"
4729,4729,99,79.25549999999998,6.105507,3.000665,5.700323054136086,5.7917669194746795,6.366977,7.916939,False,6,"[0.0255624, 0.0101258, 0.1810158]","[0.0962257, 0.1199219, 0.8623578]"
4730,4730,99,79.27250000000004,5.965416,2.814236,5.556966321219382,5.626404855353764,6.114316,8.080756,False,6,"[0.0228959, 0.0098036, 0.1802854]","[0.092212, 0.122217, 0.860814]"
4731,4731,99,79.28949999999998,5.563668,2.68082,5.240911957645014,5.546503191441513,5.870996,8.009019,False,6,"[0.02193, 0.0099175, 0.1806169]","[0.088518, 0.1211202, 0.8608322]"
4732,4732,99,79.30650000000003,5.458127,2.295825,5.0749718353067435,5.181585472511616,5.528036,7.945887,False,6,"[0.0223808, 0.008847, 0.1799337]","[0.0832775, 0.1201007, 0.8604566]"
4733,4733,99,79.32350000000008,4.930734,2.203271,4.679639853593531,5.157861749185569,5.089522,7.774145,False,6,"[0.0219825, 0.0087575, 0.1801091]","[0.07671, 0.1175872, 0.8612978]"
4734,4734,99,79.33950000000004,5.179979,2.222851,4.860748720426216,5.145328231767836,4.799003,7.398797,False,6,"[0.0197881, 0.009961, 0.1798075]","[0.0722912, 0.1118155, 0.861073]"
4735,4735,99,79.35649999999998,4.782111,2.299137,4.597125269980763,5.271027171946267,4.265234,7.12043,False,6,"[0.0192824, 0.0094495, 0.1802663]","[0.0643155, 0.1077258, 0.8623673]"
4736,4736,99,79.37350000000004,5.260411,2.153012,4.901149338709466,5.066435973093073,3.999862,7.005268,False,6,"[0.0187843, 0.0088367, 0.179764]","[0.0603003, 0.1059655, 0.8623642]"
4737,4737,99,79.3895,4.927157,2.339963,4.7094931297098155,5.292658782069422,3.76019,6.877015,False,6,"[0.0175575, 0.0084395, 0.1802421]","[0.056728, 0.1041013, 0.8631502]"
4738,4738,99,79.40650000000005,4.968074,2.362713,4.74385314904231,5.3098009060071245,3.684358,6.984216,False,6,"[0.0171773, 0.0072072, 0.1797699]","[0.0555547, 0.1056905, 0.8627448]"
4739,4739,99,79.42349999999999,4.625089,2.566081,4.549196830352578,5.553398979248516,3.801441,7.117267,False,6,"[0.0155647, 0.0069412, 0.1804168]","[0.0573562, 0.1077827, 0.8632101]"
4740,4740,99,79.44050000000004,4.951733,2.645694,4.799328919541923,5.5899981795650735,3.902971,7.159337,False,6,"[0.016284, 0.0069723, 0.1796263]","[0.0588791, 0.1084014, 0.8630108]"
4741,4741,99,79.45749999999998,4.83333,2.650043,4.716527895180797,5.6093678206429205,3.742492,7.233247,False,6,"[0.015062, 0.0072285, 0.1800426]","[0.0565358, 0.1096967, 0.8643053]"
4742,4742,99,79.47450000000003,1.341711,1.236008,1.9093786871339244,4.664806880070457,3.721208,7.322907,False,6,"[0.016436, 0.0067113, 0.1785155]","[0.0562083, 0.1110613, 0.8642278]"
4743,4743,99,79.4905,1.093955,1.229511,1.7324237582399062,4.690008543441077,3.525116,7.389144,False,6,"[0.0154223, 0.0073102, 0.1788973]","[0.0534187, 0.112456, 0.8671497]"
4744,4744,99,79.50750000000005,-1.72399,4.259311,0.4551065976892814,8.026963692241871,3.443949,7.275307,False,6,"[0.0154521, 0.0073344, 0.1777594]","[0.0522873, 0.11092, 0.8688373]"
4745,4745,99,79.52449999999999,-1.987216,4.733824,0.3811622929629237,8.52687462421201,3.409486,7.060704,False,6,"[0.0144065, 0.007981, 0.178081]","[0.0519601, 0.1080246, 0.8721495]"
4746,4746,99,79.54250000000002,-2.237926,3.54483,-0.07804811431620595,7.390294014999569,3.458348,6.795615,False,6,"[0.015329, 0.0081756, 0.1769276]","[0.0528849, 0.1042814, 0.8751]"
4747,4747,99,79.5575,-2.674524,3.853425,-0.3140531033972519,7.74924417089796,3.06372,6.479091,False,6,"[0.0149643, 0.0081911, 0.1769703]","[0.047094, 0.0999247, 0.8798829]"
4748,4748,99,79.57450000000006,-1.134302,-0.7012842,-0.3026766488887227,3.0765067072874057,2.827179,6.231314,False,6,"[0.0041007, 0.0037775, 0.1750802]","[0.0436906, 0.0966003, 0.884717]"
4749,4749,99,79.59050000000002,-1.571934,-0.5567195,-0.5782767308571888,3.274379595643267,2.810058,6.071205,False,6,"[0.0033529, 0.0037685, 0.1755849]","[0.0437016, 0.0946974, 0.8903405]"
4750,4750,99,79.60750000000007,-0.8452874,-0.1035185,0.043576880263623274,3.6271441951739454,3.024341,5.595206,False,6,"[-0.005267, 0.0130327, 0.1749917]","[0.0473263, 0.0877543, 0.8957589]"
4751,4751,99,79.62450000000001,-1.155489,0.0745718,-0.1338571505687507,3.8417197042928484,3.236548,5.016391,False,6,"[-0.0061083, 0.0145782, 0.1760451]","[0.0510154, 0.0791882, 0.9021527]"
4752,4752,99,79.64150000000006,-0.9396684,-0.9068996,-0.21358820756393537,2.8496135113740246,3.292789,4.516857,False,6,"[-0.0068048, 0.010787, 0.1741298]","[0.0522457, 0.0717374, 0.908094]"
4753,4753,99,79.65750000000003,-1.088866,0.8862715,0.10562567375997767,4.630964838263948,3.557539,4.241266,False,6,"[-0.0081684, 0.0117781, 0.1748622]","[0.0568862, 0.0678561, 0.9150011]"
4754,4754,99,79.67450000000008,0.1937338,-1.184886,0.5230184232269662,2.431908515434326,3.741646,3.85576,False,6,"[-0.0034136, -0.0021103, 0.1724035]","[0.0602488, 0.0620918, 0.9212778]"
4755,4755,99,79.69050000000004,-0.6192355,-1.118779,-0.03691574371274353,2.6005256416089444,3.943299,3.677457,False,6,"[-0.004748, -0.0016812, 0.1730172]","[0.0640068, 0.0596795, 0.9285448]"
4756,4756,99,79.70749999999998,2.772352,0.3743065,2.718138495601179,3.6355306899122217,4.317779,3.275604,False,6,"[-0.0025392, -0.0003109, 0.1721006]","[0.0706061, 0.0535209, 0.9351496]"
4757,4757,99,79.72450000000003,2.759676,-0.005384472,2.6192050936815745,3.2639862245096336,4.495887,2.634774,False,6,"[-0.0034947, 0.0002255, 0.1732645]","[0.074092, 0.0433624, 0.942293]"
4758,4758,99,79.74149999999997,4.197814,-0.7659809,3.4572273060064176,2.333120362417156,4.975806,2.824559,False,6,"[-0.00282, -0.0027216, 0.171931]","[0.0826203, 0.0468201, 0.9489689]"
4759,4759,99,79.75750000000005,3.76881,-0.9994988,3.098158495001956,2.158313403939518,5.6649,1.77661,False,6,"[-0.0033026, 0.002688, 0.1737633]","[0.0947723, 0.0296348, 0.9554177]"
4760,4760,99,79.77550000000008,4.833058,-1.662513,3.6945797291183387,1.371019425598683,5.056185,1.547833,False,6,"[0.0005816, -0.0035574, 0.1719957]","[0.0853476, 0.0260657, 0.9646322]"
4761,4761,99,79.79050000000007,4.660356,-1.96942,3.4995894913544996,1.091409141397972,5.768866,1.548835,False,6,"[-0.0018633, -0.0033668, 0.1723998]","[0.0981415, 0.0262665, 0.9714353]"
4762,4762,99,79.8075,5.170164,-2.670554,3.6944258541483013,0.33733768720282775,6.326509,0.6550335,False,6,"[0.0083915, 0.0011321, 0.17329]","[0.1084018, 0.0111785, 0.9777437]"
4763,4763,99,79.82450000000006,5.371489,-2.983416,3.762842443162525,0.004189357024915186,6.146816,0.1713374,False,6,"[0.0083766, -1.63e-05, 0.1737792]","[0.1059749, 0.0029426, 0.9840215]"
4764,4764,99,79.8415,5.944796,-3.855671,3.962094246984398,-0.9261555539201964,6.325437,-0.4030611,False,6,"[0.0126976, -0.0023129, 0.1729982]","[0.1097826, -0.0069671, 0.9903673]"
4765,4765,99,79.85750000000007,6.117405,-3.727744,4.114613667518688,-0.8224350829627776,6.492943,-0.7918392,False,6,"[0.0114557, -0.003034, 0.1739056]","[0.1134013, -0.0137714, 0.9964019]"
4766,4766,99,79.87450000000001,6.800615,-4.163455,4.495107252424592,-1.3377560017950998,6.81849,-1.130717,False,6,"[0.0146787, -0.0050387, 0.1736023]","[0.1197131, -0.0197609, 1.001196]"
4767,4767,99,79.89049999999997,6.802926,-3.914719,4.555675445763411,-1.0935927200026923,6.98789,-1.459474,False,6,"[0.0142062, -0.0059925, 0.1742697]","[0.1233589, -0.0256421, 1.006436]"
4768,4768,99,79.90750000000003,6.89492,-3.907717,4.622467776101772,-1.0984396528256406,7.224293,-1.58608,False,6,"[0.015713, -0.0081001, 0.1736582]","[0.1281468, -0.0279923, 1.010939]"
4769,4769,99,79.92349999999999,6.802943,-3.88827,4.5619539313512965,-1.067600791547136,7.303449,-1.660768,False,6,"[0.0164095, -0.0090956, 0.1745209]","[0.1301782, -0.0294496, 1.015715]"
4770,4770,99,79.94050000000004,6.725145,-3.385986,4.625875589591463,-0.5640370964781729,7.40434,-1.630177,False,6,"[0.0181379, -0.0117394, 0.1741852]","[0.1324794, -0.0290126, 1.019431]"
4771,4771,99,79.95749999999998,6.920508,-3.430018,4.753763727996463,-0.6322190058142123,7.320372,-1.557506,False,6,"[0.0187917, -0.0114236, 0.175334]","[0.1315366, -0.0278406, 1.023915]"
4772,4772,99,79.97450000000003,7.256994,-3.528966,4.968558427255268,-0.7723644587308289,7.277622,-1.562675,False,6,"[0.020851, -0.0127278, 0.1748459]","[0.1311729, -0.0280212, 1.027147]"
4773,4773,99,79.9905,7.504404,-3.716113,5.099389131185034,-0.9878354693805003,7.250809,-1.477909,False,6,"[0.0209707, -0.0120295, 0.1757894]","[0.1311199, -0.0265888, 1.030571]"
4774,4774,99,80.00750000000005,7.620161,-3.7727,5.167940213252268,-1.0582073096785942,7.417961,-1.448161,False,6,"[0.0212441, -0.0120006, 0.1756824]","[0.1343976, -0.0260964, 1.032271]"
4775,4775,99,80.02350000000001,7.647994,-3.846098,5.170256592110704,-1.133891401889807,7.586401,-1.257991,False,6,"[0.0210961, -0.0120194, 0.1768397]","[0.1377731, -0.0227158, 1.034434]"
4776,4776,99,80.04050000000007,7.953164,-3.388372,5.494769418075955,-0.7229447147652808,7.944098,-1.226631,False,6,"[0.0209122, -0.0104927, 0.1773456]","[0.1443166, -0.022144, 1.034187]"
4777,4777,99,80.0575,7.85342,-3.381116,5.425868038318598,-0.7030969461419385,7.962095,-1.366366,False,6,"[0.021636, -0.010684, 0.1782549]","[0.1447529, -0.0246855, 1.034938]"
4778,4778,99,80.07550000000003,14.1179,-6.422383,9.140676001666876,-4.490727672099914,8.009188,-1.107503,False,6,"[0.0226632, -0.0109756, 0.1779735]","[0.1455847, -0.0200025, 1.034685]"
4779,4779,99,80.0915,14.0819,-6.379188,9.125421374044539,-4.443685882005769,8.001173,-0.8213556,False,6,"[0.0235268, -0.0115998, 0.1785976]","[0.1455491, -0.014845, 1.035482]"
4780,4780,99,80.10750000000007,14.18529,-6.493539,9.171530622467582,-4.569251528027622,8.097813,-0.3799228,False,6,"[0.0238829, -0.0117715, 0.1785146]","[0.1473039, -0.006865, 1.035295]"
4781,4781,99,80.12450000000001,14.26327,-6.546037,9.214303710972807,-4.630788429195424,8.150557,-0.006470272,False,6,"[0.0240592, -0.0120453, 0.1791702]","[0.1482118, -0.0001169, 1.034844]"
4782,4782,99,80.14150000000006,14.40609,-6.552547,9.313880405873146,-4.655394875901112,8.210832,0.3608,False,6,"[0.0250331, -0.0106089, 0.1791827]","[0.1491593, 0.0065095, 1.03371]"
4783,4783,99,80.1585,14.36797,-6.486742,9.302481672136278,-4.585861678750114,8.351439,0.5483209,False,6,"[0.0248059, -0.010625, 0.1798403]","[0.1515398, 0.0098792, 1.032279]"
4784,4784,99,80.17450000000008,12.0694,2.882597,9.894891243858453,4.915380680545503,8.296453,0.7283685,False,6,"[0.045, -0.0201394, 0.1789159]","[0.1502099, 0.0130958, 1.030098]"
4785,4785,99,80.19150000000002,12.02698,2.93239,9.876654379017499,4.969725488625098,8.137424,0.9773685,True,6,"[0.0449981, -0.0200552, 0.1793847]","[0.1470859, 0.0175489, 1.028663]"
4786,4786,99,80.20950000000005,8.94775,-2.408974,6.430998476390183,0.11280652429139693,8.020808,1.272018,True,6,"[0.0453098, -0.0204032, 0.179256]","[0.1446981, 0.0228013, 1.026874]"
4787,4787,99,80.22450000000003,8.943268,-2.324025,6.447951747199476,0.1968658806500252,7.909414,1.571049,True,6,"[0.0456171, -0.0205911, 0.1794433]","[0.1423685, 0.0281059, 1.024758]"
4788,4788,99,80.24149999999997,8.552608,-2.10232,6.223885194347099,0.4645637537315679,7.718204,1.696314,True,6,"[0.0461195, -0.0206233, 0.1795442]","[0.1385729, 0.0302801, 1.022461]"
4789,4789,99,80.25850000000003,8.376009,-2.324225,6.046274974786044,0.26899033147942486,7.565835,1.696333,True,6,"[0.0460924, -0.0204589, 0.1799356]","[0.1354478, 0.0302008, 1.019772]"
4790,4790,99,80.27449999999999,7.850752,-1.615827,5.842221475914449,1.0321704746193578,7.355405,1.96289,True,6,"[0.0391155, 0.0092113, 0.1829339]","[0.1312729, 0.0348529, 1.016942]"
4791,4791,99,80.29150000000004,7.776362,-1.404551,5.83960876828245,1.249296809520425,7.214433,1.966178,True,6,"[0.039073, 0.0093946, 0.1833992]","[0.1282879, 0.0347915, 1.013451]"
4792,4792,99,80.30950000000007,7.530923,-0.9178575,5.781143847751034,1.7589110444294944,7.055159,2.210145,False,6,"[0.02871, -0.0076711, 0.1823437]","[0.1249864, 0.0389753, 1.009894]"
4793,4793,99,80.32650000000001,7.220463,0.2257587,5.832284817757742,2.9224390317528224,6.943077,2.384559,False,6,"[0.0287606, -0.0074171, 0.1827586]","[0.122488, 0.0418859, 1.005845]"
4794,4794,99,80.34350000000006,7.549561,0.3514504,6.095071613049798,3.0040115453864056,6.88223,2.622641,False,6,"[0.0275921, -0.006735, 0.1834705]","[0.1207989, 0.0458438, 1.000831]"
4795,4795,99,80.3605,7.110515,-0.684495,5.538777147667888,2.041858550125946,6.769128,2.742066,False,6,"[0.027056, -0.0074582, 0.1837551]","[0.1181921, 0.0476912, 0.9957522]"
4796,4796,99,80.37750000000005,6.896334,-0.2074046,5.500168221297689,2.5380497051957702,6.898026,2.837699,False,6,"[0.0253739, -0.0051911, 0.1840213]","[0.1197537, 0.049066, 0.9898775]"
4797,4797,99,80.3945,7.158702,-0.6041821,5.591922588885018,2.1146466655283187,6.924377,2.801468,False,6,"[0.0251491, -0.0045154, 0.1841576]","[0.1194887, 0.0481456, 0.9838915]"
4798,4798,99,80.41150000000005,7.53831,-1.321639,5.690707737525423,1.3611325182137897,6.840334,2.713282,False,6,"[0.0243912, -0.0029559, 0.1845002]","[0.1173817, 0.0463738, 0.9785326]"
4799,4799,99,80.42849999999999,7.235874,-1.437047,5.4492345823495665,1.286267639228508,6.824996,2.130225,False,6,"[0.0233533, 0.0007263, 0.1843312]","[0.1164055, 0.0361773, 0.9725968]"
4800,4800,99,80.44450000000006,7.547918,-1.675527,5.6136651896580565,1.0121061990876674,6.497353,1.570476,False,6,"[0.0244437, 0.0011313, 0.1844356]","[0.110181, 0.0265243, 0.967444]"
4801,4801,99,80.4615,7.087681,-2.051586,5.198711205515867,0.7011917062771231,6.401121,1.859121,False,6,"[0.0228974, -0.002193, 0.1835569]","[0.1079988, 0.0312472, 0.9626615]"
4802,4802,99,80.47850000000005,7.609549,-0.9816174,5.821706081504166,1.6862235801509788,6.969221,1.633945,False,6,"[0.0222098, -0.0006647, 0.1836306]","[0.1169125, 0.0272824, 0.9564235]"
4803,4803,99,80.49450000000002,7.327443,-1.335914,5.538028063405973,1.373986903594576,6.981973,1.675657,False,6,"[0.0229366, -0.0019258, 0.1826205]","[0.1164494, 0.027817, 0.9508771]"
4804,4804,99,80.51150000000007,8.006843,-0.8874828,6.1253001590976,1.7280873060651503,6.888235,2.278657,False,6,"[0.0241135, -0.004204, 0.1822185]","[0.1143208, 0.0376553, 0.9463253]"
4805,4805,99,80.52850000000001,7.45043,-1.306937,5.631970428403331,1.3867856552360678,7.072195,2.558141,False,6,"[0.0230474, -0.0045538, 0.1815246]","[0.1168517, 0.0420805, 0.9418679]"
4806,4806,99,80.54450000000008,8.02945,-1.42913,6.0129761425607615,1.192873843878516,7.07147,2.838363,False,6,"[0.0239783, -0.0052935, 0.1809636]","[0.1163921, 0.0465184, 0.9382608]"
4807,4807,99,80.56150000000002,7.851316,-2.336125,5.671963650567483,0.32418918760823834,7.158431,2.863096,False,6,"[0.0224656, -0.0064724, 0.1806815]","[0.1173722, 0.0467388, 0.9345493]"
4808,4808,99,80.57850000000008,7.261127,-1.837186,5.3723109176195125,0.889791191669203,7.357272,2.46837,False,6,"[0.0242094, -0.0031049, 0.1812104]","[0.120186, 0.0401254, 0.930815]"
4809,4809,99,80.59550000000002,7.958085,-2.189952,5.782190135982609,0.4542359165716876,7.390628,1.925084,False,6,"[0.0232764, -0.0042213, 0.1810131]","[0.1202844, 0.031169, 0.9273261]"
4810,4810,99,80.61149999999998,8.241575,-1.781422,6.0796973397444605,0.8195967678361691,7.227333,1.852316,False,6,"[0.0254519, -0.0028029, 0.1809428]","[0.1172668, 0.0299055, 0.9247147]"
4811,4811,99,80.62850000000003,8.016504,-2.12505,5.838928774737112,0.51057368998188,7.39288,1.902147,False,6,"[0.0235997, -0.0041172, 0.1804636]","[0.1195652, 0.0306038, 0.9214978]"
4812,4812,99,80.6445,8.424726,-1.428392,6.293013380577969,1.1432046045110047,7.400862,2.076609,False,6,"[0.0254629, -0.0045033, 0.1805044]","[0.1193535, 0.0333176, 0.9188631]"
4813,4813,99,80.66250000000002,8.328109,-1.622975,6.178505114613755,0.9642861942074337,7.34291,2.269616,False,6,"[0.024729, -0.007316, 0.1793315]","[0.118108, 0.0363249, 0.9165307]"
4814,4814,99,80.68450000000007,7.344265,-1.013223,5.626392145137833,1.6889831743610424,7.373139,2.56329,False,6,"[0.0231316, -0.0058233, 0.1815479]","[0.1182737, 0.0409182, 0.9140118]"
4815,4815,99,80.69550000000004,6.929967,-0.9940749,5.337598524528796,1.7606216405226045,7.411367,2.712306,False,6,"[0.0249821, -0.0068338, 0.1787056]","[0.118606, 0.0431956, 0.9117992]"
4816,4816,99,80.7115,7.001695,-0.6493776,5.470050882892645,2.0902456401006515,7.355494,2.788725,False,6,"[0.0260224, -0.0055877, 0.1796596]","[0.1174438, 0.0443172, 0.9098]"
4817,4817,99,80.72850000000005,6.829746,-1.144691,5.230955453901139,1.625373411828787,7.438323,2.86596,False,6,"[0.0251276, -0.0066205, 0.1784194]","[0.1185169, 0.0454452, 0.9077752]"
4818,4818,99,80.74450000000002,6.664297,-1.056289,5.134759351382744,1.73334839131405,7.336067,2.965016,False,6,"[0.0265626, -0.0044721, 0.1793461]","[0.1166895, 0.0469463, 0.9063765]"
4819,4819,99,80.76150000000007,6.650346,-0.7596635,5.195160017539962,2.0266507830860303,7.190248,2.924542,False,6,"[0.0261101, -0.0050538, 0.1783654]","[0.1141683, 0.0462326, 0.9049736]"
4820,4820,99,80.77850000000001,7.389673,-0.9649537,5.669978051174883,1.7306331175224416,7.014509,2.870713,False,6,"[0.0231169, -0.0031721, 0.1793561]","[0.1112459, 0.0453381, 0.9041323]"
4821,4821,99,80.79550000000006,7.154936,-0.5737686,5.596461935836767,2.145017209787928,6.937728,2.853148,False,6,"[0.0216194, -0.0030864, 0.177873]","[0.1098569, 0.0449949, 0.9028233]"
4822,4822,99,80.81150000000002,6.861519,-1.032631,5.280001198949334,1.731455253917439,6.816453,2.805099,False,6,"[0.0220245, -0.0020326, 0.1793312]","[0.1077871, 0.0441822, 0.901727]"
4823,4823,99,80.82850000000008,6.766193,-1.417655,5.121286606115489,1.3652067025091634,6.630733,2.808799,False,6,"[0.0212772, -0.0035497, 0.1776512]","[0.1047105, 0.0441929, 0.9007543]"
4824,4824,99,80.84550000000002,6.184689,-1.820288,4.614177379932161,1.043635841828383,6.430462,2.802861,False,6,"[0.0209063, -0.0032991, 0.1789286]","[0.1014454, 0.0440666, 0.900086]"
4825,4825,99,80.86350000000004,4.633404,-2.576863,3.3365881082516102,0.4978498989973401,6.203845,2.836914,False,6,"[0.0209078, -0.0023777, 0.1793209]","[0.0978067, 0.0445869, 0.8997636]"
4826,4826,99,80.87950000000001,4.357655,-2.311617,3.204196556502851,0.7936896589434492,5.909054,2.699622,False,6,"[0.0231124, -0.0030016, 0.1782069]","[0.0930208, 0.0423783, 0.898755]"
4827,4827,99,80.89650000000006,4.401768,-2.176336,3.267480892371741,0.9210198643225174,5.806546,2.499571,False,6,"[0.0224706, -0.0017926, 0.1790052]","[0.0914286, 0.0392478, 0.8990762]"
4828,4828,99,80.91250000000002,4.032611,-2.537409,2.920563725656783,0.6132216472406036,5.543861,2.355633,False,6,"[0.0214259, -0.0032094, 0.1780564]","[0.0871663, 0.0369428, 0.8980497]"
4829,4829,99,80.92950000000008,4.054664,-1.932764,3.079433612003366,1.2046555968086419,5.422074,2.32322,False,6,"[0.0209146, -0.0043625, 0.1762793]","[0.0853102, 0.0364641, 0.8987918]"
4830,4830,99,80.94550000000004,7.901906,-0.9460186,6.037134271782786,1.683936913529414,5.291699,2.343259,False,6,"[0.0192523, -0.0056463, 0.177663]","[0.0831328, 0.0367285, 0.8975585]"
4831,4831,99,80.96249999999998,7.451704,-1.478166,5.592303882834076,1.2183392486215916,5.325212,2.490556,False,6,"[0.0142331, -0.0079038, 0.1756196]","[0.0837578, 0.0390845, 0.898582]"
4832,4832,99,80.97950000000003,7.669628,-1.299723,5.788875664856679,1.3659295778424596,5.249651,2.261901,False,6,"[0.0135356, -0.0071703, 0.1776274]","[0.0823886, 0.0354175, 0.8966886]"
4833,4833,99,80.99650000000008,7.17477,-1.645415,5.356604125857035,1.0892736961625014,5.17963,2.386501,False,6,"[0.0137045, -0.0067657, 0.1780339]","[0.081395, 0.037422, 0.8979169]"
4834,4834,99,81.01250000000005,3.334686,-2.269583,2.4898753806111644,0.965421115348787,5.042635,2.444282,False,6,"[0.0124801, -0.0078449, 0.1770262]","[0.0791243, 0.0382775, 0.8967094]"
4835,4835,99,81.02949999999998,2.815943,-2.184563,2.142739605594736,1.115114438031811,4.970664,2.418746,False,6,"[0.0126745, -0.0060338, 0.1788015]","[0.0781348, 0.0379479, 0.8983829]"
4836,4836,99,81.04550000000006,3.306208,-1.707693,2.6028386661608716,1.5212777214332522,4.789072,2.344542,False,6,"[0.0245553, -0.0029214, 0.1769176]","[0.0752206, 0.0367598, 0.8978325]"
4837,4837,99,81.0625,2.627925,-1.628955,2.1412573867885847,1.6851371712386078,4.711033,2.597303,False,6,"[0.0229233, -0.0045226, 0.1752615]","[0.0741492, 0.040816, 0.899772]"
4838,4838,99,81.07950000000005,2.815025,-1.042276,2.4127268550185637,2.2378719435118155,4.575315,2.878802,False,6,"[0.0237219, -0.0039966, 0.1761543]","[0.0720295, 0.0452629, 0.900093]"
4839,4839,99,81.09649999999999,1.681044,-1.591302,1.479769886539808,1.8428623629035006,4.44902,3.049399,False,6,"[0.0220278, -0.0050267, 0.1749874]","[0.0702106, 0.0480716, 0.9023743]"
4840,4840,99,81.11250000000007,2.307225,-1.367508,1.9761396524634178,1.982974166305454,4.256508,3.083099,False,6,"[0.0102225, -0.0069532, 0.1754421]","[0.0672761, 0.0486872, 0.9039203]"
4841,4841,99,81.12950000000001,1.993656,-1.242181,1.7838204583014707,2.1461231837568473,4.036988,3.011815,False,6,"[0.0085724, -0.0066482, 0.1742813]","[0.0639804, 0.0476979, 0.9065523]"
4842,4842,99,81.14750000000004,1.802026,-1.823304,1.5104600295853738,1.5994263911670772,3.67882,2.732384,False,6,"[0.0101083, -0.0052168, 0.1749795]","[0.0584607, 0.043394, 0.9092444]"
4843,4843,99,81.1635,2.034224,-1.888692,1.6593682119133621,1.5055596204526882,3.623418,2.846442,False,6,"[0.0079868, -0.0049486, 0.1740105]","[0.0577556, 0.0453477, 0.9120498]"
4844,4844,99,81.17950000000008,1.515411,-2.632109,1.1159048141619805,0.8410734007513603,3.291225,2.463481,False,6,"[0.0086041, -0.0031835, 0.1749828]","[0.0525989, 0.0393512, 0.9146682]"
4845,4845,99,81.19650000000001,0.7869983,-2.226992,0.6961584130368799,1.3320894995886574,3.127027,2.233126,False,6,"[0.0051035, -0.0048309, 0.1738952]","[0.0501012, 0.0357617, 0.9170803]"
4846,4846,99,81.21350000000007,1.230391,-2.495947,0.9463659066008333,1.0112312933868823,3.119743,2.23391,False,6,"[0.007054, -0.0041795, 0.1750784]","[0.050126, 0.0358757, 0.9196817]"
4847,4847,99,81.2305,1.125904,-2.046153,0.9789550487648233,1.4666104147391663,3.114371,2.1964,False,6,"[0.0061021, -0.0038011, 0.175298]","[0.0501548, 0.035354, 0.9218009]"
4848,4848,99,81.24750000000006,1.136306,-2.197907,0.9503654174293327,1.3161403044321762,2.895452,2.440793,False,6,"[0.0055164, -0.0055816, 0.1753382]","[0.0467246, 0.0393779, 0.9238084]"
4849,4849,99,81.2645,2.014414,-1.840994,1.6566432668078794,1.554962865879455,2.850745,2.766729,False,6,"[0.0062239, -0.0057783, 0.1752284]","[0.0461197, 0.0447583, 0.9261727]"
4850,4850,99,81.28050000000007,1.513762,-1.85796,1.2981531291724606,1.6021178173448698,2.751462,2.976699,False,6,"[0.0046312, -0.0080477, 0.175059]","[0.044641, 0.0483017, 0.9288789]"
4851,4851,99,81.29750000000001,1.239313,-1.916162,1.090048838849133,1.5799069155196444,2.682364,3.139234,False,6,"[0.0023953, -0.0067811, 0.1743751]","[0.0436353, 0.0510812, 0.931376]"
4852,4852,99,81.31349999999998,1.026152,-1.962056,0.9282536167880102,1.561978592195687,2.630033,2.934773,False,6,"[0.0037654, -0.0076421, 0.1753185]","[0.0429033, 0.0478827, 0.9339997]"
4853,4853,99,81.33050000000003,0.9371419,-2.08064,0.8371372907639796,1.456782233345416,2.460938,2.845412,False,6,"[0.0034681, -0.0063047, 0.1764669]","[0.0402457, 0.046543, 0.9364273]"
4854,4854,99,81.34750000000008,0.5591939,-1.770581,0.643004396485175,1.8096938009302275,2.238538,2.654088,False,6,"[0.0034846, -0.0067425, 0.1756799]","[0.0366913, 0.0435114, 0.9386419]"
4855,4855,99,81.36350000000004,-0.08031205,-1.801234,0.1829604079032024,1.8610999334502765,1.812316,2.81469,False,6,"[0.0062275, -0.005691, 0.1770552]","[0.0297905, 0.0462891, 0.9415014]"
4856,4856,99,81.38049999999998,0.1835687,-1.629317,0.4105242028413361,1.996417385155449,1.480551,2.720032,False,6,"[0.0046385, -0.0056938, 0.1755252]","[0.024378, 0.0448103, 0.9431924]"
4857,4857,99,81.39750000000004,-0.1156608,-1.63057,0.19836756581299492,2.033335317288354,1.208495,2.77403,False,6,"[0.0038282, -0.0059203, 0.1769576]","[0.0199589, 0.0458434, 0.9461262]"
4858,4858,99,81.4135,-0.6430829,-1.981271,-0.2581466920289446,1.7559082506428947,0.9733105,2.772583,False,6,"[0.0031436, -0.0060124, 0.1755055]","[0.0160714, 0.0458126, 0.9459832]"
4859,4859,99,81.43050000000005,-0.9124815,-2.859852,-0.6570441237519269,0.9267844042298412,0.7392052,2.74807,False,6,"[0.0028952, -0.0064303, 0.1769956]","[0.0122342, 0.0455141, 0.9482162]"
4860,4860,99,81.44650000000001,-0.6626472,-2.466593,-0.38698384300053856,1.2814277400225507,0.4777733,2.623439,False,6,"[0.0017148, -0.005431, 0.1756917]","[0.0079058, 0.0434396, 0.9480556]"
4861,4861,99,81.46350000000007,-1.148582,-3.198202,-0.9043712753573834,0.6243547220213879,0.1659438,2.377085,False,6,"[-0.0002418, -0.0054257, 0.1725309]","[0.0027522, 0.0394466, 0.9502503]"
4862,4862,99,81.4805,-0.9341629,-2.779947,-0.6534633853143121,1.0080793005470094,-0.06937088,2.242163,False,6,"[0.0005642, -0.0050087, 0.1760877]","[-0.0011484, 0.0371369, 0.9485046]"
4863,4863,99,81.49750000000006,-1.367443,-3.411911,-1.109961893590717,0.4422244032207594,-0.2009607,2.148068,False,6,"[-0.0003594, -0.0050684, 0.1780465]","[-0.0033329, 0.0356414, 0.950224]"
4864,4864,99,81.5145,-1.172718,-2.908243,-0.8527612345659441,0.9124037793966471,-0.4688766,2.137876,False,6,"[-0.0019794, -0.0061006, 0.1763525]","[-0.0077578, 0.0353881, 0.9479716]"
4865,4865,99,81.53150000000005,-1.023564,-2.208964,-0.5814803643066089,1.5806397241488428,-0.6477019,2.350566,False,6,"[-0.0027372, -0.0085853, 0.1718597]","[-0.0107396, 0.0389951, 0.9499854]"
4866,4866,99,81.54750000000001,-1.501011,-2.649324,-1.023853895257649,1.2087243013950357,-0.7679603,2.335135,False,6,"[-0.0020395, -0.007596, 0.1763365]","[-0.0126956, 0.0386227, 0.9471363]"
4867,4867,99,81.56450000000007,-1.776555,-2.536906,-1.1923091926360303,1.3543384594791688,-0.871707,2.362209,False,6,"[-0.0034575, -0.009636, 0.1724499]","[-0.0144404, 0.0391508, 0.9490702]"
4868,4868,99,81.5815,-1.999586,-2.510708,-1.3440120974448915,1.408520551010494,-1.191887,2.349098,False,6,"[-0.0028848, -0.0085908, 0.1769211]","[-0.019661, 0.0387661, 0.9449963]"
4869,4869,99,81.59850000000006,-2.506566,-2.624416,-1.729903242171888,1.361404166440698,-1.415569,2.477803,False,6,"[-0.0041211, -0.0102928, 0.1726408]","[-0.0233826, 0.040946, 0.946229]"
4870,4870,99,81.61450000000002,-2.567652,-2.57312,-1.7609998651616925,1.419605890523807,-1.705107,2.367078,False,6,"[-0.0036223, -0.0089894, 0.1769499]","[-0.0280522, 0.0389536, 0.9423461]"
4871,4871,99,81.63150000000007,-2.240817,-2.184996,-1.437638343072278,1.7593855678541435,-1.933215,2.513102,False,6,"[-0.0031922, -0.0068918, 0.1786688]","[-0.0318307, 0.0413895, 0.943027]"
4872,4872,99,81.64750000000004,-2.278268,-2.116945,-1.448031277752393,1.8310408432070453,-2.059414,2.543047,False,6,"[-0.0046371, -0.0081885, 0.1769636]","[-0.0337955, 0.0417415, 0.9398341]"
4873,4873,99,81.66550000000007,-1.852777,-2.070314,-1.1357280526097577,1.8226231043548788,-2.1554,2.646678,False,6,"[-0.0055648, -0.0079491, 0.1794127]","[-0.035401, 0.0434804, 0.9406012]"
4874,4874,99,81.68150000000003,-2.315878,-2.262938,-1.5092493234923516,1.6923537959063488,-2.215672,2.585602,False,6,"[-0.006205, -0.0077928, 0.1777234]","[-0.036217, 0.0422715, 0.9360804]"
4875,4875,99,81.69850000000008,-2.756542,-3.007241,-1.997591765699863,1.017033438816655,-2.206366,2.560787,False,6,"[-0.0078833, -0.0082545, 0.1800843]","[-0.0360724, 0.0418741, 0.9362793]"
4876,4876,99,81.71450000000004,-2.668158,-2.760796,-1.8766251656001396,1.2479715012527977,-2.255465,2.456853,False,6,"[-0.0079878, -0.0080049, 0.1781251]","[-0.0366601, 0.0399373, 0.9307994]"
4877,4877,99,81.73149999999998,-2.153004,-2.450109,-1.4382772863092077,1.4876368657072438,-2.373384,2.285582,False,6,"[-0.0070568, -0.0068809, 0.180345]","[-0.0385553, 0.0371275, 0.9302305]"
4878,4878,99,81.74750000000006,-2.380579,-2.479523,-1.6063733384187424,1.4877427683478,-2.550327,2.050043,False,6,"[-0.0071173, -0.0066129, 0.1788977]","[-0.0412064, 0.0331154, 0.9251338]"
4879,4879,99,81.7645,-2.655935,-2.398176,-1.7820570486041416,1.6027963572528532,-2.586926,1.944785,False,6,"[-0.0058813, -0.0065724, 0.181812]","[-0.0417494, 0.0313768, 0.9240453]"
4880,4880,99,81.78150000000005,-2.312037,-1.493014,-1.3241150028668474,2.4485459481885394,-2.648302,1.885184,False,6,"[-0.0072636, -0.0070974, 0.1796061]","[-0.042469, 0.0302208, 0.9181584]"
4881,4881,99,81.79849999999999,-1.309868,-1.998075,-0.7342236156612489,1.824403064780972,-2.602013,2.082964,False,6,"[-0.008726, -0.009521, 0.1812332]","[-0.0416442, 0.0333288, 0.9163653]"
4882,4882,99,81.81450000000007,-1.784831,-2.076761,-1.0891485453275758,1.8076244136049178,-2.24658,2.050588,False,6,"[-0.0083889, -0.0086806, 0.1800116]","[-0.0356905, 0.032574, 0.909767]"
4883,4883,99,81.8315,-1.528458,-2.093076,-0.9114973786134586,1.7589045016072382,-2.208932,2.000708,False,6,"[-0.0068513, -0.0077979, 0.182242]","[-0.0349852, 0.0316845, 0.907003]"
4884,4884,99,81.84850000000006,-1.331725,-2.566443,-0.8843597749417889,1.2685971879111202,-2.083599,1.685126,False,6,"[-0.0075193, -0.0078323, 0.1808715]","[-0.0327522, 0.0264845, 0.9002382]"
4885,4885,99,81.86450000000002,-1.272851,-2.613833,-0.8539038550079265,1.2145162957853732,-1.971738,1.587403,False,6,"[-0.00848, -0.007656, 0.1828049]","[-0.0308761, 0.0248543, 0.8968606]"
4886,4886,99,81.88150000000007,-1.073754,-2.687413,-0.7303726608789043,1.1168185359445424,-1.656291,1.107421,False,6,"[-0.0073418, -0.0047395, 0.1818423]","[-0.0257505, 0.0172145, 0.8905342]"
4887,4887,99,81.89850000000001,-0.3486389,-2.769006,-0.2363098508905752,0.9441824698447525,-1.625418,0.9753459,False,6,"[-0.0041439, -0.0063226, 0.1812297]","[-0.0251393, 0.0150825, 0.885919]"
4888,4888,99,81.91449999999998,-0.175723,-2.758842,-0.1114742273960222,0.9321262541867248,-1.049325,1.323392,False,6,"[-0.0056453, -0.0065695, 0.1811652]","[-0.0161291, 0.0203432, 0.8805928]"
4889,4889,99,81.93150000000003,-0.01059189,-1.905232,0.20768370748619192,1.7500018599337377,-0.598029,1.151681,False,6,"[-0.0048589, -0.0066551, 0.1820961]","[-0.0091533, 0.0176291, 0.8769239]"
4890,4890,99,81.94749999999999,0.2519575,-1.727896,0.43558877670351315,1.8908148464653527,-0.1204339,1.674402,False,6,"[-0.0042028, -0.0081035, 0.1807891]","[-0.0018317, 0.0254732, 0.8714108]"
4891,4891,99,81.96450000000004,1.47,-0.5389976,1.5796650226556,2.9039742995787403,0.3530094,2.031885,False,6,"[-0.0040306, -0.0082814, 0.1814037]","[0.0053491, 0.0308011, 0.8681762]"
4892,4892,99,81.98149999999998,1.424688,-1.026873,1.431993079272313,2.43026693261392,0.8806384,2.143976,False,6,"[-0.0033839, -0.0084746, 0.1805468]","[0.0132593, 0.0322932, 0.8626034]"
4893,4893,99,81.99850000000004,1.771703,-1.135454,1.6519601906306338,2.2793117967549246,1.277043,2.595519,False,6,"[-0.0010997, -0.0087408, 0.1807224]","[0.0191658, 0.0389737, 0.8597518]"
4894,4894,99,82.0145,1.891902,-1.529498,1.6437040326985164,1.8767206596120092,1.731218,2.717062,False,6,"[-0.0005515, -0.0086659, 0.1798345]","[0.0258376, 0.040569, 0.8548533]"
4895,4895,99,82.03150000000005,2.319919,-2.109967,1.8092195696268056,1.2516665543652103,1.913712,2.457102,False,6,"[-3.34e-05, -0.0060076, 0.1805986]","[0.0284874, 0.0365851, 0.8525839]"
4896,4896,99,82.04849999999999,2.51989,-2.04171,1.966974409465168,1.2932548699300987,2.23548,2.068005,False,6,"[0.0007927, -0.005438, 0.1802653]","[0.033094, 0.0306125, 0.8477747]"
4897,4897,99,82.06550000000004,2.311783,-2.251951,1.7698194716170033,1.1131618544997925,2.281522,1.682255,False,6,"[0.0046359, -0.0016995, 0.1806523]","[0.0337052, 0.0248462, 0.8459902]"
4898,4898,99,82.08150000000012,2.315369,-2.120404,1.8035252951916432,1.2419891522303574,2.426771,1.349711,False,6,"[0.0044733, -0.0032239, 0.1798616]","[0.035681, 0.0198367, 0.8419198]"
4899,4899,99,82.09849999999994,2.596167,-1.616514,2.1217197553990426,1.701413087219157,2.69689,1.246303,False,6,"[0.0055897, -0.0035816, 0.1807084]","[0.0395858, 0.018283, 0.8403838]"
4900,4900,99,82.11450000000002,2.501333,-1.517598,2.0780113570120036,1.8107183824222823,2.841957,1.240672,False,6,"[0.0059319, -0.004795, 0.1795823]","[0.0414931, 0.018102, 0.8358436]"
4901,4901,99,82.13150000000007,0.8681974,-1.5582,0.9121028588304609,1.9790265085681398,2.844472,1.528445,False,6,"[0.0073073, -0.0066454, 0.180373]","[0.0414942, 0.0222834, 0.8351247]"
4902,4902,99,82.14850000000013,2.022534,-1.779196,1.6770339079637218,1.6146627483659053,2.945539,1.786924,False,6,"[0.0078683, -0.0063738, 0.1787902]","[0.0427761, 0.0259358, 0.8313349]"
4903,4903,99,82.16449999999998,1.823274,-1.727924,1.5481019672195813,1.6904569713053166,2.812122,1.936171,False,6,"[0.0072443, -0.0070567, 0.1794482]","[0.0408244, 0.0280961, 0.8311122]"
4904,4904,6,82.18150000000003,2.084394,-1.814946,1.7123617844024668,1.5716409651831147,2.914395,2.073332,False,6,"[0.0072057, -0.0065984, 0.1782141]","[0.0421302, 0.0299591, 0.8275478]"
4905,4905,6,82.19850000000008,1.912791,-1.745452,1.607328749060825,1.661817735012911,3.023225,2.059164,False,6,"[0.0081101, -0.0050477, 0.1788629]","[0.0437071, 0.0297547, 0.8275618]"
4906,4906,6,82.21449999999993,2.2445,-1.892567,1.8073292451494316,1.47494275009378,3.048904,2.069458,False,6,"[0.0077733, -0.0047143, 0.1779425]","[0.0439515, 0.0298171, 0.825167]"
4907,4907,6,82.23950000000002,2.303708,-1.960282,1.8332061270146736,1.4008438513154093,2.926577,2.030353,False,6,"[0.0027297, -0.0049, 0.1801316]","[0.0422387, 0.0292904, 0.8262188]"
4908,4908,6,82.24950000000001,2.291885,-2.100779,1.7915478765062385,1.2642706392733691,2.968833,1.886679,False,6,"[0.0062798, -0.0055237, 0.1778246]","[0.0427293, 0.0271398, 0.8238986]"
4909,4909,6,82.26650000000006,2.109838,-2.382456,1.5959188505440876,1.0106478300120765,2.921794,1.867785,False,6,"[0.0057037, -0.0054053, 0.1791778]","[0.042122, 0.0269131, 0.8252876]"
4910,4910,6,82.28250000000014,2.382647,-2.561236,1.7467148526969538,0.8001617423564276,3.083243,1.669818,False,6,"[0.0064623, -0.0056263, 0.1775566]","[0.0443311, 0.0239924, 0.8230078]"
4911,4911,6,82.29949999999997,2.232858,-2.411576,1.6761199045495807,0.9663446019151767,2.79537,1.629426,False,6,"[0.0059696, -0.005447, 0.1787474]","[0.0402542, 0.0234519, 0.8244213]"
4912,4912,6,82.31550000000004,2.133195,-2.603731,1.560030272539166,0.7902007724954649,2.959073,1.503921,False,6,"[0.0069455, -0.0058556, 0.1772084]","[0.0425401, 0.0216063, 0.8229601]"
4913,4913,6,82.3325000000001,1.850783,-2.922161,1.2846333223141806,0.5132528282358115,2.744661,1.567099,False,6,"[0.0071828, -0.0061111, 0.1785488]","[0.0395441, 0.0225666, 0.8248661]"
4914,4914,6,82.34949999999992,2.060363,-2.740837,1.4759799881184537,0.6647383999233494,2.765672,1.49712,False,6,"[0.0070818, -0.0064907, 0.1769457]","[0.0397882, 0.0215264, 0.823642]"
4915,4915,6,82.36649999999997,1.716486,-2.345116,1.3262654973860197,1.097494859888843,2.577402,1.586832,False,6,"[0.006541, -0.0073871, 0.1775509]","[0.0371741, 0.0228774, 0.8258245]"
4916,4916,6,82.38250000000005,1.897403,-2.431638,1.4338586374192224,0.9893954987473661,2.531294,1.524911,False,6,"[0.0073288, -0.0078788, 0.1761338]","[0.0364975, 0.0219778, 0.8255825]"
4917,4917,6,82.3995000000001,1.50608,-2.028791,1.2522398739306073,1.4352043841816435,2.473139,1.609723,False,6,"[0.0068951, -0.0074476, 0.1768407]","[0.0357807, 0.0232807, 0.8284253]"
4918,4918,6,82.41649999999993,1.36857,-2.202451,1.1137358395454209,1.282062645277461,2.553415,1.708799,False,6,"[0.0065373, -0.007981, 0.1755041]","[0.0369606, 0.0247258, 0.8288051]"
4919,4919,6,82.43349999999998,0.9051312,-0.8913581,1.096244661782019,2.6296904315935183,2.501642,1.931514,False,6,"[0.0056943, -0.0089953, 0.1762202]","[0.0363562, 0.0280633, 0.8321455]"
4920,4920,6,82.45050000000003,0.9946494,-0.563135,1.2373896335722832,2.9408554668027613,2.711302,2.148622,False,6,"[0.0062885, -0.0083682, 0.1747994]","[0.039451, 0.031255, 0.8330629]"
4921,4921,6,82.46750000000009,1.235892,-2.008018,1.0658636583199772,1.4900669243442053,2.659198,2.224463,False,6,"[0.005277, -0.0072115, 0.1760919]","[0.0388736, 0.0325114, 0.8369787]"
4922,4922,6,82.48349999999994,0.7130665,-0.7669185,0.9897424093290053,2.7764764797993546,2.783261,2.202297,False,6,"[0.0057658, -0.007391, 0.1740467]","[0.0407523, 0.0322364, 0.8382606]"
4923,4923,6,82.50049999999999,1.213178,-1.438258,1.1847725633261914,2.052923307811527,2.958546,2.078767,False,6,"[0.0045919, -0.0061868, 0.1746504]","[0.0435648, 0.0305962, 0.8429342]"
4924,4924,6,82.51750000000004,1.52243,-1.6699,1.3488464836514948,1.7858382166793436,3.443692,2.082267,False,6,"[0.0041393, -0.0066634, 0.1732594]","[0.0508865, 0.0307456, 0.8456249]"
4925,4925,6,82.5345000000001,2.482025,-1.598387,2.045199957317294,1.7337805127854748,3.60376,1.847862,False,6,"[0.0027503, -0.0027084, 0.1740794]","[0.0535471, 0.0274301, 0.8502169]"
4926,4926,6,82.55049999999994,2.25143,-1.315791,1.9488888966318172,2.040915089065383,3.477704,1.436586,False,6,"[0.0030123, -0.0017053, 0.1735015]","[0.0518677, 0.0214039, 0.85348]"
4927,4927,6,82.5675,2.8598,-0.6899956,2.5278926452036616,2.5783849122455758,3.641521,1.738027,False,6,"[0.0037251, -0.0060539, 0.1726681]","[0.0546678, 0.0260647, 0.8589865]"
4928,4928,6,82.58350000000007,3.01869,-0.9499138,2.578808254780208,2.3026799109861535,4.40875,1.757139,False,6,"[0.0021551, -0.0023179, 0.1731558]","[0.0664274, 0.0264311, 0.8615804]"
4929,4929,6,82.60050000000012,3.829241,-1.219068,3.088923111510903,1.9348161677211033,4.471571,1.417829,False,6,"[0.0036658, -0.0043462, 0.1731043]","[0.0677648, 0.0214474, 0.8665304]"
4930,4930,6,82.61649999999997,3.989019,-1.271238,3.1896883398513385,1.863173030740865,4.859918,1.674818,False,6,"[0.0046, -0.0050459, 0.1730794]","[0.0740018, 0.0254484, 0.8703472]"
4931,4931,6,82.63350000000003,4.6208,-2.23697,3.408193659285071,0.833503888443031,5.236722,1.526939,False,6,"[0.0074917, -0.0048228, 0.1728328]","[0.0801186, 0.0233017, 0.8741481]"
4932,4932,6,82.65050000000008,5.013444,-2.563783,3.6087621269343435,0.4622528547436118,5.460621,1.4851,False,6,"[0.0068329, -0.003992, 0.173798]","[0.0839567, 0.0227692, 0.8782498]"
4933,4933,6,82.66750000000013,5.81072,-2.774727,4.123269544857719,0.15329059394024425,5.718299,1.043739,False,6,"[0.0087406, -0.0021072, 0.174972]","[0.0883175, 0.0160685, 0.8819765]"
4934,4934,6,82.68349999999998,5.591753,-2.61741,4.005509491839804,0.3358184033024525,5.831571,0.5880618,False,6,"[0.0092118, -0.0028963, 0.174681]","[0.0903358, 0.0090784, 0.8844911]"
4935,4935,6,82.70050000000003,6.220924,-2.596641,4.455894379192598,0.27601589255294723,6.158306,0.3273895,False,6,"[0.0117311, -0.0037297, 0.1752675]","[0.0957837, 0.0050725, 0.8877203]"
4936,4936,6,82.71650000000011,6.295156,-2.396844,4.555789000822946,0.46291253519462394,6.413835,0.1761822,False,6,"[0.0122252, -0.0038903, 0.1753116]","[0.1000222, 0.002736, 0.8897781]"
4937,4937,6,82.73349999999994,6.25356,-2.747695,4.443212660438661,0.12339908457042892,6.493085,0.1982067,False,6,"[0.0142086, -0.0068671, 0.1757985]","[0.101614, 0.0030886, 0.8928125]"
4938,4938,6,82.75049999999999,6.484573,-2.724085,4.612367760167285,0.11715068898693559,6.67451,0.3231533,False,6,"[0.0153998, -0.0078603, 0.1755457]","[0.1047106, 0.0050468, 0.8947945]"
4939,4939,6,82.76650000000006,6.715941,-2.885272,4.737991037460581,-0.07076158797203647,6.578688,0.5014256,False,6,"[0.017838, -0.0084954, 0.175286]","[0.1033852, 0.0078455, 0.8964529]"
4940,4940,6,82.78350000000012,6.631615,-2.893545,4.676326653870578,-0.06814140385867162,6.424099,0.5152062,False,6,"[0.0172513, -0.008055, 0.1762038]","[0.1011801, 0.0080807, 0.8986284]"
4941,4941,6,82.80049999999994,9.256212,-1.411473,6.885728695754968,1.0538247576046889,6.440396,0.5266049,False,6,"[0.0192634, -0.0080145, 0.1767213]","[0.1015843, 0.0082714, 0.8999165]"
4942,4942,6,82.8175,9.521723,-1.301004,7.0998881226973305,1.1285432277405971,6.340303,0.402135,False,6,"[0.0195352, -0.0074123, 0.1770847]","[0.1000809, 0.0063218, 0.9007118]"
4943,4943,6,82.83450000000005,9.387818,-1.341463,6.9954952394206185,1.1058519165825227,6.196455,0.4940146,False,6,"[0.0194753, -0.0085296, 0.1777257]","[0.0979183, 0.0077763, 0.9018725]"
4944,4944,6,82.85050000000012,6.077406,-2.045258,4.484917934743985,0.8362128967031364,6.247343,0.7643522,False,6,"[0.0201541, -0.0084367, 0.1773148]","[0.0987018, 0.0120288, 0.9016262]"
4945,4945,6,82.86749999999995,5.812648,-1.978913,4.313183435499008,0.9351713487347539,6.018728,0.9474803,False,6,"[0.0208209, -0.0089115, 0.1768155]","[0.0950571, 0.0149104, 0.9015729]"
4946,4946,6,82.88350000000003,5.843106,-1.925496,4.347404100293571,0.9837864611796983,5.922944,1.443191,False,6,"[0.0206266, -0.0089673, 0.1774131]","[0.0935896, 0.0227277, 0.9021143]"
4947,4947,6,82.90150000000006,11.213,-0.1984579,8.558563666005751,1.9965019446043635,5.785179,1.639786,False,6,"[0.0291487, -0.004407, 0.1788572]","[0.0914426, 0.025838, 0.9025577]"
4948,4948,6,82.91649999999993,11.38107,0.03692698,8.73332893372585,2.206410782077546,5.83021,1.690183,False,6,"[0.0298943, -0.0040476, 0.178226]","[0.0920016, 0.0265869, 0.9010128]"
4949,4949,6,82.93349999999998,5.964896,-1.852282,4.450979852770729,1.0402139755444728,5.90985,1.752924,False,6,"[0.0294383, -0.0041696, 0.1780571]","[0.093147, 0.0275389, 0.8998519]"
4950,4950,6,82.95050000000003,5.969166,-1.633897,4.505744119113915,1.254298516249822,5.962145,1.84555,False,6,"[0.019016, -0.0063782, 0.178604]","[0.093893, 0.0289691, 0.8990453]"
4951,4951,6,82.96750000000009,5.779294,-1.254626,4.461170458756653,1.6512534919684212,5.924209,1.83647,False,6,"[0.0181989, -0.006177, 0.1787723]","[0.0931424, 0.0287805, 0.8976113]"
4952,4952,6,82.98349999999994,5.859986,-1.410785,4.481303730479152,1.4874927285913806,5.984869,2.006715,False,6,"[0.0183313, -0.0060221, 0.1791275]","[0.0939467, 0.0313983, 0.8961194]"
4953,4953,6,83.00049999999999,5.468402,-1.873416,4.094446146001179,1.0827425017450216,6.044472,2.221725,False,6,"[0.0356284, -0.0006225, 0.1797224]","[0.094686, 0.0346913, 0.8941999]"
4954,4954,6,83.01750000000004,5.784068,-1.859023,4.321353319642354,1.0566430478357347,5.945821,2.256123,False,6,"[0.036226, 0.000116, 0.1799677]","[0.0929599, 0.0351648, 0.892573]"
4955,4955,6,83.0345000000001,5.503996,-1.650941,4.172357383723401,1.2968531364561118,5.875173,2.313017,False,6,"[0.0187555, -0.0058051, 0.1795047]","[0.091641, 0.0359715, 0.8905652]"
4956,4956,6,83.05049999999994,5.72343,-1.428427,4.380439827344051,1.487563962512735,5.762698,2.317926,False,6,"[0.0188066, -0.0051305, 0.1798635]","[0.0896942, 0.0359755, 0.8887775]"
4957,4957,6,83.0675,6.05534,-0.957121,4.727102497168061,1.90844794586654,5.727881,2.445612,False,6,"[0.0182467, -0.0039484, 0.1802835]","[0.0889965, 0.0378949, 0.8872608]"
4958,4958,6,83.08350000000007,6.232261,-0.5906761,4.93918592331515,2.2460342311570978,5.927341,2.507225,False,6,"[0.0184967, -0.0044384, 0.1802194]","[0.0917932, 0.038714, 0.8841375]"
4959,4959,6,83.1015000000001,6.332631,-0.7643614,4.9690991346076,2.062539819304634,5.998196,2.762689,False,6,"[0.0172615, -0.0058977, 0.1803092]","[0.0926668, 0.0425581, 0.8819331]"
4960,4960,6,83.11649999999997,6.31949,-0.5751415,5.00462614221997,2.2501806432241374,6.114884,2.76979,False,6,"[0.0183027, -0.0058646, 0.1806866]","[0.0941317, 0.0425089, 0.8786518]"
4961,4961,6,83.1345,6.09113,-0.5753043,4.842904658888578,2.279134727074551,6.115679,2.950182,False,6,"[0.0174836, -0.0052296, 0.1814415]","[0.0938381, 0.045135, 0.8757967]"
4962,4962,6,83.15050000000008,6.203182,-0.22788,5.0045532177275565,2.606297834877661,6.324346,2.766595,False,6,"[0.0181651, -0.0045194, 0.1812413]","[0.0965955, 0.0421169, 0.871556]"
4963,4963,6,83.16649999999993,6.694294,-0.8704063,5.200038155990889,1.9122096608096935,6.598767,2.778578,False,6,"[0.0192249, -0.0030277, 0.1812289]","[0.1003055, 0.0420823, 0.8670783]"
4964,4964,6,83.18349999999998,7.033973,-0.5746446,5.5106104492088255,2.159578096827107,6.853979,2.688166,False,6,"[0.0198829, -0.0018771, 0.1820699]","[0.1037247, 0.0405169, 0.8629462]"
4965,4965,6,83.20050000000003,7.450313,-0.3549171,5.85744562369507,2.322446399756722,7.032483,2.755871,False,6,"[0.0201452, -0.0024218, 0.1815246]","[0.1058346, 0.0412976, 0.8579323]"
4966,4966,6,83.21750000000009,7.827697,-0.5773107,6.071949387077802,2.0557643545235864,7.281176,2.793113,False,6,"[0.0201876, -0.0018299, 0.182288]","[0.1090555, 0.0416421, 0.8535367]"
4967,4967,6,83.23349999999994,8.467203,-0.09466704,6.63908163932724,2.448574954482713,7.728806,2.775879,False,6,"[0.0193551, -0.0018212, 0.1813755]","[0.1151093, 0.0411238, 0.8481547]"
4968,4968,6,83.25049999999999,5.480063,-0.9526485,4.320855874781664,1.9861867642165896,8.446912,2.826996,False,6,"[0.019844, -0.0007261, 0.1825724]","[0.1251774, 0.041624, 0.8429236]"
4969,4969,6,83.26750000000004,9.913198,-1.258116,7.387220606169127,1.1207836353169416,8.918373,2.93181,False,6,"[0.0212511, -0.0027507, 0.1810573]","[0.1313692, 0.0428741, 0.8371495]"
4970,4970,6,83.28350000000012,13.31958,-0.003635709,10.096217893455051,1.9194011351484142,9.159369,3.137902,False,6,"[0.0224289, -0.0018232, 0.1817774]","[0.134336, 0.045675, 0.8331586]"
4971,4971,6,83.30149999999992,9.466228,-0.9552369,7.142517814043193,1.475438548180592,9.515412,2.852333,False,6,"[0.0237198, -0.0011236, 0.1813852]","[0.1388771, 0.0412804, 0.8285275]"
4972,4972,6,83.3175,9.724845,-0.8829939,7.342739443366688,1.5134674087756008,9.844273,3.110341,False,6,"[0.0249534, -0.001829, 0.1815113]","[0.1429894, 0.0447767, 0.8240238]"
4973,4973,6,83.33450000000005,9.971158,-0.8297262,7.529753886182087,1.5344159933155228,10.30149,2.970714,False,6,"[0.0270899, -0.0003007, 0.1819752]","[0.149103, 0.0425717, 0.8203393]"
4974,4974,6,83.39350000000002,9.127337,-0.9306346,6.908405921236896,1.54282361316965,10.22987,2.727075,False,6,"[0.0180877, -0.003135, 0.1885357]","[0.1473542, 0.0388927, 0.8165174]"
4975,4975,6,83.40150000000006,9.135848,-0.1874797,7.0905043950919175,2.272111687267626,10.78702,3.075492,False,6,"[0.0315425, -0.0039638, 0.1804851]","[0.1538193, 0.0433778, 0.8073426]"
4976,4976,6,83.41850000000011,9.017895,-0.707652,6.883749373783716,1.775924054016369,11.01302,3.826768,False,6,"[0.0415512, -1.11e-05, 0.1755061]","[0.155747, 0.0535299, 0.8002778]"
4977,4977,6,83.43549999999993,8.34403,-0.9356261,6.352628120625974,1.6377833761507323,10.73874,3.277583,False,6,"[0.0302615, -0.0030261, 0.1814927]","[0.1521414, 0.0459404, 0.8022123]"
4978,4978,6,83.46050000000002,8.234746,-0.97674,6.265512177369453,1.6113094471275788,10.55929,3.046241,False,6,"[0.030849, -0.0027743, 0.1800039]","[0.1489089, 0.0425112, 0.7988261]"
4979,4979,6,83.47750000000008,7.493366,-0.5093792,5.851331858194055,2.1651520240434543,10.34905,3.005744,False,6,"[0.0317657, -0.0026168, 0.1806843]","[0.1456489, 0.0418792, 0.7975723]"
4980,4980,6,83.49450000000013,8.327773,-1.009824,6.323538484140532,1.5669342659993655,10.15606,2.84381,False,6,"[0.0288184, -0.0029137, 0.1793711]","[0.1426352, 0.0395527, 0.7962359]"
4981,4981,6,83.51049999999998,7.779282,-0.7483923,5.997137075078801,1.8937977650458429,9.997056,2.669426,False,6,"[0.0290597, -0.0005913, 0.1807016]","[0.1401934, 0.0370808, 0.7953151]"
4982,4982,6,83.52750000000003,7.556686,-0.9940621,5.7813296742391875,1.6807325322992643,9.799294,2.798931,False,6,"[0.0283095, -0.0022032, 0.1783784]","[0.1371898, 0.038833, 0.7943023]"
4983,4983,6,83.54450000000008,7.457526,-0.7115697,5.778052368601072,1.9710083732563581,9.744753,2.928684,False,6,"[0.0263424, -0.0029332, 0.179604]","[0.13626, 0.0405913, 0.7934217]"
4984,4984,6,83.56049999999993,8.287192,-0.9486747,6.309294263716932,1.6322055958398578,9.730304,2.940183,False,6,"[0.0257248, -0.0030305, 0.1777542]","[0.1358317, 0.0406843, 0.7921255]"
4985,4985,6,83.57749999999999,9.323207,-0.6630695,7.110478402692891,1.7808149146132475,9.610006,2.934509,False,6,"[0.0235954, -0.0015948, 0.1793856]","[0.1340271, 0.0405775, 0.791575]"
4986,4986,6,83.59450000000004,9.149199,-0.8972814,6.931786835306034,1.5728159304836953,9.508398,2.890274,False,6,"[0.0260261, -0.003134, 0.1777992]","[0.1324435, 0.0399226, 0.7907392]"
4987,4987,6,83.61150000000009,9.198606,-0.9349172,6.957850973292039,1.5295284401919629,9.55552,2.863922,False,6,"[0.0244305, -0.002336, 0.1788275]","[0.1329731, 0.0395166, 0.789913]"
4988,4988,6,83.62849999999992,9.006023,-0.9980501,6.80654099915277,1.4920341824728034,9.566762,2.820531,False,6,"[0.0235578, -0.0030813, 0.1775814]","[0.1330035, 0.0388792, 0.7891479]"
4989,4989,6,83.64649999999995,8.827688,-1.034796,6.671570620460545,1.4786565802476792,9.567179,2.706318,False,6,"[0.0233999, -0.0022202, 0.1787634]","[0.1328745, 0.0372646, 0.7883475]"
4990,4990,6,83.66250000000002,7.481863,-1.381487,5.636562732352214,1.3095104052453914,9.467672,2.622596,False,6,"[0.02586, -0.0029399, 0.1775416]","[0.1314069, 0.0360937, 0.7879875]"
4991,4991,6,83.68050000000005,7.205975,-1.544909,5.402510276706346,1.1840726743996033,9.565658,2.535333,False,6,"[0.0292298, -0.0020605, 0.1780432]","[0.1327281, 0.0348743, 0.7876066]"
4992,4992,6,83.69650000000013,6.475469,-1.651859,4.859959921758393,1.1720958442383465,9.504996,2.539273,False,6,"[0.0285394, -0.0027753, 0.1772029]","[0.1318864, 0.0349327, 0.7877002]"
4993,4993,6,83.71249999999998,6.849214,-1.378777,5.189278139389556,1.3928315110630756,9.451211,2.592283,False,6,"[0.0287864, -0.0029008, 0.17776]","[0.1310434, 0.0356404, 0.7872018]"
4994,4994,6,83.72950000000003,5.742509,-1.794627,4.3071858847996305,1.1252299239436958,9.64984,2.656979,False,6,"[0.0280789, -0.0030864, 0.1771628]","[0.133809, 0.03652, 0.7869627]"
4995,4995,6,83.7455000000001,7.250248,-1.311131,5.48924437146707,1.4081854019940212,9.721197,2.81412,False,6,"[0.027612, -0.0032114, 0.177794]","[0.1347386, 0.0386606, 0.7865013]"
4996,4996,6,83.76249999999993,7.915141,-1.28257,5.966767190992087,1.3514866034347173,9.814889,2.920403,False,6,"[0.0231876, -0.0042579, 0.176559]","[0.136049, 0.0401192, 0.7864213]"
4997,4997,6,83.78049999999996,7.910626,-1.19822,5.983555178691643,1.434961469409188,10.0766,3.191451,False,6,"[0.02243, -0.0047846, 0.1774026]","[0.1398212, 0.0438719, 0.7868125]"
4998,4998,6,83.79650000000004,8.926369,-1.073101,6.73236306969041,1.4284293566112791,10.8228,3.421549,False,6,"[0.0199847, -0.0050777, 0.1760739]","[0.1503479, 0.0470206, 0.7864509]"
4999,4999,6,83.81350000000009,8.937157,-1.101167,6.7333516059251535,1.3994706878517715,11.52365,3.550423,False,6,"[0.0213078, -0.0042697, 0.1773961]","[0.1600477, 0.0487062, 0.7850012]"
5000,5000,6,83.8365,8.923995,-1.234916,6.692344094769098,1.269700126811041,11.84697,3.58474,False,6,"[0.0177366, -0.0055262, 0.1763736]","[0.1646703, 0.0491792, 0.7850167]"
5001,5001,6,83.84749999999997,4.544418,-1.886984,3.4370345519264967,1.18720847315448,12.19846,3.620767,False,6,"[0.022514, -0.0040504, 0.1769682]","[0.16988, 0.0497261, 0.7858285]"
5002,5002,6,83.86350000000004,10.36254,-0.6071274,7.859598640941081,1.7032881584103525,12.34956,3.775574,False,6,"[0.024376, -0.0039254, 0.1753281]","[0.1723554, 0.0519501, 0.7872211]"
5003,5003,6,83.8805000000001,10.95456,0.08651619,8.443101284469982,2.309523725453345,12.58356,3.894517,False,6,"[0.0244139, -0.003675, 0.1757021]","[0.1762464, 0.0537499, 0.7895451]"
5004,5004,6,83.89749999999992,9.474413,-0.1328345,7.3431612478931365,2.282652683476825,12.75886,4.059412,False,6,"[0.0273059, -0.0032564, 0.1738483]","[0.1794381, 0.0562381, 0.7924331]"
5005,5005,6,83.9135,9.584386,-0.423323,7.352199866412913,1.9831396983084568,12.93884,4.057309,False,6,"[0.0274819, -0.003359, 0.174754]","[0.1826208, 0.056383, 0.7948879]"
5006,5006,6,83.93050000000005,9.780476,1.241591,7.885496054553668,3.5944184341688454,13.12864,4.255244,False,6,"[0.0271766, -0.0037309, 0.1730718]","[0.1862447, 0.0594146, 0.7985305]"
5007,5007,6,83.97550000000012,10.11116,0.9590291,8.052679973532463,3.2745568199217523,13.2976,4.285234,False,6,"[0.0133201, -0.0055213, 0.1675865]","[0.1893827, 0.060042, 0.8012953]"
5008,5008,6,83.98149999999998,9.205022,0.0649365,7.199284707095611,2.5113673714863918,13.27726,4.358886,False,6,"[0.0317435, -0.0018396, 0.1735957]","[0.1912925, 0.0617919, 0.8106611]"
5009,5009,6,83.99850000000004,9.581286,-0.2729741,7.385626538291119,2.1312979284205804,12.99137,4.347188,False,6,"[0.0335969, 0.0002621, 0.1735758]","[0.1882089, 0.0620147, 0.8157827]"
5010,5010,6,84.01550000000009,9.446601,-0.4243718,7.254397166013098,1.9996754285970888,12.85441,4.233647,False,6,"[0.0284335, -0.000395, 0.1703791]","[0.1874751, 0.0608169, 0.8215624]"
5011,5011,6,84.03250000000014,9.430727,-0.3044478,7.271571177963363,2.119560628975489,12.68823,4.25193,False,6,"[0.0284219, -0.0012436, 0.1683195]","[0.1863821, 0.0615469, 0.8278354]"
5012,5012,6,84.04849999999999,9.072193,0.05459832,7.102790048828856,2.5181416419873184,12.43374,3.600217,False,6,"[0.0293714, 0.0036929, 0.1703885]","[0.1837656, 0.0524409, 0.8334732]"
5013,5013,6,84.06550000000004,10.12932,0.001946176,7.838779980017,2.331619792849244,12.11537,3.520569,False,6,"[0.0301844, 0.0028334, 0.1692635]","[0.1803138, 0.0516786, 0.8399892]"
5014,5014,6,84.0825000000001,10.1192,-0.06797767,7.815048081353439,2.2641888072869003,12.1122,3.611273,False,6,"[0.0275488, 0.0001927, 0.1699972]","[0.1814002, 0.0533474, 0.8452781]"
5015,5015,6,84.09949999999992,9.546236,-0.5844661,7.287010042261721,1.8296319677672108,12.07699,3.733773,False,6,"[0.0287479, -0.0008114, 0.1703061]","[0.1820617, 0.0555295, 0.850909]"
5016,5016,6,84.11649999999997,9.317037,-0.6327038,7.113304350149648,1.8114449718796886,11.73222,3.552279,False,6,"[0.0282815, -0.001259, 0.1699766]","[0.1779933, 0.0532056, 0.8570696]"
5017,5017,6,84.13350000000003,9.223038,-1.355425,6.87552013275316,1.1131381926232407,11.5976,3.630403,False,6,"[0.0283505, -0.000907, 0.1706832]","[0.1770475, 0.0547355, 0.8626914]"
5018,5018,6,84.1495000000001,9.157287,-1.654891,6.758016055807896,0.8272055265648,11.49691,3.39312,False,6,"[0.0273189, 0.000163, 0.1710893]","[0.1764522, 0.0514362, 0.8675296]"
5019,5019,6,84.16649999999993,9.27183,-1.891091,6.783152658850958,0.5804646787622261,11.15892,3.000296,False,6,"[0.030958, 5.9e-06, 0.1732837]","[0.1722753, 0.0457743, 0.87334]"
5020,5020,6,84.1825,9.039533,-1.588003,6.690491634682373,0.9079557985323374,10.87039,2.638924,False,6,"[0.0310161, -0.0002062, 0.1737862]","[0.1686816, 0.0404857, 0.8783956]"
5021,5021,6,84.19950000000006,10.64282,-1.567005,7.8306221045744575,0.7241863064928991,10.85428,2.251562,False,6,"[0.0293191, -0.0017785, 0.1743396]","[0.1693026, 0.0347161, 0.8829696]"
5022,5022,6,84.21650000000011,10.7607,-1.471439,7.936725272488938,0.8030798760966467,10.86658,2.037818,False,6,"[0.0285855, -0.0019241, 0.1742363]","[0.1701674, 0.0315414, 0.8864508]"
5023,5023,6,84.23249999999996,10.64114,-1.661438,7.807059025113566,0.6315916742497656,10.98384,2.001693,False,6,"[0.0284083, -0.0041396, 0.1749524]","[0.1725232, 0.0310671, 0.8888931]"
5024,5024,6,84.24950000000001,10.73853,-1.461849,7.923300639053858,0.8153314335254391,10.98492,2.176656,False,6,"[0.028165, -0.0050479, 0.1747212]","[0.1731533, 0.0339051, 0.89205]"
5025,5025,6,84.26650000000006,10.90516,-1.313786,8.07635755902361,0.9396038544065548,10.83949,2.571282,False,6,"[0.0286557, -0.0057956, 0.175531]","[0.1714287, 0.040206, 0.8953077]"
5026,5026,6,84.28350000000012,11.01447,-1.389583,8.135792707516586,0.8511743538100918,10.52911,2.693286,False,6,"[0.0278504, -0.0048531, 0.1750585]","[0.1669928, 0.042265, 0.8984642]"
5027,5027,6,84.30049999999994,10.56938,-1.619011,7.766303727149558,0.6824377889964515,10.52327,2.679587,False,6,"[0.0330004, -0.004804, 0.1756101]","[0.1673575, 0.0421655, 0.9009379]"
5028,5028,6,84.31650000000002,10.60563,-1.511814,7.817367097296178,0.7831694893680248,10.56843,2.540815,False,6,"[0.0333817, -0.0045119, 0.1756473]","[0.1684355, 0.0400605, 0.9027785]"
5029,5029,6,84.33350000000007,10.47251,-0.8389096,7.882544169844767,1.4614721486879247,10.6015,2.557601,False,6,"[0.0330278, -0.0050987, 0.1757844]","[0.1692922, 0.0404013, 0.904474]"
5030,5030,6,84.34949999999992,10.58236,-1.06925,7.905746336183006,1.2210884400661532,10.66139,2.708771,False,6,"[0.0334188, -0.0044969, 0.1762142]","[0.1706055, 0.0428768, 0.906251]"
5031,5031,6,84.36649999999997,10.68069,-0.7458797,8.051980464647619,1.5263607056010722,10.50742,2.950686,False,6,"[0.0341879, -0.0040696, 0.1774492]","[0.1684011, 0.0468003, 0.9079548]"
5032,5032,6,84.38250000000005,10.56584,-0.9983702,7.9108431346260195,1.2928553260191906,10.34184,3.034239,False,6,"[0.0343461, -0.0042804, 0.1764574]","[0.1658666, 0.0481798, 0.9089317]"
5033,5033,6,84.3995000000001,10.5658,-0.6700109,7.988611588905934,1.6155721769091724,10.26477,3.255944,False,6,"[0.0331172, -0.0050165, 0.1774848]","[0.1648631, 0.051789, 0.9103642]"
5034,5034,6,84.41649999999993,10.58912,-0.9065529,7.949079668749783,1.3801254182501768,10.35483,3.330198,False,6,"[0.0330716, -0.0046614, 0.1766205]","[0.1663996, 0.0529913, 0.910683]"
5035,5035,6,84.43349999999998,10.31096,-0.6623441,7.809996831945409,1.655597186550706,10.3039,3.376159,False,6,"[0.0329741, -0.0026121, 0.1783897]","[0.1657383, 0.0537811, 0.9116457]"
5036,5036,6,84.44950000000006,10.55011,-0.8803307,7.927672614533831,1.4108700796161466,10.27904,3.332561,False,6,"[0.0331404, -0.0033108, 0.1773861]","[0.165227, 0.0530521, 0.9110799]"
5037,5037,6,84.46650000000011,10.35319,-0.722344,7.825680895945515,1.5912452534542454,10.29371,3.3924,False,6,"[0.0336972, -0.002326, 0.1786676]","[0.1654617, 0.0540048, 0.9110456]"
5038,5038,6,84.48349999999994,10.19344,-0.9153018,7.666858403070902,1.4219730462448412,10.17906,3.356347,False,6,"[0.0332144, -0.0031031, 0.1780667]","[0.1635287, 0.0534131, 0.9107645]"
5039,5039,6,84.50049999999999,10.10305,-0.6758662,7.659589147434145,1.6688145285991824,10.19685,3.446771,False,6,"[0.033419, -0.0020952, 0.179164]","[0.1637071, 0.0548175, 0.9101328]"
5040,5040,6,84.51650000000006,9.860117,-0.762355,7.467096870102888,1.6147853004731347,10.13161,3.495526,False,6,"[0.0334034, -0.0028273, 0.178677]","[0.1625086, 0.0555507, 0.9094118]"
5041,5041,6,84.53350000000012,9.873243,-0.9156232,7.440077125883218,1.4624797450046767,10.0247,3.527172,False,6,"[0.0326038, -0.0020718, 0.1792122]","[0.1606074, 0.0560024, 0.9085594]"
5042,5042,6,84.55049999999994,9.670353,-0.7740287,7.329974807534109,1.6275057806618465,9.977139,3.55771,False,6,"[0.033335, -0.0027503, 0.178986]","[0.1596999, 0.0564426, 0.9078209]"
5043,5043,6,84.56650000000002,9.781548,-0.4408094,7.487651064895876,1.9408174651485992,9.960602,3.678066,False,6,"[0.0328082, -0.0022642, 0.179584]","[0.1592337, 0.0582854, 0.9067044]"
5044,5044,6,84.58350000000007,9.529737,-0.510453,7.292864068542901,1.9044755858331388,9.967984,3.579574,False,6,"[0.0322516, -0.0028656, 0.1793646]","[0.1590643, 0.0566173, 0.9050556]"
5045,5045,6,84.60050000000012,9.664754,-0.4181882,7.410318395718701,1.9779399025469648,9.902879,3.595971,False,6,"[0.0321659, -0.0021296, 0.180523]","[0.1576681, 0.0567563, 0.9031293]"
5046,5046,6,84.61649999999997,9.663343,-0.3892514,7.416175255987179,2.006558901236772,9.776975,3.676979,False,6,"[0.0312612, -0.0023933, 0.1798578]","[0.1553065, 0.05792, 0.9012878]"
5047,5047,6,84.63350000000003,9.510023,-0.4914092,7.283418175170203,1.925705224090581,9.756742,3.765535,False,6,"[0.0312638, -0.0028708, 0.1796288]","[0.1545469, 0.0591537, 0.8987763]"
5048,5048,6,84.65050000000008,9.437496,0.2174639,7.400018072916133,2.6316328215016296,9.738326,3.814392,False,6,"[0.0306822, -0.0024326, 0.180059]","[0.1540439, 0.0598435, 0.8975783]"
5049,5049,6,84.66750000000013,9.801785,0.1265199,7.636394140792972,2.4958090440429963,9.82102,3.74834,False,6,"[0.031023, -0.0013845, 0.1799495]","[0.1548251, 0.0585951, 0.8943852]"
5050,5050,6,84.68349999999998,9.521277,0.4167116,7.506543411822115,2.816772190161794,9.815098,3.92814,False,6,"[0.0303268, -0.0016095, 0.18065]","[0.1543619, 0.0612683, 0.892258]"
5051,5051,6,84.70050000000003,10.09076,0.2834616,7.8781770735282635,2.6132094430702466,9.857162,3.718194,False,6,"[0.0308002, -0.0013201, 0.1808583]","[0.1544165, 0.0577523, 0.8886894]"
5052,5052,6,84.71650000000011,9.776571,-0.1636273,7.549798839273717,2.2138667560843426,9.726941,3.779092,False,6,"[0.0307926, -0.0012286, 0.1808409]","[0.1519999, 0.0585712, 0.8867251]"
5053,5053,6,84.73349999999994,9.775485,-0.2333826,7.532503104998544,2.145449654498754,9.88308,3.65836,False,6,"[0.0302173, -0.0015471, 0.1803779]","[0.1538453, 0.0564588, 0.8830336]"
5054,5054,6,84.74950000000001,9.717744,-0.3246888,7.469988667200567,2.0630753751320268,9.866768,3.08514,False,6,"[0.0301021, 0.0006873, 0.1810963]","[0.1531979, 0.0474734, 0.8808005]"
5055,5055,6,84.76650000000006,10.11898,-0.7722917,7.648022184320902,1.5720165310093326,9.831411,2.789221,False,6,"[0.0311311, 0.0003979, 0.1801966]","[0.1520464, 0.0427459, 0.8773864]"
5056,5056,6,84.78350000000012,10.09443,-1.022697,7.57131288617816,1.3290479556302905,10.01546,2.849411,False,6,"[0.0303313, 0.0013153, 0.1808403]","[0.1544748, 0.0435356, 0.8746901]"
5057,5057,6,84.80049999999994,10.45668,-1.220938,7.780823883346493,1.088032567316941,10.07764,2.355393,False,6,"[0.0322211, 0.0008958, 0.1810576]","[0.1549866, 0.0358701, 0.8720608]"
5058,5058,6,84.81650000000002,10.42724,-1.235486,7.756533047687171,1.077488148532515,10.20977,2.596329,False,6,"[0.031059, -0.0005148, 0.1802519]","[0.1564117, 0.0393803, 0.86845]"
5059,5059,6,84.83350000000007,10.88974,-0.3064024,8.30411504654166,1.9316270930558186,10.56923,2.657147,False,6,"[0.0308998, -0.0007305, 0.1793481]","[0.1613416, 0.0401296, 0.864689]"
5060,5060,6,84.84949999999992,11.05292,-0.674468,8.332445147489747,1.5490878100588543,10.73957,2.776551,False,6,"[0.0307935, -0.001019, 0.179814]","[0.1635673, 0.0418241, 0.8623903]"
5061,5061,6,84.86749999999995,11.51366,-0.5668254,8.684160506351752,1.5961383474821322,11.00071,2.748224,False,6,"[0.0320206, -0.0024185, 0.1794185]","[0.1671251, 0.041269, 0.8597278]"
5062,5062,6,84.88350000000003,11.5312,-0.6709747,8.67190348451928,1.4915441316193205,11.23756,2.90435,False,6,"[0.0319544, -0.0032042, 0.1794917]","[0.1702911, 0.0434832, 0.8570837]"
5063,5063,6,84.90050000000008,11.83817,-1.092578,8.789354984176278,1.0380558779633269,11.52288,3.046244,False,6,"[0.033051, -0.0038167, 0.1790825]","[0.1741816, 0.0454678, 0.8543832]"
5064,5064,6,84.91649999999993,11.79805,-1.10135,8.758871003115335,1.0345497311049803,11.78463,3.082066,False,6,"[0.0329788, -0.0038649, 0.1792073]","[0.177795, 0.0458859, 0.8521982]"
5065,5065,6,84.93449999999996,11.86489,-1.398314,8.735836483373845,0.7341717344320022,11.80042,2.937225,False,6,"[0.0343897, -0.0009559, 0.1787555]","[0.17756, 0.0436077, 0.8499008]"
5066,5066,6,84.95150000000001,11.73746,-1.24292,8.682430634264446,0.9031393785533588,11.71181,2.519268,False,6,"[0.035011, -0.00211, 0.1792323]","[0.1760972, 0.0373744, 0.8494592]"
5067,5067,6,84.96850000000006,11.46064,-1.362433,8.45812147912953,0.8209742664075383,11.75624,2.367701,False,6,"[0.0364685, -0.0017712, 0.17903]","[0.1765403, 0.0350747, 0.8482866]"
5068,5068,6,84.98550000000012,11.71389,-1.371897,8.63518468505129,0.7793856796951557,11.81752,2.132134,False,6,"[0.0364544, -0.0020926, 0.178681]","[0.1772876, 0.0315462, 0.8473334]"
5069,5069,6,85.00249999999994,11.61012,-1.32316,8.573260743446086,0.8405142873018994,11.91294,2.002291,False,6,"[0.0373907, -0.0034021, 0.1783856]","[0.1784918, 0.0295788, 0.846057]"
5070,5070,6,85.01850000000002,11.59025,-1.320421,8.559841372272857,0.8457394453999045,11.89477,2.004254,False,6,"[0.0372201, -0.0034257, 0.1781929]","[0.1780647, 0.0295835, 0.84536]"
5071,5071,6,85.03550000000007,11.23558,-1.518733,8.261743530104741,0.6960558764214513,11.72924,1.973094,False,6,"[0.037389, -0.0043441, 0.177964]","[0.1754549, 0.0291131, 0.8450677]"
5072,5072,6,85.05250000000012,11.43838,-1.505106,8.408558097907886,0.6835931145259235,11.68987,1.916117,False,6,"[0.0368878, -0.003852, 0.17754]","[0.1748007, 0.0282639, 0.8448333]"
5073,5073,6,85.06949999999995,11.14849,-1.705841,8.15575156836169,0.5232692846505813,11.73049,1.951221,False,6,"[0.0358711, -0.0042081, 0.1769343]","[0.1753668, 0.0287725, 0.8445506]"
5074,5074,6,85.08550000000002,11.01301,-1.68054,8.065823794910758,0.5654077477618755,11.67327,1.856324,False,6,"[0.0367416, -0.0042438, 0.1772023]","[0.1746111, 0.0273916, 0.84515]"
5075,5075,6,85.1015000000001,10.6401,-1.902507,7.749207231976709,0.3948014830635289,11.63976,1.671762,False,6,"[0.0364261, -0.0040951, 0.1772953]","[0.1741494, 0.0246742, 0.8454109]"
5076,5076,6,85.11849999999993,10.73204,-2.052694,7.778719206896139,0.23547597494853711,11.46984,1.467731,False,6,"[0.0363424, -0.0040844, 0.1771995]","[0.171645, 0.021675, 0.8459415]"
5077,5077,6,85.13649999999996,10.37067,-2.3546,7.4513335597969474,-0.01516565344759524,11.40816,1.249988,False,6,"[0.0349446, -0.0046639, 0.1759096]","[0.1707153, 0.0184603, 0.8460315]"
5078,5078,6,85.15150000000006,10.24288,-2.704047,7.27806298937096,-0.3423102024023206,11.24645,1.115467,False,6,"[0.0358132, -0.0046507, 0.1770017]","[0.1685623, 0.0165055, 0.8476943]"
5079,5079,6,85.16950000000008,9.820157,-3.374495,6.8199212435395085,-0.9473331483088474,11.10583,1.019519,False,6,"[0.0348079, -0.0052602, 0.1766257]","[0.1666996, 0.0151125, 0.8492174]"
5080,5080,6,85.18549999999993,9.588629,-3.462234,6.635207702991049,-1.0040451206686898,10.9994,0.8529025,False,6,"[0.0343879, -0.0051842, 0.1766961]","[0.1651829, 0.0126516, 0.8498398]"
5081,5081,6,85.20249999999999,9.190501,-3.817412,6.269175234101848,-1.3023561555129062,10.88476,0.6589075,False,6,"[0.0328691, -0.0058116, 0.1749572]","[0.1635432, 0.0097811, 0.850486]"
5082,5082,6,85.21850000000006,8.898547,-4.19125,5.9738947971877865,-1.6325425920698526,10.75519,0.4468405,False,6,"[0.0334381, -0.0063234, 0.1764255]","[0.161934, 0.0066487, 0.8525091]"
5083,5083,6,85.23550000000012,8.81797,-3.68155,6.037605915760541,-1.1213361465819238,10.6274,0.4101021,False,6,"[0.032052, -0.0072016, 0.1751423]","[0.1601075, 0.0061075, 0.8532696]"
5084,5084,6,85.25249999999994,8.83849,-4.01239,5.973749921346189,-1.4491020682966065,10.44754,0.4878684,False,6,"[0.0318109, -0.0083144, 0.1760414]","[0.157665, 0.0072809, 0.8550524]"
5085,5085,6,85.2695,8.550928,-3.316822,5.934948921673935,-0.7288354802509316,10.21064,0.6057183,False,6,"[0.0304318, -0.0103666, 0.1758123]","[0.1543885, 0.0090619, 0.8571417]"
5086,5086,6,85.28550000000007,8.564382,-3.223238,5.966647051045328,-0.6385763371644098,10.11626,0.7352868,False,6,"[0.0296826, -0.0106304, 0.1757063]","[0.1531021, 0.0110128, 0.8580997]"
5087,5087,6,85.30250000000012,6.516745,-1.493346,4.926739870673192,1.32262017050971,10.15172,1.01928,False,6,"[0.0284783, -0.0117447, 0.1760154]","[0.1536301, 0.015265, 0.857988]"
5088,5088,6,85.31849999999997,8.596799,-0.9597726,6.525872107661105,1.5818261417762338,10.16712,1.660274,False,6,"[0.0275202, -0.0128807, 0.1757692]","[0.1540544, 0.0248992, 0.8590263]"
5089,5089,6,85.3365,7.553809,-0.740257,5.839425672324549,1.930539157879115,10.19101,2.294809,False,6,"[0.027497, -0.0114051, 0.177252]","[0.1545122, 0.0344438, 0.8595167]"
5090,5090,6,85.35250000000008,8.286187,0.005320836,6.534608818380992,2.5699212097497286,9.923852,2.880454,False,6,"[0.0273181, -0.0123232, 0.1756833]","[0.1504823, 0.0432772, 0.8601108]"
5091,5091,6,85.36950000000013,7.936147,0.8151473,6.478643064447399,3.410446544753026,9.951824,3.592147,False,6,"[0.0264423, -0.0101918, 0.17586]","[0.1510279, 0.0540356, 0.8607533]"
5092,5092,6,85.38549999999998,7.939303,0.5802846,6.425232545704965,3.179220952947753,9.993562,3.85108,False,6,"[0.0263723, -0.0098617, 0.1751147]","[0.1520078, 0.0580694, 0.862646]"
5093,5093,6,85.41150000000005,8.001134,0.9848565,6.564863488128128,3.568951540345178,10.20771,4.368352,False,6,"[0.0200802, -0.0045827, 0.1757847]","[0.1555544, 0.065991, 0.8638678]"
5094,5094,6,85.41950000000008,7.981214,0.7032085,6.4840301114521735,3.2946873292343355,10.19343,4.312325,False,6,"[0.0265211, -0.0029389, 0.1754291]","[0.1555067, 0.0652147, 0.8648394]"
5095,5095,6,85.43650000000014,10.74774,0.4513104,8.38309821648937,2.6944116369771467,10.01398,4.195794,False,6,"[0.0236394, -0.0023033, 0.1782652]","[0.1531357, 0.063622, 0.867238]"
5096,5096,6,85.45249999999999,10.76152,0.6399524,8.437548848012785,2.8780522869781615,10.44126,4.631013,False,6,"[0.025491, 1.63e-05, 0.1750296]","[0.1600435, 0.0703499, 0.8684856]"
5097,5097,6,85.46950000000004,11.36155,-0.3087423,8.63761047402718,1.869175415092389,10.38823,4.114824,False,6,"[0.024526, 0.0025032, 0.1759338]","[0.1592962, 0.0625126, 0.8689424]"
5098,5098,6,85.48550000000012,11.36736,-0.6048985,8.571557025392943,1.5773721644437195,10.81556,4.158636,False,6,"[0.0244726, 0.0017773, 0.1754802]","[0.1665774, 0.0633986, 0.8719426]"
5099,5099,6,85.50349999999992,11.92797,-1.462709,8.765241403107144,0.6628420847857717,11.13015,3.824207,False,6,"[0.0247189, 0.0030231, 0.1758589]","[0.171551, 0.0582865, 0.8719735]"
5100,5100,6,85.5195,11.98032,-1.980203,8.679698470838908,0.14757440861554016,11.30738,3.313621,False,6,"[0.0246957, 0.0021619, 0.1761377]","[0.1748887, 0.0506404, 0.8746462]"
5101,5101,6,85.53650000000005,12.64152,-2.396509,9.04920613141762,-0.3458691626056205,11.8085,3.018295,False,6,"[0.033493, 0.0013899, 0.1764508]","[0.182511, 0.0460307, 0.8729841]"
5102,5102,6,85.55250000000012,12.56058,-2.140773,9.05248962719864,-0.08421243549780844,11.9185,2.519263,False,6,"[0.0336786, 0.0019792, 0.1771957]","[0.1846882, 0.0384984, 0.8750081]"
5103,5103,6,85.56949999999995,13.04031,-2.413572,9.32751382811584,-0.41348124435762923,12.24386,2.021254,False,6,"[0.035615, -0.0009551, 0.1772448]","[0.1894488, 0.0308101, 0.8729996]"
5104,5104,6,85.5865,12.84094,-2.336187,9.204690847663734,-0.3120091225092674,12.55834,1.840712,False,6,"[0.0357439, -0.0018771, 0.1777928]","[0.1946684, 0.0280844, 0.8738806]"
5105,5105,6,85.60250000000008,13.37857,-2.05877,9.651069611919539,-0.10790704872088064,12.70241,1.763028,False,6,"[0.0375624, -0.0045405, 0.177816]","[0.1966739, 0.0268571, 0.8725398]"
5106,5106,6,85.61950000000013,13.23463,-2.006413,9.561562272323645,-0.03809934704605622,12.75401,1.900483,False,6,"[0.0377132, -0.0061449, 0.1777269]","[0.1977016, 0.0289821, 0.8734318]"
5107,5107,6,85.63749999999993,13.36748,-1.716349,9.724346049991524,0.2300384379457059,12.91797,2.131362,False,6,"[0.0398726, -0.0074401, 0.1777742]","[0.1998046, 0.0324206, 0.8711371]"
5108,5108,6,85.65250000000003,13.32481,-1.784352,9.678023274528556,0.16864512730747983,12.89622,2.368155,False,6,"[0.0397429, -0.0066679, 0.1783757]","[0.1995404, 0.0360416, 0.8715031]"
5109,5109,6,85.66950000000008,13.4973,-1.764867,9.804765738263768,0.16580389587425381,13.02516,2.4155,False,6,"[0.0412595, -0.0075087, 0.1781425]","[0.2009396, 0.0366415, 0.8686243]"
5110,5110,6,85.68650000000014,13.4466,-1.61327,9.804786476772914,0.32125738097226897,13.05717,2.608336,False,6,"[0.0407533, -0.0072939, 0.178785]","[0.2014459, 0.0395697, 0.8686031]"
5111,5111,6,85.70249999999999,13.71093,-1.325354,10.060151499269619,0.5705214557398337,13.03373,2.582421,False,6,"[0.0426325, -0.0064436, 0.17925]","[0.2004236, 0.0390498, 0.8658043]"
5112,5112,6,85.71950000000004,13.60535,-1.483368,9.94796140898477,0.4286857955965724,12.97598,2.704887,False,6,"[0.0421184, -0.0062739, 0.1790856]","[0.1993955, 0.040882, 0.8653316]"
5113,5113,6,85.73650000000009,14.64726,-1.06822,10.784011337704307,0.7038583037935129,13.1024,2.766279,False,6,"[0.0426989, -0.0053842, 0.1796837]","[0.2007013, 0.0416648, 0.8622991]"
5114,5114,6,85.75249999999994,14.63664,-1.094505,10.770264596738542,0.6793793528255323,13.12372,2.826208,False,6,"[0.0425011, -0.0055902, 0.1794451]","[0.2007653, 0.0425107, 0.8611221]"
5115,5115,6,85.77049999999997,14.6115,-1.705983,10.607590146207013,0.08162349399543789,13.25122,2.82258,False,6,"[0.04312, -0.0055353, 0.179645]","[0.2019656, 0.0422842, 0.8576352]"
5116,5116,6,85.78550000000007,14.59257,-1.724178,10.589876507879769,0.0661548596317223,13.22825,2.941894,False,6,"[0.0430453, -0.0050706, 0.1800355]","[0.2011552, 0.0439768, 0.8557311]"
5117,5117,6,85.8035000000001,14.52909,-1.151819,10.680538135176977,0.6367628829082177,13.14042,2.872673,False,6,"[0.0439585, -0.0041685, 0.1801755]","[0.1988793, 0.0427485, 0.8519098]"
5118,5118,6,85.82049999999992,13.66391,-1.126338,10.074012525116277,0.7721091966890934,13.02207,2.918047,False,6,"[0.0436924, -0.0046749, 0.1805288]","[0.1966093, 0.0433334, 0.850114]"
5119,5119,6,85.83749999999998,13.77063,-1.730366,10.006462379516897,0.16486410181410527,12.98883,2.821148,False,6,"[0.0468099, -0.0033395, 0.1791001]","[0.1948981, 0.0416375, 0.8449481]"
5120,5120,6,85.85450000000003,13.72574,-1.457561,10.039313997488101,0.4387001658518681,12.93215,2.722942,False,6,"[0.0468278, -0.0034256, 0.1793043]","[0.1934495, 0.0400681, 0.8424724]"
5121,5121,6,85.87150000000008,9.476901,-1.901302,6.925927298607774,0.5442843792462564,12.89103,2.708126,False,6,"[0.0466291, -0.0053273, 0.1788645]","[0.1920734, 0.0396969, 0.8392406]"
5122,5122,6,85.88749999999993,12.36084,-1.661195,9.024694560299604,0.41258242195561134,12.76862,2.765296,False,6,"[0.0466079, -0.005389, 0.1790258]","[0.1895966, 0.0404103, 0.8366335]"
5123,5123,6,85.90350000000001,14.93735,-1.529748,10.880052309654626,0.21328409261996528,12.5342,2.782349,False,6,"[0.0464469, -0.0036034, 0.1792214]","[0.1854738, 0.0405446, 0.8342614]"
5124,5124,6,85.92050000000006,12.07802,-1.461214,8.871833656323897,0.6451811902173858,12.24767,2.74422,False,6,"[0.0440804, -0.0035649, 0.1813216]","[0.1806093, 0.0398797, 0.8319991]"
5125,5125,6,85.93750000000011,10.91377,-1.19947,8.109537995619338,1.0508559931632555,11.94803,2.645775,False,6,"[0.0443353, -0.005465, 0.1809011]","[0.1754344, 0.0383107, 0.829051]"
5126,5126,6,85.95449999999994,10.84215,-0.4281529,8.241574657209297,1.8180379624490426,11.72449,2.552768,False,6,"[0.0443059, -0.0046156, 0.181396]","[0.1713575, 0.0368117, 0.8256763]"
5127,5127,6,86.01249999999993,10.78405,-0.9604229,8.07433035993457,1.3023299196443503,11.44364,2.351295,False,6,"[0.0321357, -0.0063907, 0.1925119]","[0.1660924, 0.0336905, 0.820501]"
5128,5128,6,86.01850000000002,10.57049,-0.5317312,8.024694214001384,1.750875625719967,10.83163,2.429688,False,6,"[0.0405036, -0.0053601, 0.184823]","[0.1555125, 0.0344878, 0.8127867]"
5129,5129,6,86.03550000000007,9.827233,-0.7892981,7.437430903215026,1.5924980512915843,9.676705,2.36152,False,6,"[0.0467313, -0.004678, 0.1751693]","[0.1357125, 0.0328226, 0.795899]"
5130,5130,6,86.05250000000012,9.800629,-0.3275538,7.527993918292385,2.0496924728168273,9.975817,2.348368,False,6,"[0.0396709, -0.0047292, 0.1853951]","[0.140771, 0.0328212, 0.8003272]"
5131,5131,6,86.07849999999996,9.320317,-0.4177169,7.166562581606591,2.022316074639065,9.51195,2.301182,False,6,"[0.0364309, -0.003956, 0.1889386]","[0.1328616, 0.0318639, 0.7929337]"
5132,5132,6,86.09450000000004,9.305108,0.5659246,7.388844345887792,2.990978659871789,9.175282,2.066638,False,6,"[0.0368879, -0.0014393, 0.192603]","[0.1272779, 0.0284349, 0.787991]"
5133,5133,6,86.11250000000007,7.11901,-0.3465861,5.624851078825505,2.3728726099995834,8.729623,1.982489,False,6,"[0.0356088, -0.0031341, 0.1869509]","[0.1196222, 0.0269663, 0.7790409]"
5134,5134,6,86.1305000000001,6.636268,-0.5939492,5.2244545305879235,2.1913097468252074,8.688492,1.833239,False,6,"[0.0356368, -0.0017723, 0.1909675]","[0.1179966, 0.0247142, 0.7721487]"
5135,5135,6,86.14649999999995,7.534548,-1.869986,5.558126648257953,0.8226963256522444,8.491823,1.836493,False,6,"[0.0324513, -0.002581, 0.1873419]","[0.1144307, 0.0245744, 0.7664217]"
5136,5136,6,86.1635,7.454049,-2.12021,5.441847424944891,0.5870389845667079,8.435451,1.590439,False,6,"[0.0329111, -0.0010892, 0.1905225]","[0.1125311, 0.0210688, 0.75881]"
5137,5137,6,86.18050000000005,7.15724,-2.596544,5.118845620152947,0.15673838093875725,8.165456,1.561523,False,6,"[0.0307816, -0.0013674, 0.187555]","[0.1081101, 0.0205394, 0.7534496]"
5138,5138,6,86.1975000000001,6.78794,-2.710028,4.830487417609405,0.09228903872457517,7.968534,0.9894665,False,6,"[0.0313111, 0.0018876, 0.1910984]","[0.1044265, 0.0128844, 0.7460054]"
5139,5139,6,86.21349999999995,6.428913,-2.950999,4.519197726743654,-0.09876434263835909,7.57609,0.6909308,False,6,"[0.0234171, -0.0011342, 0.1874963]","[0.0984687, 0.0089283, 0.7403454]"
5140,5140,6,86.23149999999998,6.373641,-2.577655,4.568518983873242,0.27520514380960437,7.714242,0.5579699,False,6,"[0.0222308, -0.0019808, 0.1910761]","[0.0993528, 0.0071429, 0.7334558]"
5141,5141,6,86.24750000000006,10.78156,-1.481417,7.949130475602417,0.7906140065759932,8.026392,0.5709952,False,6,"[0.0242551, -0.0059872, 0.1833809]","[0.1024341, 0.0072396, 0.7264287]"
5142,5142,6,86.26350000000014,10.14418,-1.693914,7.447508170206008,0.6630326861592413,8.102992,0.7267147,False,6,"[0.0242731, -0.0068683, 0.1855221]","[0.1024715, 0.0091293, 0.7197329]"
5143,5143,6,86.28049999999996,6.424204,-1.14748,4.943163771909163,1.674335760304724,8.26122,1.191289,False,6,"[0.0230053, -0.0083082, 0.1832055]","[0.1036263, 0.0148416, 0.7137136]"
5144,5144,6,86.29750000000001,6.295583,-8.178846,3.186186136467402,-5.219697540094457,8.502081,1.493986,False,6,"[0.0221142, -0.0087941, 0.1857876]","[0.1056252, 0.0184282, 0.7065789]"
5145,5145,6,86.31350000000009,6.994752,-8.129095,3.692997425897059,-5.2599407091315795,8.890827,1.692829,False,6,"[0.0206379, -0.0094418, 0.1831567]","[0.1095489, 0.0206966, 0.7002981]"
5146,5146,6,86.33150000000012,6.629247,-8.013403,3.461623847129976,-5.09963954952122,9.417266,1.561085,False,6,"[0.0208548, -0.0084051, 0.1867003]","[0.1148554, 0.0188723, 0.6924899]"
5147,5147,6,86.34749999999997,7.27165,-7.963493,3.9282814775204047,-5.13248923971831,9.488276,1.257735,False,6,"[0.034968, -0.0047489, 0.1836296]","[0.1148099, 0.0150819, 0.6869406]"
5148,5148,6,86.36350000000004,14.26378,3.714553,11.645662830046646,5.453261625414907,9.980736,1.268591,False,6,"[0.0332447, -0.0054948, 0.1858047]","[0.1195831, 0.0150479, 0.6795256]"
5149,5149,6,86.38250000000005,14.90441,3.854691,12.132442482134618,5.509314120538158,10.95657,1.47909,False,6,"[0.0207037, -0.003683, 0.1838762]","[0.1303286, 0.0173827, 0.6732063]"
5150,5150,6,86.39850000000013,10.89078,-2.755036,7.724707021083989,-0.4750243246144841,11.70775,1.513698,False,6,"[0.0203165, -0.0264677, 0.1841545]","[0.1377464, 0.0175648, 0.6646996]"
5151,5151,6,86.41549999999995,11.33975,-2.619079,8.074797422730999,-0.39864579354687457,12.12373,1.904374,False,6,"[0.022305, -0.0259678, 0.1817971]","[0.1415804, 0.0219144, 0.6590818]"
5152,5152,6,86.43150000000003,10.77841,-1.896884,7.848465387433119,0.38269434643061295,12.39673,2.008281,True,6,"[0.0213009, -0.0258019, 0.1832788]","[0.1433927, 0.0228755, 0.6523651]"
5153,5153,6,86.44850000000008,11.22847,-1.822428,8.18475635748095,0.398490685069925,12.63368,2.147021,True,6,"[0.0231208, -0.0253479, 0.1811972]","[0.1452163, 0.0242888, 0.6478714]"
5154,5154,6,86.46550000000013,10.56613,-2.679125,7.5128343601836365,-0.3590286473819475,13.05578,2.20345,True,6,"[0.0473265, 0.012086, 0.186161]","[0.1486852, 0.0246702, 0.6411779]"
5155,5155,6,86.48149999999998,10.97022,-2.536947,7.832622844570511,-0.27081427007474623,13.1324,2.355603,True,6,"[0.0489854, 0.0124006, 0.1840435]","[0.1486841, 0.0262161, 0.6372991]"
5156,5156,6,86.49850000000004,10.17387,-2.764956,7.2147717801654325,-0.39337338433384694,13.38171,2.331452,True,6,"[0.0353032, -0.0088296, 0.1834859]","[0.1502146, 0.025708, 0.6314286]"
5157,5157,6,86.51450000000011,10.71719,-2.588986,7.641143757837747,-0.28969892331136116,13.63011,2.204455,True,6,"[0.0365181, -0.0083298, 0.1820977]","[0.1520473, 0.0241375, 0.6270459]"
5158,5158,6,86.53149999999994,10.354,-3.095454,7.264003512359531,-0.741152193795954,13.87838,2.11902,False,6,"[0.0349916, -0.0060876, 0.1838089]","[0.1535478, 0.0229946, 0.6214637]"
5159,5159,6,86.54849999999999,10.74745,-3.03449,7.5570170006441195,-0.7313984774863425,13.97603,2.103786,False,6,"[0.0362034, -0.0058025, 0.1823651]","[0.1538511, 0.022708, 0.6181646]"
5160,5160,6,86.56550000000004,10.01174,-3.298852,6.973487164907906,-0.8974164634556674,13.99763,1.98558,False,6,"[0.0340434, -0.0085401, 0.182506]","[0.152781, 0.0212478, 0.6128787]"
5161,5161,6,86.58150000000012,10.51677,-3.179102,7.359429180616886,-0.844113387541003,13.96128,2.015779,False,6,"[0.0351834, -0.008042, 0.1815068]","[0.1516639, 0.0214715, 0.6100465]"
5162,5162,6,86.59949999999992,9.550953,-3.68026,6.556876455192941,-1.2135178366062247,14.03739,2.078533,False,6,"[0.0326581, -0.0087889, 0.1819823]","[0.1514742, 0.021988, 0.605845]"
5163,5163,6,86.61450000000002,10.11091,-3.429859,7.012662343453239,-1.0388136215660477,13.88254,2.094797,False,6,"[0.0342704, -0.0081876, 0.181073]","[0.1490956, 0.0220655, 0.6032553]"
5164,5164,6,86.63150000000007,9.063759,-3.67644,6.2128395579042595,-1.1476501776729684,13.74306,2.084277,False,6,"[0.0330759, -0.0097901, 0.1810346]","[0.146706, 0.0218308, 0.5998524]"
5165,5165,6,86.64850000000013,9.417521,-3.256006,6.562920942540741,-0.7795491879400025,13.48944,2.02579,False,6,"[0.0342564, -0.0095674, 0.1804776]","[0.143478, 0.0211562, 0.5981147]"
5166,5166,6,86.66549999999995,8.99088,-3.346281,6.239463109453337,-0.8138781871598235,13.42549,2.130995,False,6,"[0.0317585, -0.0103691, 0.1798957]","[0.1420974, 0.0221507, 0.5952874]"
5167,5167,6,86.68150000000003,11.86985,-1.911342,8.617798704830465,0.2293350943032686,13.16112,2.214446,False,6,"[0.0332464, -0.0099471, 0.179089]","[0.1389587, 0.0229795, 0.5942673]"
5168,5168,6,86.69850000000008,11.40382,-1.756337,8.324565913437507,0.44108923599395133,13.14196,2.174693,False,6,"[0.0300793, -0.0114987, 0.17877]","[0.1382519, 0.0224857, 0.5921375]"
5169,5169,6,86.71449999999993,11.87671,-1.569248,8.703706585097539,0.5646707228997587,12.84708,2.206843,False,6,"[0.0317797, -0.010681, 0.1782136]","[0.1349759, 0.0228073, 0.591847]"
5170,5170,6,86.73149999999998,11.56083,-0.7267898,8.679658012958146,1.4329114226985569,12.71554,2.42337,False,6,"[0.0282993, -0.0113985, 0.1773967]","[0.1333608, 0.0250126, 0.5910209]"
5171,5171,6,86.74850000000004,11.9206,-1.208079,8.82035171792128,0.9140322444325886,12.51939,2.518353,False,6,"[0.029402, -0.0100846, 0.1772667]","[0.1312934, 0.0260056, 0.5912794]"
5172,5172,6,86.76550000000009,10.36896,-0.8342244,7.810338986160089,1.4792785679914835,12.40671,2.496444,False,6,"[0.0278942, -0.0103082, 0.1762985]","[0.13007, 0.0257783, 0.591262]"
5173,5173,6,86.78149999999994,11.07327,-0.9909486,8.271870901756905,1.2354559904212814,12.37244,2.367288,False,6,"[0.0370327, -0.0058798, 0.176192]","[0.129965, 0.0244932, 0.5924737]"
5174,5174,6,86.79849999999999,11.29348,-1.239715,8.368844302602977,0.9628931737436544,12.299,2.201491,False,6,"[0.0354086, -0.0053829, 0.1755468]","[0.1293488, 0.0228076, 0.5932967]"
5175,5175,6,86.81550000000004,11.13346,-1.272886,8.247688253152623,0.9506939689183298,12.05164,1.95017,False,6,"[0.0369019, -0.0048069, 0.1754653]","[0.1271531, 0.0202791, 0.5955684]"
5176,5176,6,86.83150000000012,10.42899,-1.949129,7.588691672177626,0.3758961946390862,11.66966,1.374286,False,6,"[0.0358283, -0.0022219, 0.1751496]","[0.123315, 0.0143237, 0.5970577]"
5177,5177,6,86.84849999999994,10.91346,-2.275768,7.854315794145603,-0.006890916426398608,11.1406,1.021781,False,6,"[0.036825, -0.0036785, 0.1744363]","[0.1182996, 0.0107141, 0.6007249]"
5178,5178,6,86.8655,10.6804,-2.209849,7.704923108174321,0.08760761960615238,11.56592,1.093395,False,6,"[0.0318316, -0.0025331, 0.1739674]","[0.1230948, 0.0114798, 0.6014873]"
5179,5179,6,86.88150000000007,10.61773,-2.599691,7.568188031613254,-0.2875394458740246,11.4057,0.5689626,False,6,"[0.03424, -0.0030262, 0.1749548]","[0.1218344, 0.0059973, 0.6039211]"
5180,5180,6,86.89850000000013,10.70358,-3.541955,7.405724737954601,-1.2245423606539019,11.0639,0.3776258,False,6,"[0.0350445, -0.0037976, 0.1754846]","[0.1185375, 0.0039955, 0.6062117]"
5181,5181,6,86.91549999999995,10.14261,-3.634115,6.9867129961687855,-1.243598060047491,10.81801,-0.0998222,False,6,"[0.0344272, -0.003887, 0.1749362]","[0.1162552, -0.00106, 0.6083916]"
5182,5182,6,86.9325,10.57367,-3.357694,7.357402340822229,-1.0268880283338584,10.61951,-0.4017922,False,6,"[0.0320236, -0.0059211, 0.1739872]","[0.1144468, -0.0042805, 0.6103916]"
5183,5183,6,86.94850000000008,10.90431,-3.786845,7.489824373866569,-1.4908119036110312,10.4209,-0.8594767,False,6,"[0.0337082, -0.0069476, 0.174823]","[0.1126643, -0.0091901, 0.6126007]"
5184,5184,6,86.96550000000013,11.11512,-4.011359,7.585888426925416,-1.7383410192549063,10.27597,-1.117435,False,6,"[0.0328429, -0.0067199, 0.1741426]","[0.1113422, -0.0119791, 0.6141406]"
5185,5185,6,86.98149999999998,9.797891,-3.634314,6.742598709744398,-1.1998447065100928,9.8922,-1.384038,False,6,"[0.0327699, -0.0079369, 0.1748053]","[0.1074075, -0.0148809, 0.6159126]"
5186,5186,6,86.99850000000004,8.866672,-2.900947,6.257032746566227,-0.36036808629267236,9.534434,-1.377322,False,6,"[0.0333637, -0.0109257, 0.1765123]","[0.1037176, -0.0148471, 0.6175121]"
5187,5187,6,87.02149999999995,8.701929,-2.834547,6.1561236640563335,-0.2741066972820634,9.002652,-1.302506,False,6,"[0.0312121, -0.0110812, 0.1744723]","[0.0981122, -0.0140803, 0.6192705]"
5188,5188,6,87.03250000000014,8.481798,-2.434112,6.095140394133984,0.14750605438002307,8.582451,-1.199197,False,6,"[0.0325269, -0.0102232, 0.1742486]","[0.0936379, -0.0129876, 0.6204373]"
5189,5189,6,87.04849999999999,7.778658,-2.762829,5.5194233364908145,-0.08591248685980091,7.776843,-1.15245,False,6,"[0.0337187, -0.011585, 0.1750279]","[0.0848397, -0.0124968, 0.6212124]"
5190,5190,6,87.06550000000004,7.448653,-2.469109,5.355363802764358,0.2448287488229317,7.181226,-0.93696,False,6,"[0.0346756, -0.012377, 0.1764963]","[0.078469, -0.0101854, 0.6227875]"
5191,5191,6,87.08150000000012,6.399503,-2.842529,4.524074264113504,0.01158959082166744,6.627618,-0.9509737,False,6,"[0.0302446, -0.0111239, 0.1751362]","[0.0724815, -0.0103546, 0.6238055]"
5192,5192,6,87.09949999999992,5.565768,-2.769599,3.951054159368953,0.18955982779577596,6.14182,-0.9114071,False,6,"[0.027532, -0.0089434, 0.1764873]","[0.0671557, -0.0099281, 0.6240807]"
5193,5193,6,87.1155,4.785868,-2.700064,3.415345822172835,0.3573299220408179,5.576877,-0.9964194,False,6,"[0.0269318, -0.0087122, 0.1759602]","[0.0609022, -0.0108481, 0.6237205]"
5194,5194,6,87.13150000000007,4.557108,-2.829283,3.222764394187311,0.2594984784931391,5.063989,-1.062892,False,6,"[0.0261472, -0.0074533, 0.1753362]","[0.0552565, -0.011569, 0.6235632]"
5195,5195,6,87.14850000000013,4.123823,-2.568428,2.9777942320666475,0.5711073476310946,4.336182,-0.9406144,False,6,"[0.0241179, -0.0085201, 0.1765537]","[0.0471766, -0.010215, 0.6221736]"
5196,5196,6,87.16449999999998,4.083474,-2.667013,2.9258691021500036,0.4793621168222453,4.004354,-0.9413564,False,6,"[0.0230121, -0.0075898, 0.1760131]","[0.0435082, -0.0102123, 0.6215171]"
5197,5197,6,87.18150000000003,4.048072,-3.316269,2.7469783932738947,-0.15421366361976352,3.668016,-0.7782842,False,6,"[0.0198315, -0.0087793, 0.1768156]","[0.0397938, -0.0084325, 0.6207451]"
5198,5198,99,87.21449999999993,2.945191,-2.667393,2.119854609365138,0.6241106820512909,2.509612,-0.7043027,False,6,"[0.0172448, -0.0085609, 0.1769643]","[0.0271389, -0.0076118, 0.6191984]"
5199,5199,99,87.23249999999996,2.518828,-2.482442,1.8618017329665304,0.8602385466042173,1.8829,-0.6028395,False,6,"[0.0149343, -0.0084122, 0.1783759]","[0.0203392, -0.0065098, 0.6186902]"
5200,5200,99,87.24850000000004,1.628504,-2.5031,1.2265422095759624,0.9534450787272868,1.113766,-0.5155776,False,6,"[0.0141545, -0.0087764, 0.1775862]","[0.0120081, -0.0055582, 0.6176599]"
5201,5201,99,87.26550000000009,0.535164,-2.372588,0.4833598401764262,1.2211045186466665,0.5522941,-0.3993405,False,6,"[0.0128164, -0.007974, 0.177762]","[0.0059426, -0.0042968, 0.6164792]"
5202,5202,99,87.28250000000014,0.7120935,-2.128075,0.6665604770363314,1.4388549630935943,-0.08788689,-0.2184504,False,6,"[0.0127025, -0.0082883, 0.1779292]","[-0.0009435, -0.002345, 0.6150608]"
5203,5203,99,87.29849999999999,0.4371716,-2.026764,0.4959141030833011,1.5734738409559843,-0.7233253,-0.0500536,False,6,"[0.0126952, -0.0103944, 0.1793861]","[-0.0077459, -0.000536, 0.6135299]"
5204,5204,99,87.31550000000004,-0.1401727,-1.717856,0.16033240641193547,1.9506756473398876,-1.292044,0.1805402,False,6,"[0.0091556, -0.0082907, 0.1779561]","[-0.0137916, 0.0019268, 0.6114854]"
5205,5205,99,87.33150000000012,-1.144005,-1.321644,-0.45652575804037765,2.4680537144381374,-1.535681,0.4007513,False,6,"[0.0078002, -0.0076873, 0.1773157]","[-0.0163473, 0.004265, 0.6097668]"
5206,5206,99,87.34849999999994,-0.9492155,-1.48341,-0.35693788457216247,2.284235863705062,-1.693483,0.6874194,False,6,"[0.0050809, -0.0078125, 0.1787135]","[-0.0179321, 0.0072772, 0.6065206]"
5207,5207,99,87.36649999999997,-1.394293,-0.6476603,-0.4740499841886756,3.1623550986961972,-1.974434,0.8487185,False,6,"[0.0016653, -0.0073868, 0.1782815]","[-0.0208211, 0.0089471, 0.6039636]"
5208,5208,99,87.38150000000007,-1.913866,-0.3253967,-0.7655642948663743,3.545317416879837,-2.298858,1.12018,False,6,"[0.0022221, -0.0066433, 0.1787795]","[-0.0241635, 0.0117695, 0.6019189]"
5209,5209,99,87.39850000000013,-2.214124,-0.02963867,-0.9080795655975811,3.874269123965492,-2.364174,1.349324,False,6,"[0.0013568, -0.0062927, 0.1778184]","[-0.0247499, 0.0141203, 0.5994741]"
5210,5210,99,87.41549999999995,-3.75427,-0.5864482,-2.130452643857652,3.5233926917780676,-2.468181,1.659422,False,6,"[-0.0004372, -0.0053597, 0.1787072]","[-0.0257854, 0.0173303, 0.598206]"
5211,5211,99,87.4325,-4.204355,-1.32107,-2.623171594780964,2.858788127436843,-2.379807,1.694737,False,6,"[-0.0035429, -0.0040932, 0.1774171]","[-0.0247461, 0.0176175, 0.5954396]"
5212,5212,99,87.44850000000008,-3.713379,-1.432894,-2.302045903936525,2.68629188634677,-2.419747,2.100641,False,6,"[-0.0029675, -0.0046381, 0.1791029]","[-0.0250403, 0.0217349, 0.5925609]"
5213,5213,99,87.46550000000013,-3.426887,-1.308406,-2.0697100964073023,2.7721133289184827,-2.14671,1.876164,False,6,"[-0.0043221, -0.0020073, 0.1775739]","[-0.0221051, 0.0193171, 0.5897087]"
5214,5214,99,87.48149999999998,-3.126612,-1.331616,-1.8626091416588784,2.711019850228471,-2.004904,1.593345,False,6,"[-0.0059926, -0.0010185, 0.1793363]","[-0.0205564, 0.0163342, 0.5872179]"
5215,5215,99,87.49850000000004,-3.592262,-0.9500356,-2.101891338686875,3.1454040075726377,-1.644962,1.582272,False,6,"[-0.0068709, -9.19e-05, 0.1777118]","[-0.0167814, 0.0161416, 0.5843548]"
5216,5216,99,87.51550000000009,-3.006902,-0.3747504,-1.5511462436272048,3.636165962629807,-1.650742,1.341419,False,6,"[-0.0117617, -0.0018347, 0.1792442]","[-0.0167683, 0.0136249, 0.581852]"
5217,5217,99,87.53250000000014,-3.365805,0.1106996,-1.6902402966025627,4.159023842460451,-1.270543,1.874423,False,6,"[-0.0129785, -0.0040714, 0.1765499]","[-0.0128485, 0.0189589, 0.5793143]"
5218,5218,99,87.54849999999999,-2.652421,0.1079835,-1.185795343467198,4.06540367116086,-0.8613663,2.128107,False,6,"[-0.0116095, -0.0044745, 0.1788792]","[-0.0086677, 0.0214228, 0.5765092]"
5219,5219,99,87.56550000000004,-3.361925,-0.08357231,-1.7335212070051877,3.9675986034016093,-0.6517481,2.446931,False,6,"[-0.0105747, -0.0040333, 0.1765918]","[-0.0065292, 0.0245272, 0.5739644]"
5220,5220,99,87.5825000000001,-2.132272,-0.1675587,-0.8828037116612992,3.728285742370585,-0.3529387,2.651114,False,6,"[-0.0097414, -0.0041455, 0.1783354]","[-0.0035224, 0.0264771, 0.5718133]"
5221,5221,99,87.59849999999994,-2.677543,-0.3167392,-1.3042099092723283,3.651188757791454,-0.1447572,2.545791,False,6,"[-0.0111097, -0.0029346, 0.1769653]","[-0.00144, 0.025342, 0.5699729]"
5222,5222,99,87.6155,-1.545363,-0.06286336,-0.4424567550177827,3.756354166539482,0.3216128,2.278102,False,6,"[-0.0093729, -0.0011671, 0.1784337]","[0.0031929, 0.0226284, 0.5688193]"
5223,5223,99,87.63250000000005,-2.28857,-0.004672801,-0.9548735906255634,3.9082968705102528,0.7332345,1.807132,False,6,"[-0.0103815, 0.0003411, 0.1765202]","[0.0072581, 0.0178933, 0.5671243]"
5224,5224,99,87.64850000000013,-1.406286,0.06736723,-0.3131328027095559,3.8666136706836216,0.9823691,1.518924,False,6,"[-0.0082574, 0.0003359, 0.1782423]","[0.0097012, 0.0150019, 0.5657569]"
5225,5225,99,87.66549999999995,-2.089278,0.07462903,-0.7949826898544001,3.960826620857379,1.400484,1.701406,False,6,"[-0.0103453, -0.0002569, 0.1761082]","[0.0138083, 0.0167769, 0.5648036]"
5226,5226,99,87.68150000000003,-1.560884,-0.7589686,-0.6183711564312528,3.07420025066092,1.502032,1.806625,False,6,"[-0.0066206, -0.00052, 0.177819]","[0.0147734, 0.0177711, 0.5634091]"
5227,5227,99,87.69850000000008,-2.276261,-1.050381,-1.1939138056140797,2.8790048167404665,1.543805,1.847756,False,6,"[-0.0082327, -0.0009732, 0.1760399]","[0.0151666, 0.0181546, 0.5627466]"
5228,5228,99,87.71550000000013,-1.613166,-0.9721356,-0.7058924878637436,2.8713651121795873,1.551096,2.027696,False,6,"[-0.0047906, -0.0001948, 0.1775736]","[0.0151984, 0.0198719, 0.5612766]"
5229,5229,99,87.73249999999996,-3.190554,-1.232517,-1.8844021012179346,2.8165665136509848,1.559681,1.877399,False,6,"[-0.0070208, -1.43e-05, 0.1756769]","[0.0152815, 0.0183965, 0.5612366]"
5230,5230,99,87.74850000000004,-2.603468,-0.9605694,-1.4043034575129756,3.008988010602802,1.434854,1.838158,False,6,"[-0.0043637, 0.000209, 0.1777542]","[0.0140207, 0.017964, 0.5597494]"
5231,5231,99,87.76550000000009,-3.430595,-1.556232,-2.131051787974071,2.52902250215609,1.507817,1.591581,False,6,"[-0.0064205, 0.0002292, 0.1759965]","[0.0147277, 0.0155463, 0.5595108]"
5232,5232,99,87.81550000000004,-2.935869,-1.454277,-1.7566212799937655,2.5661503175930287,1.308297,1.703574,False,6,"[-0.0048357, -0.0023509, 0.1774615]","[0.0127209, 0.0165663, 0.5570042]"
5233,5233,99,87.8325000000001,-3.829377,-2.028284,-2.5252377610722303,2.115930997630053,1.419322,1.712448,False,6,"[-0.0069947, -0.0032263, 0.1759699]","[0.0138052, 0.0166579, 0.5571803]"
5234,5234,99,87.84849999999994,-3.414401,-1.891895,-2.199113359681502,2.1970680632403834,1.183798,1.679223,False,6,"[-0.0050042, -0.0030151, 0.1776887]","[0.011483, 0.0162911, 0.5556983]"
5235,5235,99,87.8655,-4.183582,-2.247097,-2.8278635899289286,1.946039747616941,1.179472,1.624795,False,6,"[-0.0098092, -0.003786, 0.1759704]","[0.0114408, 0.0157625, 0.5556884]"
5236,5236,99,87.88150000000007,-3.853273,-1.747009,-2.475515259297829,2.3954148156004624,0.9797221,1.498269,False,6,"[-0.0080931, -0.0029842, 0.1779861]","[0.0094803, 0.0144999, 0.5543689]"
5237,5237,99,87.8995000000001,-4.253188,-2.066117,-2.8342670437631527,2.1327812304374874,1.155488,1.444758,False,6,"[-0.0105729, -0.0047917, 0.1763717]","[0.0111849, 0.013986, 0.5545354]"
5238,5238,99,87.91549999999995,-2.354915,-1.61245,-1.3827708483469205,2.3366307672867186,1.044863,1.487132,False,6,"[-0.009122, -0.0045156, 0.1778663]","[0.0100938, 0.014368, 0.5534415]"
5239,5239,99,87.93150000000003,-2.547744,-1.501113,-1.4929185820884263,2.4706370131595596,1.205937,1.644331,False,6,"[-0.0118251, -0.0062566, 0.176665]","[0.0116579, 0.0158979, 0.5537996]"
5240,5240,99,87.94850000000008,-2.279514,-1.892473,-1.3957302697279048,2.051810937927796,1.315706,1.641622,False,6,"[-0.0105865, -0.0058611, 0.1774384]","[0.0127042, 0.0158528, 0.55314]"
5241,5241,99,87.96550000000013,-2.499409,-2.358911,-1.6619309872927062,1.6214302067798978,1.742178,1.763134,False,6,"[-0.0129089, -0.0069249, 0.1764781]","[0.0168403, 0.0170429, 0.5536619]"
5242,5242,99,87.98149999999998,-1.994915,-2.130474,-1.250617719539106,1.7816192785483351,2.037891,1.827152,False,6,"[-0.0119269, -0.005401, 0.1770786]","[0.0196856, 0.0176484, 0.5532318]"
5243,5243,99,87.99850000000004,-1.963856,-2.346092,-1.2797128565663816,1.5657499808699273,2.312454,1.771188,False,6,"[-0.0131019, -0.0063557, 0.1761746]","[0.0223697, 0.0171299, 0.5539535]"
5244,5244,99,88.01550000000009,0.2506987,-2.063518,0.3551800284134646,1.5611257955727313,2.368688,1.95391,False,6,"[-0.0072605, -0.0049699, 0.1765494]","[0.0229374, 0.0189174, 0.5545126]"
5245,5245,99,88.03250000000014,0.3608692,-1.928177,0.4652484561083015,1.6800931631131917,2.628005,2.09944,False,6,"[-0.007838, -0.0046161, 0.1761508]","[0.0255413, 0.0203991, 0.5564614]"
5246,5246,99,88.04849999999999,1.302101,-0.9299951,1.3681521885103614,2.541107468476774,2.703507,2.223114,False,6,"[-0.0069884, -0.0058009, 0.1755604]","[0.0263386, 0.0216532, 0.5577827]"
5247,5247,99,88.06550000000004,1.887496,-0.5919079,1.8627237490095672,2.7987465999226284,2.961984,2.483543,False,6,"[-0.0076302, -0.0072008, 0.1748021]","[0.0290029, 0.0243117, 0.5605237]"
5248,5248,99,88.08150000000012,1.904841,0.7146734,2.184567075907326,4.0806442718568725,3.113785,2.718314,False,6,"[-0.0060801, -0.0064937, 0.1745566]","[0.0306275, 0.0267314, 0.5630125]"
5249,5249,99,88.09849999999994,2.034673,-0.232673,2.0520396633185074,3.133039015577007,3.17796,2.86703,False,6,"[-0.0059715, -0.007135, 0.1741512]","[0.0314554, 0.0283724, 0.5665301]"
5250,5250,99,88.1155,1.66318,1.130918,2.112085887273767,4.520539613296464,3.205437,3.340166,False,6,"[0.0007576, -0.0062389, 0.1731548]","[0.0319793, 0.0333264, 0.5710188]"
5251,5251,99,88.13150000000007,0.8783005,0.4758926,1.4011849565201082,3.9768460829709964,3.378588,3.477027,False,6,"[0.0010874, -0.0058123, 0.1726458]","[0.0339984, 0.0349914, 0.5758941]"
5252,5252,99,88.14850000000013,0.7027349,0.5030501,1.2833157232000865,4.0259197107801,3.154483,3.643602,False,6,"[0.0039168, -0.0027972, 0.1723177]","[0.032028, 0.0370067, 0.5811464]"
5253,5253,99,88.16549999999995,0.6681951,0.6939272,1.3040846359659373,4.217917408837144,3.005919,3.62093,False,6,"[0.0056658, -0.0017762, 0.1719248]","[0.0308233, 0.0371451, 0.5869834]"
5254,5254,99,88.18150000000003,0.8542895,0.4650218,1.3816091720981165,3.96922346461333,2.495029,3.073299,False,6,"[0.0057151, 0.0021436, 0.1718417]","[0.0258378, 0.0318366, 0.5929635]"
5255,5255,99,88.19950000000006,1.313484,0.2151833,1.6475338102422783,3.6651383642447843,2.387813,3.252172,False,6,"[0.0060805, -0.000695, 0.1711525]","[0.0250252, 0.0341008, 0.6001329]"
5256,5256,99,88.21650000000011,1.084923,0.2495853,1.4938593066903754,3.728088383770555,2.886022,3.137698,False,6,"[0.004992, 0.0033939, 0.1719251]","[0.0305676, 0.0332384, 0.6063406]"
5257,5257,99,88.23349999999994,1.705904,-0.4469857,1.7684892085222201,2.964327775869992,2.610991,2.513027,False,6,"[0.0026159, 0.0014173, 0.1706351]","[0.0279462, 0.0268963, 0.6128284]"
5258,5258,99,88.24950000000001,1.760293,-0.777737,1.7286340793977115,2.632331000445015,3.333829,2.723748,False,6,"[0.0021013, 0.0015042, 0.171315]","[0.0360726, 0.0294604, 0.6192508]"
5259,5259,99,88.26650000000006,3.006541,-0.8153577,2.6020863538336263,2.4364706416713986,3.449409,2.371675,False,6,"[0.0019997, 0.0020767, 0.1714591]","[0.0377026, 0.0259063, 0.6254956]"
5260,5260,99,88.28350000000012,2.763892,-0.9031623,2.409483406608423,2.381112036637727,3.875579,2.295386,False,6,"[0.0025632, 0.0013952, 0.1718941]","[0.0428173, 0.0253343, 0.6320372]"
5261,5261,99,88.30049999999994,4.394729,-1.170162,3.5008856904678916,1.9107857963960622,4.135428,2.004421,False,6,"[0.0039536, 0.0006476, 0.1724316]","[0.0461051, 0.0223172, 0.6376695]"
5262,5262,99,88.31650000000002,3.807008,-1.433429,3.0223941132584673,1.7269765566851825,4.572855,1.597614,False,6,"[0.0032671, 0.0007515, 0.1725203]","[0.0514865, 0.0179543, 0.6437324]"
5263,5263,99,88.33350000000007,5.735163,-1.884566,4.280675921644372,1.0377743680014948,4.784805,1.329161,False,6,"[0.0051601, -0.0013517, 0.1732589]","[0.0543319, 0.0150603, 0.6490853]"
5264,5264,99,88.35050000000012,5.337222,-1.870673,4.002218277293101,1.1021627307740678,5.105274,1.037788,False,6,"[0.0053159, -0.0023481, 0.1729732]","[0.0584914, 0.0118598, 0.6547024]"
5265,5265,99,88.36749999999995,6.257811,-1.7647,4.679119275796163,1.0889452939174724,5.339111,0.9587566,False,6,"[0.0091323, -0.0024745, 0.1738749]","[0.0616207, 0.0110344, 0.659357]"
5266,5266,99,88.38350000000003,5.830486,-1.688531,4.394612028958237,1.2182847796358347,5.561483,0.601772,False,6,"[0.0083966, -0.0027419, 0.1739273]","[0.0646245, 0.0069709, 0.6636857]"
5267,5267,99,88.40050000000008,6.401711,-1.8458,4.761788337716666,0.9908940512891711,5.704588,0.5151028,False,6,"[0.0134488, -0.0035744, 0.1749937]","[0.0666951, 0.0060026, 0.6676573]"
5268,5268,99,88.41649999999993,6.093778,-1.757108,4.5647797560355645,1.117319619773462,5.800858,0.5005959,False,6,"[0.0116125, -0.0043669, 0.1745121]","[0.0681989, 0.0058654, 0.6713058]"
5269,5269,99,88.43349999999998,6.39803,-1.967244,4.730408913365126,0.8720081008156604,5.902863,0.6271976,False,6,"[0.0175962, -0.0057648, 0.1752034]","[0.0697672, 0.007387, 0.674793]"
5270,5270,99,88.45050000000003,6.077493,-1.988889,4.498334800150284,0.8916012977793848,5.694246,0.7006412,False,6,"[0.0163231, -0.0057066, 0.1747236]","[0.0676157, 0.0082927, 0.6781109]"
5271,5271,99,88.46750000000009,6.060915,-1.94683,4.496562143776385,0.935050475741015,5.679122,0.8307583,False,6,"[0.0192104, -0.0053975, 0.1751881]","[0.0677322, 0.0098763, 0.6811001]"
5272,5272,99,88.48349999999994,5.854793,-1.864518,4.370125961307808,1.0422256829579601,5.536703,0.7752617,False,6,"[0.0178856, -0.0051633, 0.175153]","[0.0663378, 0.0092604, 0.6843489]"
5273,5273,99,88.50049999999999,5.435495,-2.013021,4.038071389016642,0.9497339902454844,5.405182,0.8868065,False,6,"[0.0197238, -0.0056652, 0.1757945]","[0.0650037, 0.0106341, 0.6870036]"
5274,5274,99,88.51750000000004,5.295176,-1.914818,3.9619898795043396,1.0641375242949067,5.207216,0.9585927,False,6,"[0.0187241, -0.0053803, 0.1753863]","[0.0628199, 0.0115337, 0.6893128]"
5275,5275,99,88.5345000000001,4.47863,-1.807793,3.4092178738494847,1.2734248904799452,5.122985,1.104723,False,6,"[0.0197259, -0.0060424, 0.1759146]","[0.0619909, 0.0133338, 0.6914618]"
5276,5276,99,88.55149999999992,4.187503,-1.877064,3.1866827338876274,1.2424616800184052,4.937575,1.239601,False,6,"[0.0187324, -0.0061097, 0.1759374]","[0.0599048, 0.0150045, 0.6934157]"
5277,5277,99,88.56949999999995,3.709182,-2.202828,2.770841139298533,0.9832827147901808,4.782488,1.318049,False,6,"[0.0186943, -0.0059847, 0.1760635]","[0.0581434, 0.0159899, 0.6949588]"
5278,5278,99,88.58450000000005,3.271976,-2.101743,2.4852412121119327,1.138369411763981,4.482532,1.442909,False,6,"[0.0180786, -0.0057393, 0.1763037]","[0.054639, 0.0175559, 0.6969709]"
5279,5279,99,88.6015000000001,4.948615,0.6391228,4.321712924445119,3.618336111761513,4.225524,1.714272,False,6,"[0.0167755, -0.0061966, 0.1762999]","[0.051621, 0.0209106, 0.6986831]"
5280,5280,99,88.61749999999995,4.83043,0.9147676,4.303343210112086,3.9043076628080158,4.261703,1.800826,False,6,"[0.0163398, -0.0058941, 0.1762987]","[0.0521756, 0.0220139, 0.700173]"
5281,5281,99,88.6345,8.344659,1.685458,6.974075792422593,4.213706482401755,4.142729,1.906972,False,6,"[0.0138437, -0.0055784, 0.1767433]","[0.0508032, 0.0233535, 0.7014053]"
5282,5282,99,88.65449999999998,8.117311,1.837056,6.84902686504213,4.391682165381882,4.092609,2.027865,False,6,"[0.0128925, -0.0057709, 0.1760887]","[0.0502946, 0.0248887, 0.7029177]"
5283,5283,99,88.67150000000004,6.030733,1.386348,5.264908468308275,4.214748125686658,3.959379,2.137049,False,6,"[0.0113995, -0.0067639, 0.1758426]","[0.0487327, 0.0262735, 0.7040837]"
5284,5284,99,88.68850000000009,5.953296,1.554868,5.250008433309184,4.390242301953659,3.890681,2.357234,False,6,"[0.0100754, -0.0064678, 0.1762389]","[0.047964, 0.0290315, 0.7052513]"
5285,5285,99,88.70249999999999,4.169908,0.5390615,3.7466675209294493,3.619274744957305,3.789434,2.610894,False,6,"[0.015332, 0.0019753, 0.1770749]","[0.0467808, 0.0322069, 0.7062879]"
5286,5286,99,88.71850000000006,4.077275,0.6620159,3.7102127854655564,3.75192438660871,3.880921,2.844245,False,6,"[0.0150001, 0.0028342, 0.1775006]","[0.0479863, 0.0351432, 0.70736]"
5287,5287,99,88.73550000000012,2.901167,0.4830705,2.835110782690331,3.7260011376758366,3.862371,2.854065,False,6,"[0.0260645, 0.0052288, 0.177696]","[0.0478065, 0.0353019, 0.708104]"
5288,5288,99,88.75149999999996,3.227921,0.6104327,3.0966337690711403,3.809514261243144,3.695377,2.960383,False,6,"[0.0253733, 0.0057058, 0.1778969]","[0.0457888, 0.0366634, 0.7089578]"
5289,5289,99,88.76850000000002,2.881869,0.4618364,2.8164165528045455,3.7075925907657843,3.68884,3.185779,True,6,"[0.0187949, 0.0043055, 0.1779038]","[0.0457551, 0.0395014, 0.7096944]"
5290,5290,99,88.78550000000007,2.813466,0.9123548,2.874725433067697,4.159083229931673,3.853622,3.443597,True,6,"[0.0185494, 0.0048284, 0.1778802]","[0.0478559, 0.042751, 0.7104497]"
5291,5291,99,88.80149999999992,2.780097,1.148791,2.9071174170585,4.395707175854379,3.889692,3.505318,True,6,"[0.0129884, 0.0016762, 0.1781498]","[0.0483381, 0.0435488, 0.710933]"
5292,5292,99,88.81849999999997,2.357154,1.030412,2.5796192718493973,4.33328608006004,4.098662,3.636877,True,6,"[0.0126908, 0.0020572, 0.1780356]","[0.0509571, 0.0451994, 0.7111205]"
5293,5293,99,88.83550000000002,2.86541,0.2672569,2.758662395313038,3.518458112778063,4.196723,3.856284,False,6,"[0.0090228, 0.0015011, 0.1780413]","[0.0521957, 0.0479482, 0.7113276]"
5294,5294,99,88.8515000000001,2.692175,0.6332621,2.722725015013411,3.9002543657349618,4.436121,4.029234,False,6,"[0.0100376, 0.0018963, 0.1779796]","[0.0552158, 0.0501338, 0.7117277]"
5295,5295,99,88.86849999999993,3.661259,0.8332514,3.456236212559334,3.9732534878976526,4.700774,4.012729,False,6,"[0.0089586, 0.0014345, 0.1779608]","[0.0585447, 0.0499451, 0.7119752]"
5296,5296,99,88.88549999999998,3.232718,1.044628,3.202902178932047,4.235630128412365,5.2214,3.818561,False,6,"[0.0087686, 0.0028415, 0.1784283]","[0.0650615, 0.04752, 0.7119597]"
5297,5297,99,88.90150000000006,4.622352,1.317091,4.251341087587225,4.3262396736795905,5.243145,3.527766,False,6,"[0.0086338, 0.0035653, 0.1777967]","[0.0653392, 0.0438952, 0.7120166]"
5298,5298,99,88.91850000000011,5.02521,-0.04314494,4.214296737520671,2.9380376432425512,5.423138,3.373945,False,6,"[0.0073502, 0.0032116, 0.1785607]","[0.0676305, 0.0419984, 0.7123855]"
5299,5299,99,88.93549999999993,7.144337,-1.09048,5.466535418265787,1.6385441703020553,5.913501,3.479476,False,6,"[0.0088765, 0.0008272, 0.1773439]","[0.073764, 0.0433014, 0.7121584]"
5300,5300,99,88.95249999999999,7.202827,-0.5872652,5.627171917236366,2.125647020193359,6.350709,3.524633,False,6,"[0.0083918, 0.0019726, 0.1784664]","[0.0792856, 0.0438784, 0.7123786]"
5301,5301,99,88.96850000000006,7.657496,-1.622145,5.703895918957321,1.0505997427659257,6.607511,3.137213,False,6,"[0.0114352, 0.0025991, 0.1787078]","[0.0824977, 0.0390347, 0.712189]"
5302,5302,99,88.98550000000012,7.26723,-0.7639678,5.630904981432255,1.9437727102235924,6.719111,2.625775,False,6,"[0.0100805, 0.0032543, 0.1784741]","[0.0838815, 0.0326527, 0.7119996]"
5303,5303,99,89.00249999999994,8.462956,-0.5069029,6.538405396073065,2.043970719779415,7.150139,2.552203,False,6,"[0.014416, 0.0040995, 0.1783036]","[0.0892573, 0.0317153, 0.7115234]"
5304,5304,99,89.05250000000012,7.970959,-1.123932,6.043872748373055,1.500279790449658,9.086708,2.256509,False,6,"[0.0156428, -0.000134, 0.1778961]","[0.1134751, 0.0279572, 0.7095026]"
5305,5305,99,89.06949999999995,8.129533,-1.235203,6.129782974423944,1.3707056494860819,9.164325,2.649362,False,6,"[0.0220079, -0.0033422, 0.175582]","[0.1145113, 0.0328453, 0.7098141]"
5306,5306,99,89.0865,8.060785,-0.900175,6.160484938407987,1.7087362269817588,8.912372,3.200307,False,6,"[0.0224271, -0.001819, 0.1774582]","[0.1117205, 0.0398346, 0.7124258]"
5307,5307,99,89.10250000000008,8.059386,-0.6296596,6.22358648702806,1.9747773139206652,9.254421,2.86315,False,6,"[0.0235937, -0.0049696, 0.175483]","[0.115981, 0.0355995, 0.7118035]"
5308,5308,99,89.12749999999994,7.963913,-1.007836,6.06639018839717,1.6152773299440448,9.409673,2.704983,False,6,"[0.0224789, -0.0023505, 0.1762751]","[0.1182396, 0.033709, 0.7134798]"
5309,5309,99,89.14350000000002,7.718564,-1.174227,5.853256451367865,1.4830281841911241,9.083734,2.646448,False,6,"[0.026221, -0.0015592, 0.1762284]","[0.1143987, 0.0330726, 0.7155156]"
5310,5310,99,89.16050000000007,7.90008,-1.198637,5.9759896264566095,1.435896172641066,9.179955,2.84776,False,6,"[0.0246221, -0.0034498, 0.1758417]","[0.1158475, 0.035659, 0.716853]"
5311,5311,99,89.17649999999992,8.663967,-0.8146957,6.607800691579497,1.71584443543296,9.284619,3.274483,False,6,"[0.0250855, -0.0037865, 0.1756106]","[0.1175181, 0.0411274, 0.7188502]"
5312,5312,99,89.19349999999997,8.611881,-0.9194777,6.546097329537541,1.6195051628145407,9.274545,3.384571,False,6,"[0.0248554, -0.0027576, 0.1755041]","[0.1175768, 0.0425816, 0.7200044]"
5313,5313,99,89.21050000000002,8.948305,-1.033151,6.757359328885083,1.464895579198073,9.272913,3.276551,False,6,"[0.0248089, -0.0019255, 0.1752066]","[0.1179343, 0.0413523, 0.7223227]"
5314,5314,99,89.2265000000001,8.81678,-1.437249,6.56849608309208,1.0845161717632785,9.350113,3.438361,False,6,"[0.0243998, -0.0030682, 0.1744106]","[0.1192555, 0.0435166, 0.724277]"
5315,5315,99,89.24349999999993,8.514804,-1.314794,6.383704486843098,1.2433645702943168,9.29321,3.811153,False,6,"[0.0235967, -0.0035685, 0.1741]","[0.1190659, 0.0484716, 0.7276325]"
5316,5316,99,89.26049999999998,8.714967,-1.498381,6.481926936288647,1.0374159468856199,9.166391,3.792639,False,6,"[0.024077, -0.0036304, 0.1735116]","[0.1178223, 0.0484037, 0.7301707]"
5317,5317,99,89.27650000000006,8.248157,-1.721244,6.098615230023371,0.877900595950087,8.929744,3.931261,False,6,"[0.026643, -0.0024864, 0.1748481]","[0.1153419, 0.0504459, 0.7340647]"
5318,5318,99,89.29350000000011,8.527661,-1.76333,6.286537739501711,0.8009039084750698,8.868698,3.936102,False,6,"[0.0263998, -0.0027977, 0.1743161]","[0.115086, 0.0507487, 0.7375596]"
5319,5319,99,89.31049999999993,7.894874,-1.714912,5.849984842501321,0.9291644627740832,8.591881,3.743811,False,6,"[0.0274079, -0.003139, 0.1740631]","[0.1121822, 0.0485843, 0.7424816]"
5320,5320,99,89.32749999999999,7.838622,-1.677761,5.818959462057254,0.9728481743447914,8.351598,3.79832,False,6,"[0.0269078, -0.0043526, 0.1734776]","[0.1096702, 0.0495971, 0.7470517]"
5321,5321,99,89.34350000000006,7.06556,-1.416173,5.333594851569307,1.3284963015810431,8.232676,4.135286,False,6,"[0.0259457, -0.0039775, 0.1733006]","[0.1088972, 0.0544168, 0.7526535]"
5322,5322,99,89.36050000000012,7.335041,-1.310644,5.549394695375621,1.3978535928133868,7.918069,4.377931,False,6,"[0.0264892, -0.0045202, 0.1728055]","[0.1053562, 0.0579935, 0.7575067]"
5323,5323,99,89.37649999999996,6.055198,-1.471622,4.605103420909364,1.4028141047235243,7.740654,4.607465,False,6,"[0.0250204, -0.0051868, 0.1726016]","[0.1037651, 0.0615205, 0.7633834]"
5324,5324,99,89.39350000000002,6.034008,-1.596815,4.560439080772412,1.2824758926579323,7.472143,4.632129,False,6,"[0.0258395, -0.0053052, 0.1723267]","[0.1008149, 0.0622782, 0.7686527]"
5325,5325,99,89.41050000000007,5.285089,-1.4195,4.0722016964109145,1.5522224156795228,6.932931,4.874119,False,6,"[0.023818, -0.0051425, 0.1717597]","[0.0943141, 0.0661422, 0.7756316]"
5326,5326,99,89.42649999999992,5.416715,-1.241278,4.207620610204151,1.7105978545987115,6.925766,5.149439,False,6,"[0.0235956, -0.0050202, 0.1713925]","[0.0949653, 0.0704541, 0.7818028]"
5327,5327,99,89.44449999999995,4.937403,-0.9127473,3.9460966357537206,2.094586525778627,6.600939,5.398347,False,6,"[0.021184, -0.0042253, 0.1709124]","[0.0914142, 0.0746499, 0.7899563]"
5328,5328,99,89.46050000000002,5.145643,-1.075916,4.054875364941534,1.9076752687226843,6.515087,5.504196,False,6,"[0.0219437, -0.0039002, 0.1704704]","[0.0910177, 0.0768, 0.7969865]"
5329,5329,99,89.4765000000001,5.071613,-1.020893,4.015497183706459,1.97119014808329,6.232574,5.687905,False,6,"[0.0180518, -0.0043718, 0.1701742]","[0.088057, 0.0803084, 0.8063087]"
5330,5330,99,89.49349999999993,5.183311,-0.7883848,4.149668520568391,2.185458764088923,6.196219,5.928989,False,6,"[0.0179139, -0.0047244, 0.1694719]","[0.0883763, 0.0845368, 0.8140179]"
5331,5331,99,89.51049999999998,4.761707,-0.491922,3.9214051175725304,2.530573769536555,6.136872,6.212566,False,6,"[0.0156512, -0.0041926, 0.1691931]","[0.0885504, 0.0896512, 0.8235706]"
5332,5332,99,89.52650000000006,4.822354,-0.3961033,3.9870461821458694,2.6170124451921533,6.071846,6.147839,False,6,"[0.0159906, -0.003654, 0.1686372]","[0.0885925, 0.0897098, 0.8328539]"
5333,5333,99,89.54550000000006,4.735447,0.02326118,4.024872737701113,3.0402441026831886,6.049929,6.282706,False,6,"[0.0145426, -0.002682, 0.1683411]","[0.0894183, 0.092886, 0.8436853]"
5334,5334,99,89.56049999999993,4.953689,0.2945184,4.243659748464469,3.2790117701912824,5.900073,6.552472,False,6,"[0.0150945, -0.003148, 0.1676226]","[0.0881958, 0.0980293, 0.8534422]"
5335,5335,99,89.57749999999999,4.815592,0.08281639,4.095726975783509,3.0885571549086244,5.742616,6.847947,False,6,"[0.014855, -0.0029827, 0.1673832]","[0.0870102, 0.1039054, 0.865218]"
5336,5336,99,89.59350000000006,4.517758,0.274593,3.930292063434438,3.3150068084929383,5.597482,6.930663,False,6,"[0.0151167, -0.0022931, 0.1666425]","[0.0858769, 0.1065122, 0.876237]"
5337,5337,99,89.61050000000012,4.506337,0.3260832,3.9344051482884725,3.3670674999689267,5.564719,6.971509,False,6,"[0.0138654, -0.0014291, 0.1664524]","[0.086549, 0.1086245, 0.8883272]"
5338,5338,99,89.62649999999996,4.266743,0.2927277,3.756865589114633,3.3648320205450015,5.489863,6.771794,False,6,"[0.0139887, -0.0011463, 0.1658108]","[0.0865627, 0.1069473, 0.9006582]"
5339,5339,99,89.64350000000002,3.769387,0.4025561,3.4307499365916594,3.5361803838086745,5.422929,6.834144,False,6,"[0.0137689, 6.75e-05, 0.1662154]","[0.0867068, 0.1094637, 0.9133602]"
5340,5340,99,89.6595000000001,3.856848,0.2089887,3.4468127664199923,3.3347916249110368,5.190308,6.823912,False,6,"[0.0143235, 0.0008495, 0.1652565]","[0.0841084, 0.1108025, 0.9259308]"
5341,5341,99,89.67750000000012,3.737397,0.3815902,3.403133090109221,3.5196535531052997,4.751335,6.793227,False,6,"[0.0139684, 0.0002397, 0.165804]","[0.0780082, 0.1118008, 0.9385336]"
5342,5342,99,89.69349999999997,3.732055,0.3954653,3.4026382283332604,3.5339710736674577,5.112331,7.070776,False,6,"[0.0130252, 0.00079, 0.164847]","[0.0850371, 0.1179002, 0.9505115]"
5343,5343,99,89.71050000000002,3.72842,0.6859199,3.468880759484932,3.8198934926203765,4.674821,6.890422,False,6,"[0.0130845, 0.0009449, 0.1660199]","[0.0788004, 0.1164514, 0.9636528]"
5344,5344,99,89.7265000000001,3.49738,0.6328983,3.2927381777508042,3.7972395893030835,4.740534,6.724242,False,6,"[0.0123392, 0.000845, 0.1653906]","[0.0809335, 0.1150673, 0.9759575]"
5345,5345,99,89.74349999999993,3.520296,0.6574534,3.314780845945893,3.8184507511258645,4.808781,6.725182,False,6,"[0.0109583, 0.0011686, 0.1663282]","[0.0831217, 0.1165099, 0.9880537]"
5346,5346,99,89.76049999999998,3.609976,0.2784052,3.2884695884177138,3.434488426556129,4.7855,6.723643,False,6,"[0.01117, 0.0006043, 0.165686]","[0.083758, 0.1179484, 1.000484]"
5347,5347,99,89.77650000000006,4.217012,-0.2210244,3.5999340590332363,2.866256401957501,4.83682,6.651417,False,6,"[0.0108954, 0.0011109, 0.1667935]","[0.0856148, 0.117985, 1.011761]"
5348,5348,99,89.79350000000011,4.204319,-0.1820917,3.6001713502639836,2.906137743476406,5.054761,6.573615,False,6,"[0.0108667, 0.0011499, 0.1665931]","[0.0905368, 0.1179537, 1.023572]"
5349,5349,99,89.81049999999993,6.05871,0.3154685,5.0309977444589125,3.158720154184123,5.084907,6.45101,False,6,"[0.0109369, 0.0020093, 0.1678338]","[0.0919924, 0.1168947, 1.03383]"
5350,5350,99,89.82749999999999,5.969076,0.2431252,4.950395298967889,3.099048730135742,5.502062,6.252949,False,6,"[0.0102453, 0.0018518, 0.1676345]","[0.1006525, 0.114492, 1.044922]"
5351,5351,99,89.84450000000004,6.512427,1.227663,5.568359761480042,3.9973802419842963,5.832627,5.897366,False,6,"[0.0103906, 0.0019382, 0.1689023]","[0.1077495, 0.1089539, 1.054799]"
5352,5352,99,89.86150000000009,6.257724,0.961809,5.325037880954791,3.768571350414142,5.970042,5.805285,False,6,"[0.010631, 0.0008188, 0.1685067]","[0.1113717, 0.1082767, 1.064987]"
5353,5353,99,89.87849999999992,6.574708,1.305363,5.630864940229694,4.0658035245196995,6.227711,5.834658,False,6,"[0.0124984, -0.0006539, 0.1695062]","[0.1171552, 0.109708, 1.073596]"
5354,5354,99,89.89549999999997,5.104547,1.703804,4.684365930400955,4.644825454827233,6.375251,5.909779,False,6,"[0.0124458, -0.0005381, 0.1693052]","[0.1210042, 0.1121039, 1.082999]"
5355,5355,99,89.91250000000002,6.089397,1.470536,5.326389921494755,4.290008957922916,6.695732,6.010015,True,6,"[0.0185241, 0.0009609, 0.1745243]","[0.1285264, 0.1152613, 1.094797]"
5356,5356,99,89.92950000000008,5.882095,1.592174,5.208435620424476,4.435984226240956,7.164117,5.829781,True,6,"[0.0182172, 0.0007393, 0.1742292]","[0.1385939, 0.1125809, 1.102637]"
5357,5357,99,89.94549999999992,6.874475,1.689923,5.934217437029046,4.405531454863465,7.442982,5.689565,True,6,"[0.0200116, 0.0037567, 0.1753012]","[0.1449321, 0.1105287, 1.109399]"
5358,5358,99,89.96249999999998,6.433592,1.597388,5.600140564285712,4.370797067782968,7.81976,5.690655,True,6,"[0.0191861, 0.0029374, 0.1749692]","[0.153294, 0.1112287, 1.11621]"
5359,5359,99,89.97850000000005,7.633191,1.28852,6.376299051828385,3.9143020480993598,8.42456,6.022427,True,6,"[0.0202415, 0.0040018, 0.1756209]","[0.1659703, 0.1182259, 1.120625]"
5360,5360,99,89.9955000000001,7.208717,1.279319,6.073584011642231,3.9593763578910206,8.934485,6.081366,True,6,"[0.0154716, 0.005152, 0.1732005]","[0.1770008, 0.1199504, 1.12587]"
5361,5361,99,90.01249999999993,7.932958,1.743531,6.696343204976583,4.323269270841307,9.098412,6.015427,True,6,"[0.0185497, 0.0044637, 0.1738781]","[0.1811263, 0.1191818, 1.13101]"
5362,5362,99,90.02949999999998,7.618614,1.69399,6.462044564247599,4.3146567011202075,9.232411,6.129766,True,6,"[0.0178843, 0.0048252, 0.173593]","[0.1848144, 0.122108, 1.137003]"
5363,5363,99,90.04550000000006,8.68249,1.925983,7.27025267217495,4.407023856074468,9.470651,6.226544,False,6,"[0.0209953, 0.0051379, 0.1741461]","[0.1904476, 0.1245594, 1.141662]"
5364,5364,99,90.06250000000011,8.432515,1.820897,7.068368378866908,4.33561508568931,10.07565,6.523345,False,6,"[0.0196924, 0.0048701, 0.1746374]","[0.2035141, 0.1309678, 1.14534]"
5365,5365,99,90.07849999999996,9.422804,1.856211,7.777877271055085,4.244067738226816,10.39367,6.709294,False,6,"[0.0234521, 0.003936, 0.1749918]","[0.2106451, 0.1350984, 1.14843]"
5366,5366,99,90.09550000000002,9.142876,1.776539,7.560806956042295,4.201454634210867,10.70529,6.823927,False,6,"[0.0221887, 0.0039176, 0.1754266]","[0.2178845, 0.13792, 1.152538]"
5367,5367,99,90.11150000000009,10.14249,2.114914,8.34872106903276,4.406566987569917,11.12036,6.803426,False,6,"[0.0245115, 0.0053544, 0.1759016]","[0.2270042, 0.1377808, 1.154877]"
5368,5368,99,90.12950000000012,10.03808,2.313032,8.32173620230035,4.614588942052269,11.43847,6.700418,False,6,"[0.0236253, 0.0052236, 0.1766253]","[0.2345268, 0.1361722, 1.159106]"
5369,5369,99,90.14549999999997,10.73682,2.028181,8.748967920760382,4.2455533859401875,11.78789,6.751904,False,6,"[0.0269768, 0.0059405, 0.1766554]","[0.2423716, 0.1374991, 1.161394]"
5370,5370,99,90.16250000000002,10.36263,2.28529,8.544950538116355,4.5459465411358515,12.28176,6.842793,False,6,"[0.026284, 0.0056366, 0.1772987]","[0.2534139, 0.1396853, 1.164041]"
5371,5371,99,90.17950000000008,10.95687,2.236425,8.954105572736367,4.422161110849771,12.42226,6.933673,True,6,"[0.0294313, 0.0057474, 0.1773419]","[0.2568993, 0.1418314, 1.166284]"
5372,5372,99,90.1975000000001,10.88489,2.278999,8.91322933897409,4.47317974555024,12.59871,6.886213,True,6,"[0.0286812, 0.0055274, 0.1782089]","[0.2614633, 0.141281, 1.169843]"
5373,5373,99,90.21349999999995,11.70447,1.980857,9.422868930722696,4.0756756463470305,12.73314,7.014453,True,6,"[0.0317465, 0.0065535, 0.1774615]","[0.2649133, 0.1442467, 1.172351]"
5374,5374,99,90.2305,10.60026,1.802307,8.598765661788732,4.040974573632395,12.98241,7.064978,True,6,"[0.0316756, 0.007228, 0.1789456]","[0.2709882, 0.1456774, 1.175425]"
5375,5375,99,90.24650000000008,10.56337,1.68585,8.545055227853457,3.931223733651639,13.20338,7.215169,True,6,"[0.0337356, 0.0063005, 0.1779136]","[0.2761548, 0.1490163, 1.177079]"
5376,5376,99,90.26450000000011,11.62081,2.197935,9.415067542653006,4.299686042206508,13.61735,7.233559,True,6,"[0.0328424, 0.0071674, 0.1796036]","[0.2855683, 0.1496232, 1.178836]"
5377,5377,99,90.28049999999996,12.63496,2.2363,10.142193304597743,4.208095131963484,13.88727,7.092247,True,6,"[0.0346379, 0.0069871, 0.1789153]","[0.2916768, 0.1467817, 1.179735]"
5378,5378,99,90.29650000000004,12.2327,2.415121,9.89975342287385,4.435125487397046,14.02565,7.028465,True,6,"[0.0346731, 0.0071758, 0.1803109]","[0.2952761, 0.1457316, 1.182034]"
5379,5379,99,90.31350000000009,12.69036,2.795556,10.313919632620568,4.750669263092914,14.1582,7.276486,True,6,"[0.0371117, 0.0061956, 0.1791351]","[0.2984201, 0.1510489, 1.182973]"
5380,5380,99,90.33350000000007,12.4583,2.940292,10.183908741518024,4.922501710166602,14.44122,7.546486,True,6,"[0.0334742, 0.0056282, 0.1788632]","[0.3048449, 0.1568216, 1.183756]"
5381,5381,99,90.35350000000005,13.04475,2.348564,10.458930092593185,4.266183304344237,14.64841,7.599591,True,6,"[0.033516, 0.0052897, 0.1797268]","[0.3095378, 0.1580016, 1.184231]"
5382,5382,99,90.36350000000004,12.53701,2.707639,10.184515323562362,4.683815278973787,14.96544,7.720984,True,6,"[0.0372914, 0.0069596, 0.1813349]","[0.3166383, 0.1606016, 1.184568]"
5383,5383,99,90.37950000000012,13.5804,2.971625,10.985798947470524,4.810236978921974,14.90268,7.520544,True,6,"[0.0403086, 0.0070219, 0.179815]","[0.3160556, 0.1567838, 1.1876]"
5384,5384,99,90.39749999999992,13.48527,3.34594,11.007130091793577,5.190242342854498,14.97374,7.462848,True,6,"[0.0392546, 0.0076365, 0.1810593]","[0.3181713, 0.1558308, 1.189612]"
5385,5385,99,90.4135,13.91826,3.402025,11.326982637420624,5.190159938999159,15.19655,7.235017,True,6,"[0.0406019, 0.0088044, 0.1803064]","[0.3233306, 0.1511137, 1.190337]"
5386,5386,99,90.43050000000005,13.40784,3.199365,10.917580892220847,5.0560600388472565,15.25812,7.100541,True,6,"[0.040196, 0.0093449, 0.1819392]","[0.3251032, 0.1484579, 1.191799]"
5387,5387,99,90.44650000000013,13.79063,3.148128,11.176463605687182,4.956901598585068,15.42716,7.285259,True,6,"[0.0417609, 0.0073924, 0.180244]","[0.3290069, 0.1524183, 1.192244]"
5388,5388,99,90.46349999999995,13.70898,3.396393,11.177474336618932,5.211306340986445,15.89822,7.551352,True,6,"[0.0404724, 0.0086074, 0.182003]","[0.3392107, 0.1578773, 1.190948]"
5389,5389,99,90.4805,14.43569,3.336355,11.677773298610006,5.059651206996158,16.17946,7.550439,True,6,"[0.0437874, 0.0094098, 0.1812667]","[0.345146, 0.1576782, 1.189591]"
5390,5390,99,90.49650000000008,14.55945,3.135697,11.717856515559966,4.846665967620227,16.59071,7.736689,True,6,"[0.04379, 0.0106759, 0.1826051]","[0.3536484, 0.1612617, 1.186993]"
5391,5391,99,90.51350000000014,15.16543,3.590931,12.254757713506542,5.2168126327953805,16.36582,7.694582,True,6,"[0.0447627, 0.0107379, 0.1806309]","[0.3495624, 0.1608246, 1.190332]"
5392,5392,99,90.53049999999996,15.38279,3.79492,12.456982678902612,5.3895814943152685,16.59612,8.215698,True,6,"[0.0432715, 0.0101468, 0.1815247]","[0.3545546, 0.1717601, 1.189624]"
5393,5393,99,90.54650000000004,15.97927,3.145425,12.725418956987387,4.675210894995072,17.06961,8.637344,True,6,"[0.0441931, 0.0099028, 0.1800493]","[0.3647223, 0.1804283, 1.18779]"
5394,5394,99,90.56350000000009,15.69092,3.137768,12.51944792550896,4.704447921696444,17.5107,8.557652,True,6,"[0.0442378, 0.0107626, 0.1813473]","[0.3745213, 0.1786281, 1.187057]"
5395,5395,99,90.58049999999992,16.05073,1.991112,12.502527419893692,3.531640684283968,17.76432,8.361782,True,6,"[0.0462519, 0.0104744, 0.1796745]","[0.3806102, 0.1746194, 1.188003]"
5396,5396,99,90.59749999999997,16.04203,2.076635,12.51663026761516,3.6168019297000593,17.87228,8.180903,True,6,"[0.0469709, 0.0099074, 0.1808488]","[0.3836206, 0.1710307, 1.18968]"
5397,5397,99,90.61350000000004,16.33318,2.092212,12.726460200506818,3.5949917068434303,17.8517,8.125459,True,6,"[0.0486757, 0.01127, 0.1795846]","[0.3836629, 0.1700838, 1.191276]"
5398,5398,99,90.6305000000001,16.44962,2.275337,12.852288805158672,3.7601219118369347,17.593,7.830021,True,6,"[0.049786, 0.0120032, 0.1809593]","[0.3789952, 0.1643671, 1.195251]"
5399,5399,99,90.64850000000013,16.76404,1.546348,12.902187447373397,3.00358496006986,17.38341,7.521461,True,6,"[0.0513319, 0.0098509, 0.1792603]","[0.3752936, 0.1582792, 1.19878]"
5400,5400,99,90.6635,16.55278,1.488563,12.738920882725555,2.9737277911935767,17.48581,7.527935,True,6,"[0.0507005, 0.0098939, 0.1804827]","[0.3782929, 0.1586877, 1.200828]"
5401,5401,99,90.68050000000005,16.74486,1.200773,12.80673205103777,2.666398904239169,17.66338,7.371799,True,6,"[0.0514551, 0.0062177, 0.1788476]","[0.3827681, 0.1555139, 1.202023]"
5402,5402,99,90.69650000000013,16.62625,1.465557,12.785488225963796,2.9417506375194495,17.60319,7.276067,True,6,"[0.0518284, 0.0065358, 0.1802478]","[0.3821731, 0.1537925, 1.20453]"
5403,5403,99,90.71349999999995,16.64182,1.027307,12.69267934883538,2.5090531778187035,17.38623,7.218722,True,6,"[0.052332, 0.0065238, 0.1785775]","[0.378199, 0.1529882, 1.207852]"
5404,5404,10,90.7305,16.54013,0.894969,12.589326752909884,2.391955964489579,17.15126,7.003122,True,6,"[0.0531817, 0.0071567, 0.18012]","[0.3740748, 0.148893, 1.21209]"
5405,5405,10,90.74650000000008,16.20841,2.045552,12.627065881908155,3.5650414086723625,16.63537,7.02201,True,6,"[0.0536096, 0.0048043, 0.177967]","[0.3637539, 0.1499579, 1.217443]"
5406,5406,10,90.76450000000011,16.01824,1.874592,12.451917337320229,3.421266962852982,16.44866,7.266751,True,6,"[0.0532707, 0.0046576, 0.1792324]","[0.3600661, 0.1555118, 1.219574]"
5407,5407,10,90.78049999999996,15.51971,2.687683,12.291591494371644,4.283931980163231,16.15368,7.442725,True,6,"[0.0533972, 0.00372, 0.1774771]","[0.3540899, 0.1596987, 1.222474]"
5408,5408,10,90.79750000000001,15.33501,2.63325,12.147924053784845,4.253982970484038,15.7757,7.292795,True,6,"[0.0534389, 0.0045785, 0.1789578]","[0.3464978, 0.1569593, 1.226483]"
5409,5409,10,90.81450000000007,14.62375,2.218161,11.545994141488272,3.9367132022574314,15.21569,7.059956,True,6,"[0.052962, 0.0031772, 0.1771849]","[0.335031, 0.1525528, 1.231785]"
5410,5410,10,90.83150000000012,14.13176,2.389681,11.238294040597484,4.1680079911095085,14.55975,6.831386,True,6,"[0.053022, 0.002789, 0.1785399]","[0.321484, 0.1482816, 1.23776]"
5411,5411,10,90.84749999999997,13.06604,2.958708,10.618562616194037,4.863118951415325,13.97278,6.66182,True,6,"[0.051498, 0.0063276, 0.1771603]","[0.3092388, 0.1451564, 1.242804]"
5412,5412,10,90.86350000000004,12.64225,2.886569,10.301420226930961,4.846250545938023,13.3472,6.556875,True,6,"[0.0510929, 0.0058248, 0.1779682]","[0.2961977, 0.1434938, 1.24841]"
5413,5413,10,90.8805000000001,11.45887,2.771317,9.436260126633126,4.8838523375301754,12.93296,6.452081,True,6,"[0.0491774, 0.0083133, 0.1770912]","[0.2877396, 0.1417026, 1.253024]"
5414,5414,10,90.89850000000013,11.13577,2.557526,9.15684702809234,4.714931072537189,12.23782,6.45894,True,6,"[0.0488584, 0.0081942, 0.1781684]","[0.2729317, 0.142456, 1.258337]"
5415,5415,10,90.91449999999998,10.57423,2.292866,8.696562023546154,4.526414922168607,11.30457,6.554087,True,6,"[0.0460862, 0.0068414, 0.1766275]","[0.2528476, 0.1453215, 1.264854]"
5416,5416,10,90.93150000000003,10.22986,2.498491,8.501459841832006,4.772407753083753,10.69932,6.334222,True,6,"[0.0445637, 0.0073866, 0.1770002]","[0.2400849, 0.1410544, 1.270696]"
5417,5417,10,90.9475000000001,9.18907,2.134534,7.678331359198771,4.547403004633366,10.39237,6.154869,True,6,"[0.0408902, 0.0091063, 0.176188]","[0.2339267, 0.1375497, 1.275523]"
5418,5418,10,90.96349999999995,9.062692,2.369197,7.644451212317352,4.794142156127639,9.967294,5.791879,True,6,"[0.039659, 0.0089153, 0.1768115]","[0.2250906, 0.1299183, 1.280827]"
5419,5419,10,90.9805,8.330924,2.567129,7.173241737051937,5.081964465169296,9.599794,5.657206,True,6,"[0.0356053, 0.0085026, 0.1756508]","[0.2174732, 0.1273707, 1.285807]"
5420,5420,10,90.99850000000004,8.055219,2.424219,6.944178669718743,4.9766626113195915,9.300461,5.762306,True,6,"[0.0348057, 0.0078981, 0.1768216]","[0.2113011, 0.1302037, 1.290274]"
5421,5421,10,91.01450000000011,7.081771,2.215229,6.2054451854831525,4.895373970152513,8.940159,5.96929,True,6,"[0.0327411, 0.0070224, 0.1753868]","[0.2036758, 0.1353778, 1.294709]"
5422,5422,10,91.03149999999994,7.016977,2.38145,6.1989519253928185,5.066996805653427,8.658536,5.892735,True,6,"[0.0317959, 0.0076879, 0.1761872]","[0.1979378, 0.1341568, 1.29982]"
5423,5423,10,91.04750000000001,7.185094,2.295819,6.297693540282638,4.961405018138138,8.422376,5.780889,True,6,"[0.028242, 0.006507, 0.1745823]","[0.1931621, 0.1320733, 1.304566]"
5424,5424,10,91.06450000000007,7.240753,2.484972,6.381916312262986,5.140208639871372,8.194585,5.547304,True,6,"[0.0280679, 0.0072805, 0.1759675]","[0.1887376, 0.1272911, 1.310626]"
5425,5425,10,91.08049999999992,6.762294,2.04776,5.939572109720537,4.771516095685139,7.873466,5.495814,True,6,"[0.0254793, 0.0078011, 0.173997]","[0.1820386, 0.1266539, 1.316359]"
5426,5426,10,91.09749999999997,6.852346,2.475671,6.104713652283622,5.1805864139410485,7.763093,5.684351,True,6,"[0.0247825, 0.0074135, 0.1751122]","[0.1802497, 0.1316072, 1.322188]"
5427,5427,10,91.11450000000002,6.18965,1.89409,5.497721666648473,4.6934966671421465,7.875256,5.90317,True,6,"[0.0214665, 0.006684, 0.1727913]","[0.1836196, 0.1372566, 1.327486]"
5428,5428,10,91.13150000000007,6.076883,2.707084,5.61049985675474,5.506884638338152,7.950865,5.970168,True,6,"[0.0214569, 0.0072499, 0.1743254]","[0.186264, 0.1394687, 1.333635]"
5429,5429,10,91.14749999999992,5.954067,2.269748,5.419927798486983,5.09272857286799,7.643321,5.865232,True,6,"[0.021706, 0.0069029, 0.1721813]","[0.1799357, 0.1377381, 1.340821]"
5430,5430,10,91.16549999999995,5.444382,2.249753,5.054324489257915,5.138058256659616,7.293199,5.801454,True,6,"[0.0220813, 0.0075425, 0.1737974]","[0.1726515, 0.1370636, 1.349026]"
5431,5431,10,91.18050000000005,5.870879,3.245591,5.592231565063884,6.0623935686592505,7.330052,5.829926,False,6,"[0.020315, 0.0061258, 0.1713256]","[0.1745786, 0.1385706, 1.357151]"
5432,5432,10,91.1975000000001,5.891137,2.987108,5.545333306861208,5.805773560400851,7.192671,5.74614,False,6,"[0.0208076, 0.0074863, 0.1731524]","[0.1722276, 0.1373278, 1.364725]"
5433,5433,10,91.21449999999993,6.458302,2.665476,5.87069323610795,5.417364377651021,7.03334,5.998823,True,6,"[0.0185263, 0.0056492, 0.1708252]","[0.1693322, 0.1442267, 1.372497]"
5434,5434,10,91.23149999999998,6.380596,3.147802,5.929951467758856,5.901301607001056,7.317235,5.995692,True,6,"[0.0184387, 0.0081892, 0.1731969]","[0.1770914, 0.1448468, 1.379123]"
5435,5435,10,91.24750000000006,6.826531,2.996596,6.209856725306136,5.695843077865156,7.173705,6.082152,True,6,"[0.0178621, 0.0067882, 0.1712675]","[0.1744734, 0.1477069, 1.386215]"
5436,5436,10,91.26450000000011,6.058317,3.098678,5.690133504972917,5.894110514564808,7.517861,6.438911,True,6,"[0.0164636, 0.0067862, 0.1727388]","[0.183742, 0.1571295, 1.392305]"
5437,5437,10,91.28049999999996,6.684427,2.745283,6.049702062176756,5.4669696143554685,7.908678,6.225988,True,6,"[0.0177028, 0.0097628, 0.1721621]","[0.1942411, 0.1525419, 1.398265]"
5438,5438,10,91.29750000000001,6.30841,2.715974,5.776531330448193,5.486103885479587,7.751169,6.037166,True,6,"[0.0178868, 0.0090457, 0.1733491]","[0.1913446, 0.1486733, 1.405759]"
5439,5439,10,91.31450000000007,6.781693,2.211758,5.992162294150023,4.930220227325627,7.883355,6.026692,False,6,"[0.0195817, 0.0080533, 0.172986]","[0.1954484, 0.149023, 1.411533]"
5440,5440,10,91.33049999999992,6.934181,2.100001,6.073648378832494,4.800944361816667,7.898393,5.55455,False,6,"[0.0194823, 0.0095813, 0.1742212]","[0.1967588, 0.1379255, 1.418257]"
5441,5441,10,91.34749999999997,8.170166,1.287035,6.756134997664744,3.8443825472287,7.932267,5.241385,True,6,"[0.020774, 0.0090841, 0.1735325]","[0.1985921, 0.1307487, 1.42528]"
5442,5442,10,91.3655,8.233253,1.767707,6.914685283893344,4.30874423647056,8.293241,5.024447,True,6,"[0.0185615, 0.0094676, 0.1748882]","[0.2084753, 0.1257436, 1.430227]"
5443,5443,10,91.3805000000001,9.134701,2.009392,7.610187784482238,4.431344974024133,8.867306,4.976722,True,6,"[0.0204302, 0.008359, 0.174323]","[0.2236822, 0.1248505, 1.433757]"
5444,5444,10,91.39749999999992,8.975431,2.324948,7.572185155954972,4.761779291270882,9.351837,4.892075,True,6,"[0.0193966, 0.0083233, 0.1754559]","[0.2366383, 0.1229865, 1.436911]"
5445,5445,10,91.4135,9.456915,2.446129,7.941795228701736,4.819490682726707,9.908293,5.164613,True,6,"[0.0207341, 0.0067339, 0.1743553]","[0.2514004, 0.1300839, 1.43923]"
5446,5446,10,91.43150000000003,9.596017,2.608357,8.078717891966079,4.961194076644161,9.957583,5.409344,True,6,"[0.0213635, 0.0064412, 0.1756596]","[0.2533484, 0.1366464, 1.443056]"
5447,5447,10,91.4475000000001,10.22317,2.804193,8.569151880799193,5.073704815693933,10.08856,5.768388,True,6,"[0.0250153, 0.0039145, 0.1742367]","[0.2573255, 0.1461026, 1.44629]"
5448,5448,10,91.46550000000013,10.20117,2.987686,8.5970497098962,5.256846690304159,10.13055,5.528554,True,6,"[0.0254137, 0.0054205, 0.1756365]","[0.2592175, 0.1404219, 1.450758]"
5449,5449,10,91.4805,10.46276,2.597147,8.689731301068615,4.839674041641074,10.26915,5.454324,True,6,"[0.0281383, 0.0061397, 0.1749944]","[0.2634541, 0.1388483, 1.454144]"
5450,5450,10,91.49750000000006,10.41835,2.745589,8.693457969874814,4.991224865543628,10.57049,5.201145,True,6,"[0.0278577, 0.0071609, 0.1763758]","[0.2719088, 0.1326341, 1.457081]"
5451,5451,10,91.51450000000011,10.80836,2.135923,8.825146358507261,4.342321518364217,10.78056,5.021682,True,6,"[0.0292336, 0.0074973, 0.1755036]","[0.2779827, 0.1282839, 1.459928]"
5452,5452,10,91.53049999999996,10.70823,1.948996,8.709964730097617,4.1713753098109185,10.78334,4.801208,True,6,"[0.0298534, 0.0080442, 0.1765784]","[0.2787004, 0.1229086, 1.46331]"
5453,5453,10,91.54750000000001,10.99619,0.9273852,8.671799584321548,3.1306228865533487,10.78556,4.70863,True,6,"[0.0317292, 0.0086176, 0.1759349]","[0.2793583, 0.1207869, 1.466455]"
5454,5454,10,91.56450000000007,11.1379,0.9378814,8.774619586394898,3.1228716613521255,10.85439,4.470092,True,6,"[0.0319232, 0.009259, 0.177401]","[0.2817986, 0.1148928, 1.469659]"
5455,5455,10,91.58049999999992,9.497046,-0.8794186,7.182300810103935,1.5460237768994234,10.99183,4.133294,True,6,"[0.032595, 0.0080063, 0.176507]","[0.2859648, 0.1063945, 1.472282]"
5456,5456,10,91.59749999999997,9.557636,-0.9491691,7.208673909995309,1.4697481932793766,11.12748,3.758406,True,6,"[0.0327318, 0.0085372, 0.1780206]","[0.2899836, 0.096849, 1.474315]"
5457,5457,10,91.61450000000002,10.2388,-1.132786,7.647446475691925,1.2024463821314626,11.19396,3.439722,True,6,"[0.0338495, 0.0066128, 0.1773046]","[0.2920278, 0.0886974, 1.475665]"
5458,5458,10,91.63150000000007,10.18853,-1.122657,7.614254249118062,1.2188101956545232,11.33893,3.301467,True,6,"[0.0337963, 0.0060818, 0.1787214]","[0.296121, 0.085185, 1.476719]"
5459,5459,10,91.64749999999992,9.978853,-1.324492,7.417979321445246,1.0471787654555822,11.39373,3.2053,True,6,"[0.0345358, 0.002877, 0.1777345]","[0.2978023, 0.0827573, 1.47777]"
5460,5460,10,91.66449999999998,9.789332,-1.52029,7.237405518418949,0.8789107734116435,11.33521,3.227319,True,6,"[0.0352662, 0.0029324, 0.179126]","[0.2964192, 0.0833796, 1.478703]"
5461,5461,10,91.68050000000005,9.810085,-1.569486,7.240443209392969,0.8279150675301472,11.2543,3.20695,False,6,"[0.0297941, -0.0027338, 0.1780987]","[0.2943584, 0.0828834, 1.479259]"
5462,5462,10,91.6975000000001,9.588966,-1.722058,7.047738817162411,0.7061581124122074,11.02322,3.134995,False,6,"[0.0301313, -0.0029648, 0.1789512]","[0.2884432, 0.0810993, 1.480708]"
5463,5463,10,91.71449999999993,9.478442,-1.865041,6.935609518608438,0.5797252503302461,10.94752,2.96106,False,6,"[0.0322306, -0.0035283, 0.1784367]","[0.2865723, 0.0766341, 1.481531]"
5464,5464,10,91.73149999999998,9.185631,-2.084152,6.676381121820884,0.4017138789866972,10.7347,2.630782,False,6,"[0.0322627, -0.0035179, 0.1795149]","[0.2810028, 0.0681063, 1.482244]"
5465,5465,10,91.74750000000006,9.496746,-2.191435,6.871237928975095,0.2566113829212773,10.77886,2.587876,False,6,"[0.0315398, -0.0041446, 0.1792578]","[0.2819093, 0.0669282, 1.480788]"
5466,5466,10,91.76450000000011,9.403206,-1.834835,6.8894976816248175,0.6190037200278735,10.91923,2.52081,False,6,"[0.0311147, -0.0047862, 0.1803353]","[0.2853526, 0.065119, 1.479141]"
5467,5467,10,91.78149999999994,9.837625,-1.50957,7.274137659148881,0.8832894235429842,10.96891,2.753422,False,6,"[0.0311209, -0.0049314, 0.1799816]","[0.2862189, 0.0710216, 1.476746]"
5468,5468,10,91.79750000000001,9.560195,-1.346557,7.11633429903442,1.078868833246731,11.05901,2.944496,False,6,"[0.030578, -0.0054417, 0.1810001]","[0.2881848, 0.0758416, 1.474472]"
5469,5469,10,91.81450000000007,10.18635,-0.8753514,7.671303836566247,1.4621402461020505,11.16505,3.248921,False,6,"[0.0301556, -0.0058815, 0.1806205]","[0.2904237, 0.0835276, 1.471457]"
5470,5470,10,91.83150000000012,10.01055,-0.1779148,7.712075025577513,2.1699945294098644,11.25043,3.358704,False,6,"[0.0294056, -0.0066176, 0.1818448]","[0.2920979, 0.086178, 1.468417]"
5471,5471,10,91.84849999999994,9.395053,0.6940301,7.482878486191966,3.105413563310744,11.40519,3.401032,False,6,"[0.0303276, -0.0069375, 0.1812938]","[0.295385, 0.0870197, 1.464262]"
5472,5472,10,91.86450000000002,10.38819,0.2820431,8.088426685631614,2.573895380794779,11.55357,3.241935,False,6,"[0.0302378, -0.0058492, 0.1825884]","[0.2985123, 0.0827125, 1.460245]"
5473,5473,10,91.88150000000007,11.9488,0.6341009,9.276777679025209,2.720932671345497,11.52784,3.298795,False,6,"[0.0315815, -0.0047995, 0.1821245]","[0.2970334, 0.0839415, 1.456344]"
5474,5474,10,91.89850000000013,11.53065,-0.3995942,8.73581110459935,1.7583271986995412,11.65376,3.469649,False,6,"[0.0308537, -0.0043061, 0.1831918]","[0.2994013, 0.0880151, 1.451653]"
5475,5475,10,91.91449999999998,11.623,-0.4204548,8.796254121688406,1.7260514958123967,11.74492,3.507064,False,6,"[0.0328386, -0.0027924, 0.182759]","[0.3007637, 0.0886581, 1.44662]"
5476,5476,10,91.9325,11.54346,-0.2605997,8.777812187587266,1.893297918033625,11.87117,3.321466,False,6,"[0.0325251, -0.0005722, 0.1842605]","[0.303053, 0.0836689, 1.441684]"
5477,5477,10,91.95349999999996,12.02712,-1.5045,8.82553998943635,0.6091290241252496,11.7136,2.811255,False,6,"[0.0308928, 0.0022617, 0.1867083]","[0.2979935, 0.0705756, 1.437237]"
5478,5478,10,91.96449999999993,11.8143,-1.40427,8.698606740384836,0.7347679960860409,11.63983,2.528014,False,6,"[0.0337216, 0.0009055, 0.1839478]","[0.2951574, 0.063261, 1.432837]"
5479,5479,10,91.98149999999998,12.27095,-0.8310121,9.15774256341766,1.239947020618347,11.66595,2.400161,False,6,"[0.0387721, 0.0020277, 0.1832131]","[0.2947491, 0.0598366, 1.427562]"
5480,5480,10,91.99850000000004,12.63821,-1.01651,9.373819897625761,1.0108168248018434,11.82329,2.645551,False,6,"[0.0373429, -0.0012766, 0.183045]","[0.2978466, 0.0657435, 1.422823]"
5481,5481,10,92.01450000000011,12.74832,-0.4887461,9.576820582021444,1.5154654080006362,12.35702,2.953333,False,6,"[0.0374593, -0.0013365, 0.1821164]","[0.3101546, 0.0730389, 1.415727]"
5482,5482,10,92.03149999999994,12.64966,0.1213194,9.65150778916884,2.1276165762289527,12.86314,3.23763,False,6,"[0.0372753, -0.0008301, 0.1825051]","[0.321726, 0.0796977, 1.408894]"
5483,5483,10,92.04849999999999,12.9186,0.242459,9.870623148610818,2.2123849493286225,13.00142,3.860741,False,6,"[0.0386585, -0.0047657, 0.1814514]","[0.3239045, 0.0946695, 1.402826]"
5484,5484,10,92.06450000000007,12.99655,0.2936971,9.937952750375107,2.252803785033437,13.19825,4.180137,False,6,"[0.0380534, -0.0044597, 0.1819244]","[0.3278233, 0.1021662, 1.397873]"
5485,5485,10,92.08150000000012,12.73176,0.2683215,9.74446462218279,2.261623246558366,13.16426,4.208871,False,6,"[0.0395379, -0.0026367, 0.18178]","[0.3259564, 0.1025589, 1.393632]"
5486,5486,10,92.09849999999994,12.71597,0.88697,9.879858786197701,2.871644527311687,12.92443,4.197469,False,6,"[0.0407188, -0.0032221, 0.1815965]","[0.3192105, 0.1020884, 1.391021]"
5487,5487,10,92.11450000000002,12.74199,1.037683,9.933989196872467,3.016448026757608,12.8225,4.400393,False,6,"[0.0409252, -0.0015431, 0.1808879]","[0.3161711, 0.1068956, 1.389107]"
5488,5488,10,92.13150000000007,12.90526,1.493916,10.1576805873651,3.4440185138705877,13.17894,4.133627,False,6,"[0.0406612, 0.0003836, 0.18117]","[0.3243211, 0.100098, 1.38504]"
5489,5489,10,92.14850000000013,12.98534,0.7701786,10.042906611474912,2.7225193245255217,13.02021,3.971512,False,6,"[0.04148, 0.0007653, 0.1808416]","[0.3199129, 0.0960503, 1.383468]"
5490,5490,10,92.16449999999998,13.16555,0.7701807,10.170498970723386,2.6995460466549255,12.96974,4.143167,False,6,"[0.0416116, 0.0009242, 0.1802891]","[0.3181302, 0.100059, 1.381301]"
5491,5491,10,92.18150000000003,12.95502,0.5353259,9.965796862953258,2.4955714844856396,13.08609,4.275595,False,6,"[0.0407388, 0.0008444, 0.1803063]","[0.32042, 0.1030549, 1.378439]"
5492,5492,10,92.19850000000008,12.88587,0.344559,9.87163985030644,2.3169017158994514,13.13037,4.117976,False,6,"[0.0407027, 0.0027926, 0.1803776]","[0.3211018, 0.0991062, 1.376547]"
5493,5493,10,92.21449999999993,12.77017,-0.1700754,9.66779206391347,1.8258694950855112,13.05298,3.951565,True,6,"[0.040707, 0.0032606, 0.1800158]","[0.3188983, 0.0950157, 1.375497]"
5494,5494,10,92.23149999999998,12.73097,-0.159638,9.642510660689176,1.8411250673877202,13.10125,3.763088,True,6,"[0.0412307, 0.004693, 0.1799468]","[0.3197861, 0.0903761, 1.374064]"
5495,5495,10,92.24850000000004,12.52802,-0.2534613,9.476589321330955,1.7747899729912984,12.92616,3.480457,False,6,"[0.0413982, 0.0024133, 0.1795249]","[0.3153845, 0.0835766, 1.374158]"
5496,5496,10,92.26450000000011,12.47677,-0.4243695,9.39981086220438,1.6133552411082808,12.55174,3.369822,False,6,"[0.0419715, 0.0024121, 0.1794318]","[0.3061344, 0.0809636, 1.375006]"
5497,5497,10,92.28149999999994,11.72305,-0.9293935,8.746510602499033,1.2131106038732828,12.36076,3.280534,False,6,"[0.0412229, 0.0016743, 0.1791977]","[0.3013397, 0.0788168, 1.375062]"
5498,5498,10,92.29949999999997,11.5445,-1.104242,8.578667937271055,1.0640330799326576,12.10882,3.195349,False,6,"[0.04108, 0.0010799, 0.1795684]","[0.2950468, 0.0767757, 1.375237]"
5499,5499,10,92.31550000000004,10.85894,-1.435819,8.01472022235361,0.8255624184967933,11.84294,3.040434,False,6,"[0.040595, -0.0005317, 0.1791109]","[0.2885243, 0.0730835, 1.375936]"
5500,5500,10,92.3325000000001,10.78287,-1.194747,8.017977484849244,1.0721864698131394,11.51951,2.749583,False,6,"[0.0405386, -0.0004999, 0.1794316]","[0.2805332, 0.0661063, 1.376465]"
5501,5501,10,92.34849999999994,10.00266,-1.49173,7.395212108395476,0.8797819381604839,11.11431,2.523028,False,6,"[0.0398362, -0.0007931, 0.1792743]","[0.270565, 0.0606871, 1.377261]"
5502,5502,10,92.3655,9.100622,-1.431335,6.770862409388793,1.0541408575817477,10.62022,2.422982,False,6,"[0.0396889, -0.0013285, 0.179369]","[0.2584529, 0.0583234, 1.37834]"
5503,5503,10,92.38250000000005,9.178487,-1.669799,6.769493940953273,0.8098511022774701,10.29179,2.428522,False,6,"[0.0371451, -0.0029039, 0.179004]","[0.2503927, 0.0584826, 1.378946]"
5504,5504,10,92.3995000000001,8.858409,-1.868287,6.495846146592668,0.6555843554925422,9.98183,2.62914,False,6,"[0.0366242, -0.003456, 0.1793008]","[0.2426986, 0.0633214, 1.378969]"
5505,5505,10,92.41649999999993,8.464571,-1.829548,6.226180155984923,0.7438682846889586,9.56138,2.553334,False,6,"[0.0343534, -0.0044888, 0.1790855]","[0.2323532, 0.0615128, 1.379408]"
5506,5506,10,92.43349999999998,7.981107,-1.952463,5.854757379021435,0.6847051510650255,9.211719,2.425725,False,6,"[0.0341799, -0.0037429, 0.1794689]","[0.2237039, 0.0584345, 1.379402]"
5507,5507,10,92.44950000000006,7.650181,-1.514422,5.72423912288746,1.1574025873262261,8.843273,2.294529,False,6,"[0.0315692, -0.0046611, 0.1789891]","[0.2146662, 0.0552852, 1.379766]"
5508,5508,10,92.46750000000009,7.273578,-0.9839441,5.583281426602008,1.7267705282051338,8.535764,2.432084,False,6,"[0.028704, -0.0044774, 0.1791929]","[0.2070963, 0.0586057, 1.379822]"
5509,5509,10,92.48249999999996,7.468968,0.05708592,5.968267819537489,2.7249848937339443,8.284726,2.589295,False,6,"[0.0288747, -0.0052095, 0.1787027]","[0.2008674, 0.0623831, 1.37947]"
5510,5510,10,92.50049999999999,7.319549,-1.121979,5.583125683378504,1.5852487944242388,7.920549,3.020889,False,6,"[0.0278418, -0.0058272, 0.178642]","[0.1919336, 0.0728038, 1.379557]"
5511,5511,10,92.51650000000006,8.57269,1.307287,7.045927316827745,3.8129676184440964,7.707758,3.261065,False,6,"[0.0264982, -0.0056876, 0.1780563]","[0.1866686, 0.0785852, 1.379224]"
5512,5512,10,92.53350000000012,8.305509,0.4657036,6.6573656693621235,3.0199223129947472,7.639151,3.689229,False,6,"[0.0249425, -0.0060647, 0.1779006]","[0.1849405, 0.0889077, 1.378877]"
5513,5513,10,92.54949999999997,5.95214,-9.286034,2.680701076231513,-6.2640564349396834,7.74916,4.010559,False,6,"[0.0238502, -0.0046944, 0.1775622]","[0.187577, 0.0966453, 1.378441]"
5514,5514,10,92.56650000000002,7.782185,0.9056311,6.391073192774428,3.5190030176024165,7.648202,4.300147,False,6,"[0.0226846, -0.0030525, 0.177731]","[0.1850595, 0.1036243, 1.378111]"
5515,5515,10,92.58350000000007,8.070655,0.5890411,6.5203067211666985,3.1710805119824177,7.290541,4.252392,False,6,"[0.023245, 0.0001767, 0.1773054]","[0.1765025, 0.1025817, 1.379624]"
5516,5516,10,92.59949999999992,7.904147,0.7160226,6.432501305106991,3.317106465305571,6.741742,4.355597,False,6,"[0.0226596, -0.0034549, 0.1764081]","[0.1632591, 0.1051913, 1.381075]"
5517,5517,10,92.61649999999997,7.548501,0.8224453,6.205911936507221,3.4670408062609495,6.915004,4.591501,False,6,"[0.0266921, 0.0040407, 0.1770644]","[0.1675378, 0.1109405, 1.381425]"
5518,5518,10,92.63350000000003,7.024224,0.6924747,5.803921181612975,3.406146756895458,6.650057,4.32401,False,6,"[0.0257795, 0.0014354, 0.1765933]","[0.1612591, 0.1045815, 1.383137]"
5519,5519,10,92.6495000000001,6.28216,0.904668,5.328800825832557,3.7092977397309603,6.766762,4.766486,True,6,"[0.0181427, -0.0284524, 0.1740143]","[0.1641199, 0.1153337, 1.383175]"
5520,5520,10,92.66649999999993,6.442641,0.390411,5.320583479343404,3.183425546928129,6.551742,4.535003,True,6,"[0.02422, 0.0028014, 0.1772201]","[0.1589376, 0.1097632, 1.383865]"
5521,5521,10,92.6825,6.583999,0.454659,5.435889444986906,3.2285465058091614,6.248991,4.528882,True,6,"[0.0251395, 0.0018227, 0.1772903]","[0.1515911, 0.1096563, 1.384393]"
5522,5522,10,92.69950000000006,6.318845,-0.12351,5.11117260484465,2.6941266317472436,6.145775,4.450706,True,6,"[0.0246557, 0.0022194, 0.1775898]","[0.1490726, 0.1077593, 1.384439]"
5523,5523,10,92.71650000000011,7.099868,-0.1699381,5.653150665590683,2.5489228415211365,5.930233,4.087211,False,6,"[0.0235612, 0.0025524, 0.1778017]","[0.1438671, 0.0989691, 1.385025]"
5524,5524,10,92.73349999999994,7.113524,-0.1118607,5.676579386524407,2.604260319737217,6.128203,3.661904,False,6,"[0.0219656, 0.0021547, 0.1782721]","[0.1486277, 0.0885941, 1.384295]"
5525,5525,10,92.75049999999999,7.301527,-0.7486518,5.658816617824179,1.954452691077438,6.55275,3.335002,False,6,"[0.0197583, 0.0028341, 0.1794807]","[0.1588325, 0.0805756, 1.382735]"
5526,5526,10,92.76650000000006,7.152573,-0.3911919,5.638046012566474,2.3247549827902487,6.645627,3.035111,False,6,"[0.0203212, 0.0012262, 0.1799586]","[0.1608385, 0.073195, 1.380458]"
5527,5527,10,92.78350000000012,6.889569,-0.1920441,5.499017779914023,2.5540084991062466,6.122686,2.684655,False,6,"[0.0207853, 0.001429, 0.1800824]","[0.1480339, 0.0647095, 1.380016]"
5528,5528,10,92.80049999999994,6.872341,-0.4940841,5.415258996775638,2.2593598074492798,5.998833,2.707319,False,6,"[0.0199282, -0.0003879, 0.1799642]","[0.1448363, 0.0651752, 1.378295]"
5529,5529,10,92.8175,6.719078,0.07626236,5.441875852347241,2.839436523433899,5.838074,2.881294,False,6,"[0.0224229, -0.000534, 0.180025]","[0.1407476, 0.0692817, 1.376535]"
5530,5530,10,92.83450000000005,5.054796,0.1474454,4.280399908032544,3.1215779838756497,5.492539,3.06945,False,6,"[0.0223945, -0.0003503, 0.1794488]","[0.1321713, 0.0737068, 1.374528]"
5531,5531,10,92.85050000000012,5.030019,0.5361851,4.3549598014103585,3.5067905051554655,5.398236,3.557488,False,6,"[0.0230218, -0.0023478, 0.1796749]","[0.1296291, 0.0852835, 1.371783]"
5532,5532,10,92.86749999999995,4.964267,0.8632416,4.385894332636296,3.8366047206669456,5.304861,3.975931,False,6,"[0.0225632, -0.0012276, 0.179803]","[0.127062, 0.0951119, 1.368424]"
5533,5533,10,92.8845,4.882875,1.089151,4.381791114719982,4.069005470701693,5.114276,4.180161,False,6,"[0.0217888, -0.0006044, 0.1803283]","[0.1221787, 0.0997747, 1.365144]"
5534,5534,10,92.90050000000008,4.700384,0.9524208,4.2201893589093356,3.9578930849931186,5.136529,4.614755,False,6,"[0.0217159, -0.0015538, 0.1801801]","[0.1223161, 0.1098341, 1.360726]"
5535,5535,10,92.91750000000013,4.66404,1.682533,4.367439549283574,4.680081440107686,5.0124,4.822415,False,6,"[0.0213074, 0.0002407, 0.1808614]","[0.1190434, 0.1145095, 1.357289]"
5536,5536,10,92.93449999999996,4.487435,1.346069,4.162683104076626,4.371920116957185,4.850466,5.13783,False,6,"[0.0159784, 0.0004649, 0.1806443]","[0.1148015, 0.1216384, 1.352843]"
5537,5537,10,92.95050000000003,4.534601,1.589526,4.253758698295176,4.605176538074348,4.755952,5.400549,False,6,"[0.0159722, 0.0016983, 0.1814674]","[0.1122252, 0.1275207, 1.34889]"
5538,5538,10,92.96750000000009,4.189435,1.300225,3.940832218425106,4.364857231426067,4.668643,5.513427,False,6,"[0.0157456, 0.0027314, 0.1812755]","[0.1097642, 0.1297396, 1.344095]"
5539,5539,10,92.98349999999994,4.532159,1.635704,4.262970476683826,4.650871644562367,4.647532,5.611234,False,6,"[0.0155754, 0.0034662, 0.1823198]","[0.1088915, 0.1316036, 1.339493]"
5540,5540,10,93.00049999999999,4.166068,1.325876,3.9303653524036046,4.393046158941967,4.719114,5.545918,False,6,"[0.0149486, 0.0030225, 0.1818089]","[0.1101556, 0.1295673, 1.334398]"
5541,5541,10,93.01750000000004,4.830351,1.953318,4.5493466140973045,4.925005798949197,4.778263,5.598283,False,6,"[0.0149279, 0.0053748, 0.1829779]","[0.1111054, 0.1302857, 1.329167]"
5542,5542,10,93.03350000000012,4.344455,1.485999,4.094603760551958,4.5276722323193255,4.908494,5.731072,False,6,"[0.0142767, 0.0042745, 0.181913]","[0.1136555, 0.1328207, 1.323429]"
5543,5543,10,93.05049999999994,4.905056,2.083041,4.632973792739419,5.042973361319972,4.906414,5.841594,False,6,"[0.0145364, 0.0050861, 0.1832871]","[0.113149, 0.1348538, 1.318093]"
5544,5544,10,93.06849999999997,4.65987,2.021418,4.444777700063035,5.013669498521105,4.960662,5.935887,False,6,"[0.0133341, 0.0041317, 0.1820355]","[0.1139088, 0.1364501, 1.312361]"
5545,5545,10,93.08350000000007,5.273095,2.325572,4.951013742894303,5.2344109534554875,4.987119,5.993522,False,6,"[0.014557, 0.0052442, 0.1836461]","[0.11401, 0.1371717, 1.306523]"
5546,5546,10,93.10050000000012,4.875778,1.765706,4.537059617432698,4.734829012059,4.991932,5.991362,False,6,"[0.0132937, 0.0042241, 0.182506]","[0.1135916, 0.1364863, 1.300466]"
5547,5547,10,93.11749999999995,5.539388,2.242192,5.119799019008132,5.118514791139242,5.099154,6.009243,False,6,"[0.0155611, 0.0062802, 0.1841418]","[0.1155054, 0.136261, 1.294428]"
5548,5548,10,93.1345,5.272097,1.858791,4.839714700539783,4.775785495099864,5.198938,5.851347,False,6,"[0.013882, 0.0047402, 0.1827284]","[0.1172116, 0.1320174, 1.288204]"
5549,5549,10,93.15050000000008,5.802186,1.70245,5.177985862120447,4.554551318643286,5.262543,5.788318,False,6,"[0.0158237, 0.0067064, 0.1843844]","[0.1180717, 0.1299451, 1.281885]"
5550,5550,10,93.16750000000013,6.150629,3.706106,5.899407368155409,6.479322134776668,5.330156,5.516224,False,6,"[0.0149303, 0.006465, 0.1831711]","[0.1190017, 0.1231813, 1.275501]"
5551,5551,10,93.18349999999998,5.942455,3.443197,5.689726587472435,6.2474755138347176,5.26393,5.209532,False,6,"[0.0170623, 0.0075078, 0.1848694]","[0.1169453, 0.11573, 1.269319]"
5552,5552,10,93.20050000000003,5.574747,3.510791,5.445397590857586,6.3607867901627015,5.332445,5.009721,False,6,"[0.0156764, 0.0056651, 0.1837705]","[0.11783, 0.1106612, 1.262396]"
5553,5553,10,93.21750000000009,6.056314,4.277796,5.968078767714186,7.05320388164496,5.425892,4.672156,False,6,"[0.0179517, 0.0072474, 0.1851019]","[0.1192607, 0.102614, 1.25559]"
5554,5554,10,93.23349999999994,5.534006,3.912088,5.511629838162692,6.760375917757937,5.386146,4.406821,False,6,"[0.017004, 0.0059803, 0.1842731]","[0.1176857, 0.0961937, 1.248206]"
5555,5555,10,93.25049999999999,5.724494,4.638734,5.818659857326624,7.450238413114735,5.517829,4.082025,False,6,"[0.0188047, 0.0055003, 0.1850585]","[0.1198184, 0.0885159, 1.240316]"
5556,5556,10,93.26850000000002,5.252887,4.302278,5.405038683106876,7.179695361157089,5.869559,3.701919,False,6,"[0.0201191, 0.0120932, 0.1866972]","[0.1266809, 0.0797287, 1.232269]"
5557,5557,10,93.2845000000001,5.267831,3.959536,5.334414891912052,6.840943041116186,6.105447,3.390121,False,6,"[0.0193519, 0.0111862, 0.1859172]","[0.1308238, 0.0724509, 1.223049]"
5558,5558,10,93.30149999999992,7.25765,3.395431,6.609590872344883,6.032854152928663,6.325446,3.116207,True,6,"[0.018094, 0.0113733, 0.1853783]","[0.1347033, 0.0661565, 1.215179]"
5559,5559,10,93.3175,7.580214,3.930624,6.964772884854821,6.517717865528834,6.434144,2.417291,True,6,"[0.0197571, 0.013929, 0.1862152]","[0.1361321, 0.0509595, 1.20715]"
5560,5560,10,93.33450000000005,7.062199,-1.991374,5.194935273163288,0.7636168546032609,6.576952,2.062551,True,6,"[0.0179392, 0.0126617, 0.1851534]","[0.1382404, 0.0431807, 1.199001]"
5561,5561,10,93.3515000000001,7.46838,-1.48118,5.60339669103296,1.2132510299274322,6.997463,1.18348,True,6,"[0.0185862, 0.0150437, 0.1854078]","[0.146157, 0.0246, 1.190789]"
5562,5562,10,93.36849999999993,8.671762,-2.416326,6.233852221524712,0.14076724852507105,7.28727,0.3988762,True,6,"[0.0169891, 0.0139018, 0.1847891]","[0.1513095, 0.0082375, 1.183242]"
5563,5563,10,93.3845,8.226632,-2.319701,5.941585273569388,0.2924809013377554,7.871781,-0.07935159,True,6,"[0.0170873, 0.0128278, 0.1853272]","[0.1624354, -0.0016271, 1.174859]"
5564,5564,10,93.40150000000006,7.655662,-3.146463,5.341447221927374,-0.44726724035481613,8.442444,-0.7165164,True,6,"[0.02345, 0.0109249, 0.1841355]","[0.1731716, -0.0145914, 1.166734]"
5565,5565,10,93.41750000000013,8.779528,-4.313857,5.860578487829087,-1.7378668620694304,8.742182,-1.640227,True,6,"[0.0247083, 0.0127574, 0.1856695]","[0.1779929, -0.0331449, 1.157489]"
5566,5566,10,93.43449999999996,8.337433,-5.040637,5.375374522357222,-2.3957831613038065,9.044918,-2.582591,False,6,"[0.0227044, -0.0063722, 0.1832671]","[0.1828557, -0.0518113, 1.148676]"
5567,5567,10,93.45150000000001,8.419499,-5.316257,5.368177222748618,-2.677125453654832,9.304937,-3.498905,False,6,"[0.0242183, -0.004777, 0.1847438]","[0.186717, -0.0696789, 1.139597]"
5568,5568,10,93.46850000000006,8.807495,-5.851982,5.515958191055787,-3.2531027649968296,9.841347,-4.198911,False,6,"[0.0281013, -0.007775, 0.1842501]","[0.1960196, -0.0829582, 1.12997]"
5569,5569,10,93.48450000000014,10.42717,-6.145019,6.593288674889642,-3.7475954157827314,10.31117,-4.926456,False,6,"[0.0267685, -0.0075002, 0.185151]","[0.2037957, -0.0965538, 1.120174]"
5570,5570,10,93.50149999999996,12.03935,-6.231567,7.714235128570618,-4.038194979107697,10.85161,-5.450717,False,6,"[0.024698, -0.0101005, 0.1837412]","[0.2128149, -0.1059346, 1.110181]"
5571,5571,10,93.51750000000004,11.68217,-6.26229,7.454066312402175,-4.022851955864436,11.49449,-5.657553,False,6,"[0.0285275, -0.0139336, 0.1847131]","[0.2235593, -0.1089092, 1.09937]"
5572,5572,10,93.53550000000007,13.50715,-5.577864,8.90834252003459,-3.582868036773246,12.09614,-5.546921,False,6,"[0.026907, -0.0161942, 0.183601]","[0.233636, -0.1058728, 1.090173]"
5573,5573,10,93.55949999999996,13.31299,-5.660716,8.751244039401783,-3.6395411848970545,12.57943,-5.445756,False,6,"[0.0278513, -0.0175094, 0.1881652]","[0.2411827, -0.1030377, 1.080812]"
5574,5574,10,93.56849999999997,12.59456,-5.611838,8.254163372175396,-3.4999097409109368,13.04016,-4.969223,False,6,"[0.028418, -0.0187983, 0.1834105]","[0.2484668, -0.0932769, 1.072797]"
5575,5575,10,93.58550000000002,13.24891,-5.335427,8.782943609876234,-3.3116772363321436,13.4755,-4.57933,False,6,"[0.0338447, -0.0198009, 0.183914]","[0.254924, -0.0852082, 1.063838]"
5576,5576,10,93.60250000000008,12.62404,-5.614362,8.274437732055617,-3.506148795427235,13.75033,-4.283293,False,6,"[0.0390973, -0.0200171, 0.1833194]","[0.2584631, -0.0791083, 1.056225]"
5577,5577,10,93.61749999999995,13.47459,-5.206916,8.97317660004833,-3.2141489401787897,13.92879,-3.974666,False,6,"[0.0380598, -0.0201991, 0.1840722]","[0.2600665, -0.0728608, 1.04862]"
5578,5578,10,93.63549999999998,12.72556,-5.25071,8.432474209017052,-3.1616943464028724,14.01534,-3.755442,False,6,"[0.0441979, -0.0179692, 0.1839963]","[0.2598758, -0.0683378, 1.041117]"
5579,5579,10,93.65150000000006,13.31348,-5.199817,8.86078981149777,-3.186631794322646,14.04781,-3.636791,False,6,"[0.0436154, -0.0182699, 0.1843195]","[0.2586632, -0.0657055, 1.033766]"
5580,5580,10,93.66850000000011,12.10964,-5.471311,7.944125916191872,-3.2999762630490377,13.98927,-3.638145,False,6,"[0.0411964, -0.0181175, 0.1843844]","[0.2557385, -0.06527, 1.02653]"
5581,5581,10,93.68449999999996,12.3855,-5.262667,8.188872803825301,-3.1300907489892156,13.89495,-3.58461,False,6,"[0.0433625, -0.0171998, 0.1841695]","[0.2521917, -0.0638631, 1.019444]"
5582,5582,10,93.70150000000001,11.44199,-4.909451,7.604537033043798,-2.662659794454661,13.75073,-3.504419,False,6,"[0.0412531, -0.0181069, 0.1841927]","[0.2478157, -0.0620168, 1.012683]"
5583,5583,10,93.71750000000009,11.93183,-4.800206,7.977235355511374,-2.617744435744875,13.62444,-3.521668,False,6,"[0.0441365, -0.0167861, 0.1842015]","[0.2438198, -0.0619086, 1.005952]"
5584,5584,10,93.73450000000014,11.18001,-5.260284,7.335929194325147,-2.9740583474263573,13.44403,-3.527377,False,6,"[0.0415958, -0.0169272, 0.1841917]","[0.2388794, -0.0615993, 0.9993037]"
5585,5585,10,93.75149999999996,11.5681,-4.876987,7.7015166972862605,-2.646832174420413,13.26512,-3.535697,False,6,"[0.0435919, -0.0167641, 0.1842133]","[0.2340836, -0.061352, 0.992943]"
5586,5586,10,93.76850000000002,12.07809,-5.147775,7.998441970152851,-2.9779824804003443,13.16025,-3.455902,False,6,"[0.0394282, -0.0176017, 0.1837651]","[0.2306439, -0.0595708, 0.9864333]"
5587,5587,10,93.7845000000001,11.62878,-5.324583,7.638432188495116,-3.0944660557315418,13.18966,-3.356031,False,6,"[0.040434, -0.0169599, 0.1841263]","[0.2295858, -0.0574469, 0.9796391]"
5588,5588,10,93.80149999999992,11.05418,-5.47997,7.194790061367891,-3.1739235786397977,13.36412,-3.484846,False,6,"[0.0371933, -0.0157846, 0.1837632]","[0.2309027, -0.0591876, 0.971928]"
5589,5589,10,93.8175,11.47613,-5.790354,7.420000147655352,-3.532764461496277,13.34643,-3.660143,False,6,"[0.0390065, -0.0155012, 0.1845906]","[0.2289144, -0.0617222, 0.9648832]"
5590,5590,10,93.83550000000002,12.063,-5.449626,7.9162417077296565,-3.27271800072029,13.39218,-3.770723,False,6,"[0.0361501, -0.0168399, 0.1829064]","[0.228047, -0.0631268, 0.9578206]"
5591,5591,10,93.8515000000001,11.72187,-5.414323,7.683079834816606,-3.1945308255450735,13.50739,-3.821377,False,6,"[0.0377165, -0.0157222, 0.1842613]","[0.2286461, -0.0635778, 0.9518389]"
5592,5592,10,93.86950000000013,11.45166,-5.404416,7.494113607566295,-3.150344593007252,13.53424,-3.887537,False,6,"[0.0393104, -0.01655, 0.1837092]","[0.227602, -0.0642539, 0.9455411]"
5593,5593,10,93.8845,12.15288,-3.892463,8.348810353674256,-1.7537960932280479,13.51106,-3.808759,False,6,"[0.0377082, -0.0170773, 0.1832327]","[0.2259526, -0.0626031, 0.9403605]"
5594,5594,10,93.90150000000006,12.13895,-4.681238,8.152066555518989,-2.5272287543214578,13.61494,-3.789158,False,6,"[0.0353873, -0.0173776, 0.1811373]","[0.2263763, -0.0619025, 0.9346607]"
5595,5595,10,93.91750000000013,11.9,-3.582438,8.243219756062539,-1.4168631161751382,13.56661,-3.691864,False,6,"[0.0369793, -0.0184709, 0.1821473]","[0.2246453, -0.0600688, 0.9309461]"
5596,5596,10,93.93549999999993,11.39358,-3.714018,7.853490764133508,-1.4816155104731967,13.47396,-3.368713,False,6,"[0.0388514, -0.0173439, 0.1817981]","[0.2221323, -0.0545721, 0.9271036]"
5597,5597,10,93.95150000000001,11.78574,-4.090422,8.041967166133022,-1.9015429077345116,13.38387,-3.421083,False,6,"[0.0376246, -0.0171868, 0.1813337]","[0.2197359, -0.0552075, 0.9235076]"
5598,5598,10,93.96850000000006,10.99512,-4.265748,7.440655002432382,-1.9730556619323805,13.19272,-3.303233,False,6,"[0.0362028, -0.0169074, 0.178714]","[0.2158204, -0.0531383, 0.920681]"
5599,5599,10,93.98450000000014,11.05044,-4.49037,7.426603802250207,-2.2008671816968706,12.83021,-3.683351,False,6,"[0.0388699, -0.0122813, 0.180499]","[0.2091752, -0.0591253, 0.9184462]"
5600,5600,10,94.00149999999996,11.00765,-4.964705,7.283925548883986,-2.6615885689511236,12.73819,-3.478015,False,6,"[0.0388544, -0.0147918, 0.1806402]","[0.2070439, -0.0556648, 0.9158794]"
5601,5601,10,94.01850000000002,10.62749,-4.443852,7.138169047100763,-2.1012264973578043,12.48202,-3.69085,False,6,"[0.0379207, -0.0112659, 0.1799468]","[0.2021958, -0.0589206, 0.9134028]"
5602,5602,10,94.0345000000001,10.6176,-4.228765,7.18212640230233,-1.88857794599173,12.11693,-4.072801,False,6,"[0.0360237, -0.0116039, 0.178761]","[0.1956809, -0.0648991, 0.911456]"
5603,5603,10,94.05149999999992,10.32541,-4.277142,6.963788966292666,-1.8988709944979547,11.95362,-3.942293,False,6,"[0.0374613, -0.0128395, 0.1795404]","[0.1927078, -0.0627291, 0.9102415]"
5604,5604,10,94.06849999999997,10.45247,-4.553738,6.988216973540662,-2.1869088774893743,11.82066,-3.853224,False,6,"[0.0346466, -0.0133009, 0.1783224]","[0.1900576, -0.0611645, 0.9081182]"
5605,5605,10,94.08450000000005,10.25809,-4.119164,6.953554274607929,-1.7350273402899994,11.64634,-3.627458,False,6,"[0.0350293, -0.0140862, 0.1793671]","[0.1871042, -0.057549, 0.9077725]"
5606,5606,10,94.1015000000001,10.58606,-4.666841,7.056004038502877,-2.315098248045688,11.66856,-3.356009,False,6,"[0.0345373, -0.0154236, 0.1775526]","[0.1870667, -0.0531174, 0.9058142]"
5607,5607,10,94.11849999999993,10.69642,-4.17407,7.25089100806858,-1.844872584613932,11.73283,-3.354133,False,6,"[0.0336782, -0.0139486, 0.1794817]","[0.1878117, -0.0529988, 0.904299]"
5608,5608,10,94.13549999999998,10.69524,-4.791709,7.103720960988631,-2.4517381880225244,11.82399,-3.535765,False,6,"[0.033843, -0.0133486, 0.1805318]","[0.1887516, -0.0557102, 0.9016169]"
5609,5609,10,94.15150000000006,11.37628,-4.724143,7.601917430662163,-2.4721614592014554,11.99067,-3.669193,False,6,"[0.0327609, -0.0134485, 0.1798183]","[0.1910023, -0.0576705, 0.8993148]"
5610,5610,10,94.16850000000011,12.10649,-5.383694,7.9626543844320485,-3.213464613818436,12.35897,-3.931371,False,6,"[0.0327565, -0.0141419, 0.1775602]","[0.19625, -0.0615522, 0.8956538]"
5611,5611,10,94.18449999999996,12.41924,-5.127543,8.244775675209807,-3.001592368319322,12.65101,-4.017011,False,6,"[0.0325297, -0.0129448, 0.1797467]","[0.200535, -0.0627395, 0.8934048]"
5612,5612,10,94.20150000000001,12.36414,-5.500904,8.117305065665416,-3.361507010190919,13.04433,-4.236947,False,6,"[0.0331484, -0.0144788, 0.1773656]","[0.2061938, -0.0659331, 0.889981]"
5613,5613,10,94.21850000000006,12.82971,-5.369829,8.477991888859588,-3.2920428801370027,13.19431,-4.456707,False,6,"[0.0339712, -0.0131254, 0.1798488]","[0.2079789, -0.0691433, 0.8871187]"
5614,5614,10,94.23450000000014,12.80523,-5.515734,8.426090964403254,-3.432317411550101,13.43824,-4.506712,False,6,"[0.0335463, -0.0148893, 0.1776199]","[0.2113708, -0.0697256, 0.8846223]"
5615,5615,10,94.25149999999996,13.17682,-5.139908,8.778226103734163,-3.1103301238317735,13.52973,-4.612616,False,6,"[0.0361627, -0.0148528, 0.1797309]","[0.2122105, -0.0711518, 0.8819044]"
5616,5616,10,94.26850000000002,13.09173,-5.671651,8.591997269809244,-3.6220792203225836,13.52931,-4.609323,False,6,"[0.0379062, -0.0166541, 0.1767189]","[0.2117885, -0.0709616, 0.8801785]"
5617,5617,10,94.2845000000001,13.31248,-6.540426,8.542456994674403,-4.504055771277504,13.45533,-4.537812,False,6,"[0.0394893, -0.0160908, 0.1793204]","[0.2099646, -0.0696497, 0.877579]"
5618,5618,10,94.30149999999992,13.2538,-6.904582,8.414632583495788,-4.854467311141183,13.34816,-4.372102,False,6,"[0.0387371, -0.0170184, 0.1767138]","[0.2079781, -0.0670151, 0.8765175]"
5619,5619,10,94.31849999999997,13.52002,-5.928647,8.83434518022813,-3.9292586387700474,13.28871,-4.305004,False,6,"[0.0407739, -0.0168289, 0.1790373]","[0.2064279, -0.0657947, 0.8740205]"
5620,5620,10,94.33450000000005,13.22126,-5.896448,8.630446597837413,-3.8595239150025806,13.07197,-4.233457,False,6,"[0.0401915, -0.0170757, 0.1768287]","[0.2027623, -0.0646405, 0.8732544]"
5621,5621,10,94.3515000000001,13.19825,-5.647118,8.673227810018698,-3.6115486234752145,12.87907,-4.279603,False,6,"[0.0419066, -0.0161006, 0.1789955]","[0.1990545, -0.0651475, 0.870579]"
5622,5622,10,94.36849999999993,13.50434,-6.110398,8.78018197053527,-4.105884574230831,12.66516,-4.171562,False,6,"[0.0410724, -0.0175401, 0.1766135]","[0.1954017, -0.0634205, 0.8695309]"
5623,5623,10,94.3845,12.55486,-5.87846,8.162885452663993,-3.7568845959578185,12.49136,-4.16265,False,6,"[0.0422667, -0.0204796, 0.1786267]","[0.1919594, -0.0630633, 0.8664916]"
5624,5624,10,94.40150000000006,12.98635,-6.257549,8.37857204340425,-4.184465075309661,12.24771,-4.14472,False,6,"[0.0415962, -0.0213853, 0.1766001]","[0.187834, -0.0627028, 0.8652778]"
5625,5625,10,94.41850000000011,12.23946,-5.768253,7.9656875607627295,-3.6083620872133775,11.89785,-4.086333,False,6,"[0.0430795, -0.0186053, 0.1791631]","[0.1816965, -0.0616088, 0.8623721]"
5626,5626,10,94.43549999999993,12.75098,-6.205636,8.224225454527458,-4.103437139309383,11.68187,-4.179267,False,6,"[0.0416755, -0.0183202, 0.1773884]","[0.1779575, -0.0628924, 0.8606955]"
5627,5627,10,94.45150000000001,11.89564,-5.656254,7.748792378043633,-3.454455075637573,11.34835,-4.152278,False,6,"[0.0421288, -0.0177632, 0.1796416]","[0.1721341, -0.0622659, 0.8576798]"
5628,5628,10,94.46850000000006,11.56988,-5.974877,7.442658551815744,-3.726066175188836,11.02443,-4.172145,False,6,"[0.0425756, -0.0189784, 0.1772808]","[0.1667054, -0.0624188, 0.8556768]"
5629,5629,10,94.48450000000014,11.13473,-5.797522,7.176584636244746,-3.4962833921684213,10.68047,-4.099015,False,6,"[0.0399915, -0.0184891, 0.179576]","[0.1608635, -0.0611248, 0.85294]"
5630,5630,10,94.50149999999996,11.575,-6.050955,7.428258764641193,-3.8014884464280465,10.30277,-4.024277,False,6,"[0.0409279, -0.0194599, 0.1774709]","[0.1547053, -0.0598739, 0.8510544]"
5631,5631,10,94.51850000000002,10.60667,-5.546765,6.862119624548924,-3.1825157858050064,9.874089,-4.023665,False,6,"[0.0390256, -0.018173, 0.1799008]","[0.1475965, -0.0596467, 0.847954]"
5632,5632,10,94.53550000000007,10.20723,-5.423899,6.6084191720058545,-3.0108375713362534,9.457149,-3.933195,False,6,"[0.0402223, -0.0193268, 0.1777429]","[0.140909, -0.0581618, 0.8459252]"
5633,5633,10,94.55149999999992,9.707747,-5.438179,6.251393089587053,-2.961191855382567,9.065859,-3.923793,False,6,"[0.0379509, -0.0178432, 0.180158]","[0.1343822, -0.0577661, 0.8421896]"
5634,5634,10,94.56849999999997,9.979065,-5.171688,6.506629605164842,-2.7338752001213784,8.664001,-3.863942,False,6,"[0.0365392, -0.01868, 0.1784813]","[0.1279502, -0.0567132, 0.8396862]"
5635,5635,10,94.58550000000002,9.125307,-4.939435,5.957180584929662,-2.396769433329461,8.331926,-3.82929,False,6,"[0.035517, -0.0183218, 0.1804525]","[0.1223692, -0.0559263, 0.8355507]"
5636,5636,10,94.6015000000001,9.452839,-4.887909,6.20128686012308,-2.3878873693239724,7.968118,-3.851066,False,6,"[0.0366838, -0.0189859, 0.1791061]","[0.1165309, -0.0560413, 0.8325213]"
5637,5637,10,94.61849999999993,8.402455,-4.37915,5.578134553096862,-1.7539630598769849,7.617135,-3.758536,False,6,"[0.033868, -0.0175634, 0.1808556]","[0.1107012, -0.0543793, 0.8277783]"
5638,5638,10,94.63549999999998,9.045774,-3.996696,6.1242289658518585,-1.460105055474754,7.304513,-3.713655,False,6,"[0.032706, -0.0172466, 0.1816409]","[0.1056752, -0.0535094, 0.8244087]"
5639,5639,10,94.65150000000006,8.424613,-3.625816,5.772307034847317,-1.0164108430953709,7.152719,-3.628283,False,6,"[0.0309558, -0.0172266, 0.1809514]","[0.1028245, -0.0519569, 0.8193773]"
5640,5640,10,94.66850000000011,8.816416,-3.565752,6.063941184873948,-1.0073316680183044,6.983196,-3.684755,False,6,"[0.0317896, -0.0163526, 0.1806736]","[0.0998892, -0.0525187, 0.8155095]"
5641,5641,10,94.68449999999996,7.978824,-3.637427,5.453929607264404,-0.9709875900230385,6.931588,-3.735644,False,6,"[0.0291273, -0.0156716, 0.1813349]","[0.0984674, -0.0528829, 0.8099462]"
5642,5642,10,94.70150000000001,7.322468,-4.05038,4.891378769739632,-1.2931579192828524,6.969245,-3.725828,False,6,"[0.0301813, -0.015502, 0.1812729]","[0.0984811, -0.052463, 0.8056389]"
5643,5643,10,94.71850000000006,7.835818,-4.32326,5.190187333249863,-1.6267926176127867,6.884495,-3.99348,False,6,"[0.0268336, -0.0139117, 0.181663]","[0.0966093, -0.0558606, 0.8001519]"
5644,5644,10,94.73550000000012,7.746394,-4.461203,5.094191313031738,-1.750962246333815,6.720084,-4.339123,False,6,"[0.0289011, -0.0126837, 0.1815356]","[0.0937251, -0.0603555, 0.7954377]"
5645,5645,10,94.75149999999996,7.657191,-5.084459,4.883368615893915,-2.35212600886221,6.554926,-4.815615,False,6,"[0.0269417, -0.011527, 0.181908]","[0.0907806, -0.0665581, 0.7900368]"
5646,5646,10,94.76850000000002,8.51601,-5.622781,5.363885284649038,-2.990681841578456,6.649828,-4.79825,False,6,"[0.0281657, -0.011316, 0.1815949]","[0.0916311, -0.0659745, 0.7859569]"
5647,5647,10,94.7845000000001,6.45207,-5.456376,3.942004954900651,-2.5640029553754227,6.591961,-5.350462,False,6,"[0.0254446, -0.0115402, 0.1815342]","[0.0902174, -0.0731156, 0.7806858]"
5648,5648,10,94.80250000000012,7.332102,-5.298352,4.60252310380928,-2.5208939378459396,6.818897,-5.341483,False,6,"[0.023319, -0.0128499, 0.1814686]","[0.0928875, -0.0726287, 0.7767984]"
5649,5649,10,94.81849999999997,6.482057,-4.88578,4.098425168302323,-2.007043908877441,7.100171,-5.167256,False,6,"[0.0248723, -0.0136631, 0.180732]","[0.0963508, -0.0699512, 0.7735317]"
5650,5650,10,94.83550000000002,7.233183,-5.250375,4.5438536922774695,-2.4611307226932224,7.121436,-5.01472,False,6,"[0.024519, -0.0140629, 0.180247]","[0.0963089, -0.0676413, 0.7708623]"
5651,5651,10,94.85250000000008,6.424,-5.098063,4.007024477276315,-2.2082739849662163,7.145444,-4.978724,False,6,"[0.0241946, -0.0160118, 0.1799598]","[0.0962919, -0.0669135, 0.7681099]"
5652,5652,10,94.86849999999993,6.404971,-5.695196,3.85207542258986,-2.792710671595228,7.132593,-4.962219,False,6,"[0.0267721, -0.0176027, 0.1787942]","[0.0957732, -0.0664521, 0.7653632]"
5653,5653,10,94.88549999999998,6.57053,-5.935292,3.91240919160726,-3.049784645199675,7.341421,-5.023509,False,6,"[0.020318, -0.0171617, 0.179665]","[0.0982745, -0.0670497, 0.762777]"
5654,5654,10,94.90250000000003,7.376485,-6.302402,4.3960617473446355,-3.513333464219504,7.458752,-5.522984,False,6,"[0.0230328, -0.0166005, 0.1790036]","[0.0994108, -0.073422, 0.7593241]"
5655,5655,10,94.91850000000011,6.962746,-6.234921,4.1191152174174555,-3.3942646579652695,7.515421,-6.089369,False,6,"[0.0204372, -0.0153758, 0.1798757]","[0.0997424, -0.0806561, 0.7560458]"
5656,5656,10,94.93650000000014,7.86272,-6.891063,4.600855760359978,-4.153861004813584,7.749953,-6.365114,False,6,"[0.0226631, -0.016409, 0.1785649]","[0.1024599, -0.0839833, 0.7528659]"
5657,5657,10,94.95150000000001,7.09134,-6.54132,4.137568225479828,-3.7117885231380656,7.954401,-6.677612,False,6,"[0.0202217, -0.0160229, 0.1796017]","[0.1048149, -0.0878227, 0.7501283]"
5658,5658,10,94.96950000000004,6.97679,-6.040149,4.1752051204786325,-3.2046330975490287,8.116111,-6.777637,False,6,"[0.0201407, -0.0178931, 0.1794182]","[0.1066312, -0.0888646, 0.7477227]"
5659,5659,10,94.98550000000012,7.244868,-6.148367,4.339369446210778,-3.3451676370549848,8.326398,-6.649556,False,6,"[0.0205827, -0.0185777, 0.1786961]","[0.1091642, -0.086956, 0.7458875]"
5660,5660,10,95.00149999999996,7.693295,-6.573702,4.556090863528077,-3.8203580505609427,8.459232,-6.403074,False,6,"[0.022929, -0.0195609, 0.1771126]","[0.1108144, -0.0836171, 0.7451025]"
5661,5661,10,95.01850000000002,7.427287,-5.994167,4.505059270300793,-3.216876740180134,8.657451,-6.202112,False,6,"[0.0216862, -0.0194002, 0.177574]","[0.1133247, -0.080882, 0.7442762]"
5662,5662,10,95.03550000000007,7.887227,-6.51286,4.707813180273077,-3.785287277745719,8.887525,-5.914165,False,6,"[0.0243278, -0.0212902, 0.1761632]","[0.11634, -0.0770699, 0.7439913]"
5663,5663,10,95.05149999999992,6.591371,-6.431204,3.809670662670004,-3.5398243696736555,9.28173,-5.661781,False,6,"[0.0220023, -0.0202802, 0.176863]","[0.1215451, -0.073732, 0.7437189]"
5664,5664,10,95.06949999999995,8.369302,-6.849885,4.969280889067067,-4.177976413470985,9.42455,-5.727593,False,6,"[0.0216797, -0.0187458, 0.1771602]","[0.1234204, -0.0745773, 0.7435446]"
5665,5665,10,95.08550000000002,8.69466,-6.880327,5.192427603610887,-4.249375389862036,9.750357,-5.771814,False,6,"[0.022455, -0.0190279, 0.1766372]","[0.1277002, -0.0751165, 0.7431438]"
5666,5666,10,95.10250000000008,9.105783,-6.646244,5.538970237660702,-4.071733365417906,10.04372,-5.908643,False,6,"[0.0236841, -0.0202043, 0.1753256]","[0.1316024, -0.0768988, 0.7430385]"
5667,5667,10,95.11849999999993,9.432371,-6.622391,5.775851697775718,-4.089927992802305,10.42686,-5.932773,False,6,"[0.0230055, -0.0185301, 0.1764746]","[0.1367254, -0.0772107, 0.742996]"
5668,5668,10,95.13549999999998,9.972532,-7.093433,6.046693241233104,-4.621734633506688,10.79622,-5.945951,False,6,"[0.0242555, -0.0199884, 0.1750863]","[0.1417184, -0.0774027, 0.7431805]"
5669,5669,10,95.1595000000001,10.35497,-6.402016,6.48128059196287,-3.990967322532838,11.26872,-5.861797,False,6,"[0.0204486, -0.0199475, 0.1769654]","[0.1480772, -0.0762979, 0.7431654]"
5670,5670,10,95.16850000000011,10.94608,-6.815666,6.8017925698696216,-4.47286465752462,11.67562,-5.476489,False,6,"[0.0257409, -0.0210179, 0.1749654]","[0.153752, -0.0713342, 0.7440345]"
5671,5671,10,95.18549999999993,12.30079,-7.356306,7.63285962794729,-5.176920780847634,12.0508,-5.027143,False,6,"[0.0269209, -0.0212417, 0.1760385]","[0.1590651, -0.0655429, 0.7450932]"
5672,5672,10,95.20249999999999,12.73703,-7.722484,7.854968250971104,-5.592417907532261,12.14682,-4.520058,False,6,"[0.0282393, -0.02053, 0.1761899]","[0.1607988, -0.0590597, 0.7470806]"
5673,5673,10,95.21950000000004,11.93642,-7.04391,7.448893892884254,-4.823443495028871,12.34637,-4.147658,False,6,"[0.0291429, -0.0203666, 0.1754228]","[0.1638778, -0.0542935, 0.7486995]"
5674,5674,10,95.23550000000012,12.21014,-7.336989,7.573254522277595,-5.146378865606743,12.32894,-3.852852,False,6,"[0.0305652, -0.0216316, 0.1738309]","[0.1642817, -0.0506203, 0.75164]"
5675,5675,10,95.25249999999994,11.62953,-7.169469,7.201862193734029,-4.90771693438415,12.361,-3.515454,False,6,"[0.0319148, -0.0195978, 0.1746629]","[0.1652833, -0.046333, 0.7541992]"
5676,5676,10,95.2695,11.78484,-7.359537,7.2667924114591385,-5.114316688380849,12.20223,-3.261595,False,6,"[0.0334728, -0.0206856, 0.1730718]","[0.1640102, -0.043221, 0.7584338]"
5677,5677,10,95.28550000000007,11.45814,-7.089832,7.099383104083585,-4.80759877281955,12.26418,-3.210782,False,6,"[0.037858, -0.0224148, 0.1736209]","[0.1655165, -0.0427134, 0.7614138]"
5678,5678,10,95.30250000000012,11.51539,-7.092045,7.1393927981678065,-4.817072630456267,12.14469,-3.26221,False,6,"[0.0389503, -0.023367, 0.1723168]","[0.1647654, -0.0436403, 0.7656479]"
5679,5679,10,95.31949999999995,11.24477,-6.978074,6.97479172542244,-4.670559953717203,12.27628,-3.239566,False,6,"[0.0366631, -0.0214298, 0.1734325]","[0.1673461, -0.0435292, 0.7690479]"
5680,5680,10,95.3365,11.59182,-6.966458,7.223261382344021,-4.703389855577989,12.29199,-3.35486,False,6,"[0.0372644, -0.0221732, 0.1722069]","[0.1685886, -0.0453568, 0.7737372]"
5681,5681,10,95.35250000000008,11.54159,-7.29447,7.109983164834872,-5.019356354591321,12.32609,-3.221595,False,6,"[0.0355386, -0.0217209, 0.1726785]","[0.1700047, -0.0437917, 0.7780101]"
5682,5682,10,95.36950000000013,11.32418,-7.532223,6.899723237372187,-5.225302124479051,12.3966,-3.075964,False,6,"[0.0357756, -0.0221476, 0.1714749]","[0.1722328, -0.0421076, 0.7835813]"
5683,5683,10,95.38549999999998,11.63818,-7.345615,7.1662530224558445,-5.081936153397366,12.47129,-3.104778,False,6,"[0.0348285, -0.0213716, 0.1718299]","[0.1744806, -0.0427914, 0.7889019]"
5684,5684,10,95.40250000000003,11.85047,-7.431328,7.296250473331824,-5.19324023675325,12.39612,-3.131017,False,6,"[0.0348387, -0.0212754, 0.1710027]","[0.1748308, -0.043511, 0.7954329]"
5685,5685,10,95.41950000000008,11.79472,-7.094044,7.336689755305291,-4.854649602493509,12.47185,-3.135113,False,6,"[0.0340916, -0.0209875, 0.171472]","[0.1772253, -0.043888, 0.8012747]"
5686,5686,10,95.43750000000011,11.46957,-6.412304,7.2679995786598255,-4.1431810115281245,12.33699,-3.04582,False,6,"[0.0351014, -0.0209098, 0.1711244]","[0.1768667, -0.0430294, 0.8086753]"
5687,5687,10,95.45349999999996,11.39167,-6.604104,7.167402643529813,-4.32175055611221,12.25143,-2.850118,False,6,"[0.034805, -0.021817, 0.1704385]","[0.1772264, -0.0406324, 0.8161574]"
5688,5688,10,95.47050000000002,11.30534,-6.277051,7.183766758199959,-3.989316249064344,12.13943,-2.620695,False,6,"[0.0339994, -0.0224488, 0.1697775]","[0.1773388, -0.0377362, 0.8244433]"
5689,5689,10,95.48650000000009,11.68598,-5.81571,7.5625701632320865,-3.584438562166085,11.81686,-2.255775,False,6,"[0.0349616, -0.0218822, 0.1697452]","[0.1743769, -0.0328313, 0.83347]"
5690,5690,10,95.50349999999992,10.70873,-4.623516,7.1531213726327785,-2.288157856924233,11.34468,-2.033194,False,6,"[0.0355897, -0.022123, 0.1696115]","[0.1691628, -0.0299327, 0.8431551]"
5691,5691,10,95.5195,10.66647,-4.57978,7.133562731320109,-2.2397862714363113,10.93386,-1.723404,False,6,"[0.0353324, -0.0210577, 0.1692044]","[0.1646891, -0.0256503, 0.8525046]"
5692,5692,10,95.53750000000002,9.351045,-4.256706,6.278763158079335,-1.754562691140011,10.09823,-1.423578,False,6,"[0.0343001, -0.0189987, 0.1690498]","[0.15373, -0.0214513, 0.8631895]"
5693,5693,10,95.5535000000001,9.243053,-4.390829,6.1705257224163885,-1.8726107488469212,9.671233,-1.058484,False,6,"[0.0341158, -0.0196036, 0.1693223]","[0.1487951, -0.016132, 0.8731263]"
5694,5694,10,95.57049999999992,8.20118,-3.771179,5.579672287527937,-1.130787771341832,9.146672,-0.8443602,False,6,"[0.0340514, -0.0187353, 0.170328]","[0.1421196, -0.0130089, 0.882678]"
5695,5695,10,95.58749999999998,8.285765,-3.857009,5.619224623390209,-1.225925470544734,8.455103,-0.4732481,False,6,"[0.0350336, -0.0172519, 0.1693798]","[0.1326504, -0.0073709, 0.8923676]"
5696,5696,10,95.60350000000005,8.21244,-4.142394,5.49969417227473,-1.4970536951276268,7.684259,-0.2237682,False,6,"[0.0321102, -0.0137317, 0.1697966]","[0.121693, -0.0035225, 0.9019269]"
5697,5697,10,95.6205000000001,7.145645,-3.809529,4.823248768795105,-1.0339058607318332,7.052883,-0.1532436,False,6,"[0.0320698, -0.0136392, 0.1702708]","[0.1127575, -0.0024376, 0.9113814]"
5698,5698,10,95.63749999999993,6.375713,-3.729424,4.297102256817235,-0.8570184037678148,6.615749,-0.1245884,False,6,"[0.0280796, -0.0126918, 0.1705191]","[0.1066555, -0.0019996, 0.919583]"
5699,5699,10,95.65350000000001,6.280102,-4.332596,4.0865009994014,-1.4376266279210475,6.205873,0.001424468,False,6,"[0.0278403, -0.0131361, 0.1710765]","[0.1008891, 2.31e-05, 0.927814]"
5700,5700,10,95.67050000000006,6.384613,-3.884059,4.2667665998636535,-1.0101284698487785,5.774537,-0.04276913,False,6,"[0.0247514, -0.0113201, 0.171738]","[0.0945559, -0.000698, 0.9350179]"
5701,5701,10,95.68650000000014,4.828625,-4.555178,3.0060942484481856,-1.4713286006219182,5.350741,0.008180526,False,6,"[0.0250641, -0.0116034, 0.1721075]","[0.0882489, 0.0001345, 0.9422216]"
5702,5702,10,95.70349999999996,4.65177,-4.690335,2.848855611741543,-1.5816133894386564,4.906498,0.03671689,False,6,"[0.0248861, -0.0124883, 0.1724322]","[0.0814422, 0.000608, 0.9487176]"
5703,5703,10,95.71950000000004,4.933086,-4.248782,3.1526475843198147,-1.1835203428159433,4.673349,0.04685828,False,6,"[0.021627, -0.011487, 0.1725109]","[0.0780264, 0.0007806, 0.9544903]"
5704,5704,99,95.75349999999992,4.095357,-4.59665,2.4771017733060474,-1.4186014732527985,4.318724,0.4630547,False,6,"[0.0193353, -0.0112793, 0.1730405]","[0.0729087, 0.0078027, 0.9654349]"
5705,5705,99,95.77049999999997,4.119812,-4.933452,2.4146192770163353,-1.7527285339689067,4.033415,0.7096659,False,6,"[0.0190806, -0.0131358, 0.1733816]","[0.0683774, 0.0120115, 0.969714]"
5706,5706,99,95.78650000000005,4.622701,-3.614642,3.0831336224316135,-0.5207154854322757,3.729624,0.9672722,False,6,"[0.019384, -0.0117614, 0.1732323]","[0.0634923, 0.0164449, 0.9740133]"
5707,5707,99,95.8035000000001,6.214114,-3.423715,4.255117647263066,-0.535964796076474,3.275547,1.093886,False,6,"[0.0146618, -0.0138279, 0.173563]","[0.0559796, 0.0186766, 0.9781273]"
5708,5708,99,95.82150000000013,6.912207,-3.356219,4.765371357213644,-0.5586309851786,3.183175,1.271283,False,6,"[0.0140981, -0.0142155, 0.1732646]","[0.0546247, 0.0217969, 0.9822083]"
5709,5709,99,95.83749999999998,3.004826,-1.846212,2.3566361704756105,1.4235649587602874,2.948346,1.506325,False,6,"[0.0151552, -0.0130446, 0.1755868]","[0.0508624, 0.0259689, 0.9875464]"
5710,5710,99,95.85350000000005,2.894906,-1.555399,2.3477119592989997,1.723390105678627,2.75327,1.522829,False,6,"[0.0124329, -0.0139609, 0.173645]","[0.0475712, 0.0262975, 0.9891981]"
5711,5711,99,95.86950000000013,4.218907,-3.266552,2.8797118272072026,-0.12713186483193262,2.635564,1.715773,False,6,"[0.0125229, -0.0150074, 0.1738608]","[0.045678, 0.0297246, 0.9923145]"
5712,5712,99,95.88649999999996,3.010838,-3.622588,1.9400235480768147,-0.3230251068108303,2.516224,1.806625,False,6,"[0.0141047, -0.0110196, 0.1744401]","[0.0437239, 0.0313835, 0.9949754]"
5713,5713,99,95.90449999999998,3.287752,-2.271696,2.4561446558463578,0.9693281691852689,2.209563,1.938077,False,6,"[0.0190431, -0.0104632, 0.1748932]","[0.0384931, 0.0337596, 0.9976618]"
5714,5714,99,95.92050000000006,3.109797,-2.180262,2.351812443416255,1.0818774159422482,1.952118,2.002907,False,6,"[0.0213164, -0.0103117, 0.1758354]","[0.0341474, 0.0350365, 1.001857]"
5715,5715,99,95.93750000000011,3.85323,-2.541843,2.7925082817922107,0.6317335597643101,1.922994,2.069031,True,6,"[0.0092687, -0.0056916, 0.1765719]","[0.0337156, 0.0362782, 1.004182]"
5716,5716,99,95.95349999999996,3.65926,-2.337541,2.7035785026973316,0.857251341510795,1.69904,1.970989,True,6,"[0.0089315, -0.0047959, 0.1766205]","[0.0298467, 0.0346275, 1.00621]"
5717,5717,99,95.97050000000002,2.346222,-2.52086,1.7304914238683389,0.844487201385856,1.468331,1.850256,True,6,"[0.0130101, -0.010066, 0.1763669]","[0.0258445, 0.032571, 1.008256]"
5718,5718,99,95.98750000000007,2.40664,-2.545544,1.7674201592500123,0.8125249343251078,1.090938,1.809215,True,6,"[0.0092282, -0.0111079, 0.1754504]","[0.0192423, 0.0319183, 1.01048]"
5719,5719,99,96.0055000000001,1.189518,-2.383487,0.9440717713467648,1.1269680429882643,1.01148,1.836302,True,6,"[0.0101235, -0.0069909, 0.1762289]","[0.0178765, 0.0324618, 1.012518]"
5720,5720,99,96.02049999999997,0.9059283,-2.346421,0.7520671468442824,1.1995519651847246,0.7682945,1.556664,True,6,"[0.009554, -0.0066949, 0.1758524]","[0.0135981, 0.0275567, 1.014025]"
5721,5721,99,96.03650000000005,1.337509,-3.270368,0.8387270618969297,0.2364730963189592,0.7277917,1.281273,False,6,"[0.0118649, -0.0078202, 0.1761594]","[0.0128995, 0.0227121, 1.015467]"
5722,5722,99,96.0535000000001,1.07058,-3.302714,0.6420730166584101,0.23871474930474346,0.6462454,1.037481,False,6,"[0.0112745, -0.0071964, 0.1762937]","[0.0114707, 0.0184163, 1.016946]"
5723,5723,99,96.07049999999992,0.5022211,-2.876865,0.3405594765169163,0.729700685779008,0.5480427,0.7878931,False,6,"[0.0072449, -0.0077849, 0.1768253]","[0.0097356, 0.0139969, 1.017791]"
5724,5724,99,96.0865,0.5231819,-2.744391,0.3867865954276531,0.8572238909476186,0.5655568,0.5386249,False,6,"[0.007421, -0.0078498, 0.1765694]","[0.0100547, 0.0095758, 1.018593]"
5725,5725,99,96.10350000000005,-0.1400551,-3.157493,-0.18067141352233151,0.5357843971568701,0.7271022,0.4090498,False,6,"[0.0036622, -0.0073413, 0.1763723]","[0.0129385, 0.0072786, 1.019501]"
5726,5726,99,96.11950000000013,1.508475,-3.065103,1.008406573445077,0.4164108775559505,1.247064,0.5166288,False,6,"[0.0027922, -0.0072355, 0.1765801]","[0.0222233, 0.0092054, 1.020879]"
5727,5727,99,96.13649999999996,1.448275,-2.609127,1.0738163685357993,0.8722194325842212,1.456576,0.3352681,False,6,"[0.0041222, -0.0100883, 0.1765514]","[0.0259649, 0.0059753, 1.021134]"
5728,5728,99,96.15350000000001,1.471908,-2.084743,1.2147890247750528,1.3845713774138138,1.82835,0.1677174,False,6,"[0.0032996, -0.0101894, 0.1765714]","[0.0326327, 0.0029924, 1.022279]"
5729,5729,99,96.17050000000006,2.192773,-2.003954,1.7443151668355998,1.3720663091805796,2.297737,0.1588623,False,6,"[0.0015527, -0.0089016, 0.1771359]","[0.0410337, 0.0028355, 1.022657]"
5730,5730,99,96.18650000000014,2.669989,-2.730108,1.9101479358159428,0.5975604021601031,2.674367,-0.07514595,False,6,"[0.001613, -0.0084671, 0.1766362]","[0.0478144, -0.0013425, 1.023634]"
5731,5731,99,96.2075000000001,3.49773,-3.675581,2.2721962738945343,-0.437181522164221,3.446313,-0.3939553,False,6,"[-0.0004275, -0.0096474, 0.1748843]","[0.0616565, -0.0070397, 1.023818]"
5732,5732,99,96.21950000000004,3.367785,-3.113285,2.313415323846265,0.13201033651774097,3.827647,-0.8372474,False,6,"[0.004654, -0.0094633, 0.1767289]","[0.0685289, -0.0149686, 1.024278]"
5733,5733,99,96.23650000000009,4.144834,-3.290815,2.8215183058207547,-0.1415338399314221,4.228225,-1.200597,False,6,"[0.0044961, -0.0081038, 0.1778334]","[0.0757614, -0.0214764, 1.024762]"
5734,5734,99,96.25349999999992,4.406232,-3.942425,2.852209513881426,-0.8152627727180226,4.62841,-1.844994,False,6,"[0.0045431, -0.0064361, 0.1768065]","[0.0829424, -0.0330023, 1.024522]"
5735,5735,99,96.27049999999997,5.850626,-4.599245,3.7192483931898783,-1.644934678557214,5.283044,-2.65024,False,6,"[0.0067939, -0.0062084, 0.1774346]","[0.094748, -0.0474294, 1.024649]"
5736,5736,99,96.28650000000005,5.680081,-4.810269,3.5485025016530285,-1.8305860832002967,5.674338,-2.570627,False,6,"[0.0082226, -0.008408, 0.1763218]","[0.1018271, -0.0460104, 1.024821]"
5737,5737,99,96.3035000000001,5.866502,-4.689124,3.7091942315767947,-1.7352918867677385,6.06403,-2.005862,False,6,"[0.0108159, -0.0113673, 0.1769528]","[0.1090553, -0.0359533, 1.026555]"
5738,5738,99,96.32049999999992,6.943458,-4.389888,4.54259480896614,-1.5785058600457758,6.744743,-2.305721,False,6,"[0.0103428, -0.0095596, 0.1757587]","[0.1214487, -0.0413482, 1.026922]"
5739,5739,99,96.3365,8.327647,-4.670886,5.4560493963297185,-2.031143981025652,7.601313,-3.087995,False,6,"[0.0127998, -0.0101559, 0.1766284]","[0.1369593, -0.0553658, 1.026283]"
5740,5740,99,96.35350000000005,8.154787,-4.39223,5.399682247512923,-1.735242392840977,8.303552,-3.233143,False,6,"[0.0135684, -0.0121354, 0.1760864]","[0.1497118, -0.0579459, 1.025792]"
5741,5741,99,96.3705000000001,9.708059,-4.93212,6.371512401625478,-2.4638764914307556,8.72673,-3.048907,False,6,"[0.0180185, -0.0141457, 0.175843]","[0.1576025, -0.0546877, 1.026733]"
5742,5742,99,96.38649999999996,9.690664,-5.274252,6.278136552178636,-2.797906337741061,8.92411,-2.924743,False,6,"[0.0174526, -0.0147663, 0.1754695]","[0.1614736, -0.0525376, 1.028318]"
5743,5743,99,96.40350000000001,10.16415,-5.059733,6.664198075814533,-2.6474426127841566,9.459196,-2.760392,False,6,"[0.0179903, -0.0143615, 0.1750893]","[0.1714676, -0.0496208, 1.029152]"
5744,5744,99,96.42050000000006,10.36861,-5.201827,6.775293637468332,-2.813159719906441,9.520183,-3.222413,False,6,"[0.0214657, -0.0135313, 0.1762619]","[0.1726251, -0.0579529, 1.029339]"
5745,5745,99,96.43650000000014,11.15765,-5.051986,7.369449080413074,-2.7664922042163287,9.768885,-3.564962,False,6,"[0.0256899, -0.0143394, 0.1755049]","[0.1774061, -0.0641952, 1.030408]"
5746,5746,99,96.45349999999996,10.82517,-4.99505,7.147536975073224,-2.6681469076160074,10.12408,-3.807014,False,6,"[0.0252457, -0.0135321, 0.1761774]","[0.1840311, -0.0685815, 1.030636]"
5747,5747,99,96.47050000000002,10.39961,-4.879354,6.873644343705862,-2.5001852819328407,10.20449,-3.826271,False,6,"[0.0301955, -0.0152312, 0.1765013]","[0.1858624, -0.0690552, 1.032516]"
5748,5748,99,96.48650000000009,10.53947,-4.925165,6.961813887257846,-2.5630394026483136,10.00912,-3.526928,False,6,"[0.0299214, -0.0161752, 0.1752191]","[0.1827144, -0.0638077, 1.035262]"
5749,5749,99,96.50349999999992,10.20052,-5.039288,6.694792625002568,-2.6319861381324428,9.912514,-3.260826,False,6,"[0.0312377, -0.0154269, 0.1742374]","[0.1815002, -0.0591734, 1.03861]"
5750,5750,99,96.52049999999997,9.982129,-5.015994,6.545686889723568,-2.5812496629426684,9.489353,-3.236806,False,6,"[0.0319853, -0.0159149, 0.1748135]","[0.1739945, -0.0588683, 1.040938]"
5751,5751,99,96.53750000000002,9.726813,-5.049363,6.357012678471681,-2.58149398021646,9.277641,-3.328657,False,6,"[0.0345169, -0.0154707, 0.1750017]","[0.1705589, -0.0607262, 1.044096]"
5752,5752,99,96.5535000000001,9.222823,-5.146533,5.977156784667021,-2.612738007963249,8.992295,-3.460693,False,6,"[0.0334, -0.0152666, 0.174672]","[0.1656043, -0.0632858, 1.046495]"
5753,5753,99,96.57049999999992,8.969304,-5.349393,5.749598098041501,-2.77978730256842,8.834702,-3.570936,False,6,"[0.0321595, -0.0149589, 0.1752301]","[0.163101, -0.065486, 1.049364]"
5754,5754,99,96.58749999999998,8.613077,-5.091444,5.558497854177896,-2.4808587344178816,8.437562,-3.745823,False,6,"[0.0325781, -0.015089, 0.1751022]","[0.1559381, -0.068825, 1.051241]"
5755,5755,99,96.60450000000003,7.477025,-5.553167,4.644758910302645,-2.789802829135141,8.027572,-3.912558,False,6,"[0.0317598, -0.0155641, 0.1765044]","[0.1486386, -0.0720824, 1.053938]"
5756,5756,99,96.6205000000001,7.447293,-5.648028,4.601233115345582,-2.8792416931830305,7.540117,-4.103018,False,6,"[0.030861, -0.0153897, 0.1753412]","[0.1397362, -0.0757286, 1.055689]"
5757,5757,99,96.63749999999993,5.791471,-6.465317,3.235245091733404,-3.4713697618619994,7.030461,-4.390924,False,6,"[0.0301771, -0.015555, 0.1760474]","[0.1304905, -0.0812484, 1.058109]"
5758,5758,99,96.65350000000001,6.016643,-6.569002,3.370105196383407,-3.601979092017097,6.627372,-4.555537,False,6,"[0.0284735, -0.0157939, 0.1753581]","[0.1231759, -0.0844691, 1.060143]"
5759,5759,99,96.67050000000006,4.648329,-6.710342,2.3678276398861495,-3.5664389910100356,6.019426,-4.660531,False,6,"[0.0276379, -0.0163964, 0.1751062]","[0.1120588, -0.086633, 1.062702]"
5760,5760,99,96.68650000000014,3.849633,-7.367099,1.6467341225578096,-4.110072845170087,5.47515,-4.98936,False,6,"[0.026568, -0.0156278, 0.1754022]","[0.1020146, -0.092915, 1.0643]"
5761,5761,99,96.70449999999994,4.230552,-7.14274,1.9695879253004525,-3.938136804990494,4.805928,-5.387287,False,6,"[0.0229795, -0.0170231, 0.1750889]","[0.0896483, -0.1005535, 1.066271]"
5762,5762,99,96.72050000000002,4.603045,-7.237977,2.2107554477581197,-4.079225690623307,4.479049,-5.680906,False,6,"[0.0228295, -0.0172722, 0.1746484]","[0.0837014, -0.1062931, 1.068523]"
5763,5763,99,96.73750000000007,3.494939,-7.380747,1.392370945543621,-4.078265445134184,4.058661,-5.716597,False,6,"[0.0176167, -0.019683, 0.1736901]","[0.0759719, -0.1071828, 1.070695]"
5764,5764,99,96.75349999999992,3.816344,-7.187161,1.6657968692832728,-3.928985569346401,3.800428,-5.613353,False,6,"[0.0183262, -0.0200229, 0.1738763]","[0.0713742, -0.1056055, 1.074469]"
5765,5765,99,96.77049999999997,3.597965,-6.861468,1.5883457415308857,-3.5810526739693804,3.684275,-5.700481,False,6,"[0.0141615, -0.0204925, 0.174173]","[0.0693217, -0.1074647, 1.076566]"
5766,5766,99,96.79250000000013,3.700521,-6.757909,1.6854929944497379,-3.492349890213469,3.680891,-5.830749,False,6,"[0.0115852, -0.0222601, 0.1721673]","[0.0694317, -0.1102132, 1.079268]"
5767,5767,99,96.8035000000001,2.857171,-6.589037,1.1283964307107215,-3.2188619520653807,3.459615,-5.76274,False,6,"[0.0127749, -0.0216417, 0.1726999]","[0.065399, -0.1091721, 1.081776]"
5768,5768,99,96.82049999999992,3.335576,-5.85928,1.6400138452270783,-2.562649091354123,3.149645,-5.471852,False,6,"[0.0139382, -0.0219867, 0.1731199]","[0.059738, -0.1039941, 1.08561]"
5769,5769,99,96.83749999999998,3.155962,-6.546927,1.3499226775594846,-3.215569690572046,3.049139,-5.327169,False,6,"[0.0104919, -0.0222529, 0.1717896]","[0.0580113, -0.1015489, 1.089049]"
5770,5770,99,96.85350000000005,2.919669,-5.904155,1.334912302920478,-2.553727438242154,3.047702,-5.293342,False,6,"[0.0115282, -0.0217928, 0.1728195]","[0.0581787, -0.1012394, 1.092708]"
5771,5771,99,96.8705000000001,3.550372,-6.510138,1.637888182671979,-3.229697573646787,2.88247,-5.353704,False,6,"[0.0107666, -0.0206039, 0.1712268]","[0.0551969, -0.1027317, 1.096241]"
5772,5772,99,96.88649999999996,3.546443,-6.124637,1.7264414966904835,-2.8503260031985302,2.983901,-5.585299,False,6,"[0.011165, -0.0204561, 0.1726284]","[0.0573397, -0.1075729, 1.10002]"
5773,5773,99,96.90350000000001,3.66391,-6.021557,1.8340325134345214,-2.763995014889529,3.164468,-5.576066,False,6,"[0.008521, -0.0197213, 0.1707323]","[0.0610321, -0.107775, 1.103922]"
5774,5774,99,96.92050000000006,3.770608,-6.227284,1.8608345564948041,-2.9797868017317475,3.249862,-5.858727,False,6,"[0.0100827, -0.0177531, 0.1729958]","[0.0628921, -0.1136542, 1.107612]"
5775,5775,99,96.93750000000011,3.380414,-6.363945,1.5521918048383077,-3.064350697037126,2.806845,-5.811349,False,6,"[0.0094055, -0.0195769, 0.170582]","[0.0545051, -0.1131463, 1.111715]"
5776,5776,99,96.95349999999996,3.421618,-6.472274,1.5556990342292876,-3.1760696967977307,2.942434,-5.411832,False,6,"[0.008766, -0.0177742, 0.1718752]","[0.0574537, -0.1058931, 1.117768]"
5777,5777,99,96.97050000000002,2.917566,-6.793993,1.1225978020235798,-3.4279927353222766,2.665075,-5.644347,False,6,"[0.0105981, -0.0194922, 0.1708124]","[0.052224, -0.1108842, 1.121942]"
5778,5778,99,96.98750000000007,2.859181,-6.605243,1.1259799274166533,-3.2350454792886074,2.696328,-5.470254,False,6,"[0.0106665, -0.0184677, 0.1721059]","[0.053085, -0.1079464, 1.127199]"
5779,5779,99,97.00450000000012,3.087503,-6.633825,1.2808641226416064,-3.2922451281178597,2.29609,-5.566239,False,6,"[0.0109675, -0.0180668, 0.1712739]","[0.0453341, -0.1101882, 1.130646]"
5780,5780,99,97.02149999999995,3.023972,-6.558097,1.2538249665243966,-3.2097198991799853,2.162224,-5.516252,False,6,"[0.0113828, -0.0188461, 0.1727156]","[0.042886, -0.1096976, 1.135876]"
5781,5781,99,97.0385,3.466125,-6.858888,1.4956119622721276,-3.561708496704206,2.02637,-5.422257,False,6,"[0.0102161, -0.0192898, 0.1729546]","[0.040293, -0.1080958, 1.138812]"
5782,5782,99,97.05450000000008,3.116582,-6.73269,1.278028903302278,-3.393117060948387,2.083402,-5.393243,False,6,"[0.0103769, -0.0196893, 0.1735574]","[0.0415924, -0.1079407, 1.143332]"
5783,5783,99,97.07150000000013,3.236781,-6.988682,1.3024808196667805,-3.6600305953013645,2.109138,-5.425713,False,6,"[0.008785, -0.0205358, 0.1723718]","[0.0421479, -0.1087008, 1.144452]"
5784,5784,99,97.08749999999998,3.264024,-6.500878,1.4373426755332723,-3.184089746513357,2.116479,-5.53648,False,6,"[0.0086999, -0.0201712, 0.1741953]","[0.0424286, -0.1112847, 1.148073]"
5785,5785,99,97.10450000000003,3.546984,-6.28146,1.689669126602842,-3.0045207312007465,2.144369,-5.529359,False,6,"[0.0093943, -0.0202557, 0.1741646]","[0.0430045, -0.1111828, 1.148509]"
5786,5786,99,97.12150000000008,3.632523,-5.64615,1.900753550098696,-2.391043158126779,2.144311,-5.316728,False,6,"[0.0092411, -0.0201106, 0.1749309]","[0.0431508, -0.1072486, 1.152447]"
5787,5787,99,97.13749999999993,3.161691,-5.741776,1.5447399190816995,-2.424997122874048,2.101894,-5.21323,False,6,"[0.010558, -0.0209673, 0.1743132]","[0.042297, -0.1051505, 1.152461]"
5788,5788,99,97.15449999999998,3.01328,-5.579676,1.4780679756529156,-2.246763906597896,2.159291,-4.788249,False,6,"[0.0095394, -0.0206828, 0.1752018]","[0.043594, -0.0968498, 1.156198]"
5789,5789,99,97.17150000000004,3.277457,-5.881656,1.593563116416312,-2.577230529639638,2.063898,-4.536526,False,6,"[0.0098629, -0.0213789, 0.1744016]","[0.0416763, -0.0917584, 1.156474]"
5790,5790,99,97.18750000000011,2.999034,-5.625433,1.4571405443714136,-2.2899176667126904,2.006711,-4.330965,False,6,"[0.0100226, -0.0200262, 0.1757441]","[0.0406342, -0.0878298, 1.159716]"
5791,5791,99,97.20449999999994,3.469526,-5.245974,1.880160797137335,-1.9769690824483472,1.947927,-4.325719,False,6,"[0.0108512, -0.0192694, 0.1750592]","[0.0394196, -0.0876712, 1.159031]"
5792,5792,99,97.22149999999999,3.558927,-4.888218,2.0282198938812273,-1.6367641502597747,1.951186,-4.242179,False,6,"[0.0112026, -0.0174458, 0.176462]","[0.0395561, -0.0861253, 1.1611]"
5793,5793,99,97.23850000000004,3.524303,-5.497571,1.8593340711334572,-2.231222423022089,1.932236,-4.107433,False,6,"[0.0096728, -0.0176073, 0.1751108]","[0.0391374, -0.0833073, 1.160086]"
5794,5794,99,97.25450000000012,3.276521,-5.206125,1.7529511039319163,-1.913198854703511,2.101326,-3.870022,False,6,"[0.0093157, -0.0172887, 0.1769699]","[0.0426277, -0.078592, 1.161786]"
5795,5795,99,97.27149999999995,3.075879,-5.325609,1.5825841886074152,-2.0050475547693045,2.23346,-3.751082,False,6,"[0.0100931, -0.0181568, 0.176252]","[0.0452424, -0.0760545, 1.160031]"
5796,5796,99,97.2885,3.373749,-4.979775,1.8754183891352385,-1.7031377120762556,2.364977,-3.633381,False,6,"[0.009305, -0.0174942, 0.1776073]","[0.0479457, -0.0737174, 1.160911]"
5797,5797,99,97.30450000000008,3.748803,-4.970678,2.1431185565062387,-1.742013576188759,2.578624,-3.623194,False,6,"[0.0106954, -0.0161971, 0.176408]","[0.0521779, -0.0733628, 1.158584]"
5798,5798,99,97.32150000000013,3.875873,-4.709003,2.2950839068731304,-1.501039616352677,2.530923,-3.450204,False,6,"[0.0110831, -0.0152401, 0.1781985]","[0.051266, -0.069926, 1.159821]"
5799,5799,99,97.33749999999998,3.851136,-5.504792,2.0890267646705576,-2.2799878350343477,2.492271,-3.431576,False,6,"[0.0109093, -0.0170483, 0.1771323]","[0.0503694, -0.0693922, 1.15723]"
5800,5800,99,97.35450000000003,3.765478,-5.179177,2.105525967969876,-1.9490524700542897,2.641977,-3.340029,False,6,"[0.0102219, -0.0162688, 0.1785525]","[0.0534277, -0.0675729, 1.15785]"
5801,5801,99,97.37150000000008,3.970364,-5.202026,2.2451753567717145,-1.9976298188388775,2.945296,-3.176076,False,6,"[0.0095581, -0.0165808, 0.1778717]","[0.0594157, -0.0640805, 1.154814]"
5802,5802,99,97.38749999999993,4.323138,-4.91668,2.5625513936050233,-1.7621674484669363,3.187837,-3.19556,False,6,"[0.0105683, -0.0156204, 0.1792713]","[0.064289, -0.064445, 1.154289]"
5803,5803,99,97.40449999999998,3.706855,-4.791544,2.1558600900455738,-1.5606125184979387,3.055673,-3.277853,False,6,"[0.0117114, -0.0155454, 0.1787383]","[0.0614349, -0.0659113, 1.15085]"
5804,5804,99,97.42150000000004,4.439462,-5.078089,2.6066688902171204,-1.9356307121512577,3.05109,-3.295698,False,6,"[0.0121612, -0.014786, 0.1795003]","[0.0612954, -0.0662199, 1.149965]"
5805,5805,99,97.43750000000011,3.873745,-4.686605,2.2988839083573414,-1.4787555431086998,3.048857,-3.250372,False,6,"[0.012018, -0.0172056, 0.1785307]","[0.0610587, -0.0651028, 1.146365]"
5806,5806,99,97.45449999999994,3.899401,-4.435691,2.376496798158554,-1.2354280232152783,3.034368,-3.146336,False,6,"[0.0118382, -0.0163037, 0.1798714]","[0.0607278, -0.0629731, 1.145607]"
5807,5807,99,97.47149999999999,2.531267,-4.535228,1.384250892165675,-1.158826852946925,3.229775,-3.308665,False,6,"[0.0124368, -0.0163137, 0.1791868]","[0.0643819, -0.0659579, 1.140916]"
5808,5808,99,97.48850000000004,3.083332,-4.624113,1.7540635134577587,-1.316566990334092,3.018378,-3.366925,False,6,"[0.013637, -0.015518, 0.180392]","[0.0600898, -0.0670438, 1.139587]"
5809,5809,99,97.50450000000012,2.533357,-4.334505,1.4332870973391558,-0.9618226056137908,2.619482,-3.541246,False,6,"[0.0118391, -0.0153178, 0.1827386]","[0.0519333, -0.0702485, 1.135141]"
5810,5810,99,97.52149999999995,3.227017,-4.136533,1.971315289801268,-0.8556917178161347,2.201421,-3.558999,False,6,"[0.0139815, -0.0160027, 0.1800848]","[0.0435801, -0.0705113, 1.13369]"
5811,5811,99,97.5385,3.907394,-4.412923,2.3875503088637213,-1.2140706607163816,2.347869,-3.6211,False,6,"[0.0121929, -0.0147619, 0.180068]","[0.0463229, -0.0714987, 1.129799]"
5812,5812,99,97.55550000000005,3.713742,-4.741233,2.17265617928717,-1.5120448700047548,2.393569,-3.603357,False,6,"[0.012311, -0.0140105, 0.1806114]","[0.047125, -0.0709959, 1.127394]"
5813,5813,99,97.5725000000001,3.774462,-4.575546,2.2549025288609106,-1.3569488868406152,2.417336,-3.678533,False,6,"[0.0080929, -0.0145209, 0.1830657]","[0.0473867, -0.0721662, 1.122496]"
5814,5814,99,97.58849999999995,3.313017,-4.754672,1.8857517590536854,-1.4741634782159085,2.417916,-3.925289,False,6,"[0.0097473, -0.0146358, 0.1809526]","[0.0472911, -0.076848, 1.119962]"
5815,5815,99,97.6055,3.558507,-5.043858,1.9910474019945001,-1.7896737051721816,2.389256,-4.020695,False,6,"[0.008105, -0.0138849, 0.1831881]","[0.0465362, -0.0783954, 1.115318]"
5816,5816,99,97.62250000000006,3.326016,-4.782059,1.888466594912306,-1.5027367102128473,2.43617,-4.221085,False,6,"[0.0102151, -0.0131031, 0.181177]","[0.0473173, -0.0820845, 1.112175]"
5817,5817,99,97.64050000000009,3.914603,-4.646039,2.3374232238950263,-1.4440963197976018,2.645432,-4.632511,False,6,"[0.0123079, -0.0139062, 0.1801961]","[0.0511205, -0.0896507, 1.1064]"
5818,5818,99,97.65549999999996,3.69556,-4.345622,2.253513437041959,-1.1209200402960589,2.643937,-4.49328,False,6,"[0.0117107, -0.0149639, 0.1804199]","[0.0510116, -0.0868089, 1.104667]"
5819,5819,99,97.67449999999997,4.036791,-4.222453,2.5242929179471085,-1.0433736990021876,2.991876,-4.178389,False,6,"[0.0118671, -0.0143955, 0.1798801]","[0.0575256, -0.0804086, 1.10064]"
5820,5820,99,97.68950000000007,3.685158,-4.455612,2.2200891736226143,-1.227692117459366,2.999017,-4.066169,False,6,"[0.0104509, -0.0150164, 0.1805385]","[0.0575361, -0.0780692, 1.098214]"
5821,5821,99,97.7075000000001,4.368423,-4.775371,2.6280937146159182,-1.6290623411229355,3.318944,-3.798621,False,6,"[0.0111657, -0.015847, 0.1795487]","[0.0634756, -0.0726747, 1.094569]"
5822,5822,99,97.72249999999997,4.398421,-4.804475,2.64243734108009,-1.661490279232047,3.469446,-3.771236,False,6,"[0.0104616, -0.0150595, 0.1800152]","[0.0662219, -0.0719983, 1.092278]"
5823,5823,99,97.73950000000002,5.039531,-4.703969,3.1201670001299266,-1.6444493377925644,3.748239,-3.642061,False,6,"[0.0123055, -0.0146141, 0.179828]","[0.0712952, -0.0692701, 1.088268]"
5824,5824,99,97.7555000000001,4.570352,-4.518898,2.8318280708824024,-1.4027448376797862,3.865345,-3.800824,False,6,"[0.0116284, -0.0136811, 0.1800357]","[0.0733937, -0.072165, 1.08626]"
5825,5825,99,97.77249999999992,4.998351,-4.813744,3.0650023083457274,-1.747086162588399,4.268416,-4.051402,False,6,"[0.012624, -0.0132067, 0.1788807]","[0.0807275, -0.0766091, 1.081615]"
5826,5826,99,97.78949999999998,4.829262,-4.754134,2.959407455230023,-1.6669439099226642,4.461553,-4.148032,False,6,"[0.011588, -0.0140196, 0.1799182]","[0.084272, -0.0783286, 1.080043]"
5827,5827,99,97.80650000000003,5.141847,-5.055846,3.10923981076495,-2.003318777376755,4.795331,-4.21428,False,6,"[0.0137067, -0.0149892, 0.179427]","[0.0902616, -0.0792823, 1.075949]"
5828,5828,99,97.8225000000001,4.975703,-5.046386,2.99384824304341,-1.9728394440949026,4.837592,-4.24749,False,6,"[0.013819, -0.0151005, 0.1796582]","[0.0909566, -0.0798179, 1.074717]"
5829,5829,99,97.83949999999993,5.287997,-5.572254,3.090366235955793,-2.5294778859713603,5.049677,-4.311435,False,6,"[0.0157592, -0.014705, 0.1787086]","[0.0946588, -0.0807632, 1.071256]"
5830,5830,99,97.85649999999998,5.212186,-5.402338,3.0769481860182553,-2.3528190219896423,5.035675,-4.7296,False,6,"[0.0143524, -0.0141902, 0.1795459]","[0.0942852, -0.0885275, 1.070011]"
5831,5831,99,97.87350000000004,5.68598,-5.5776,3.37087862147456,-2.585471605792728,5.244159,-4.875737,False,6,"[0.0155527, -0.0149755, 0.1778271]","[0.0979428, -0.0910273, 1.067097]"
5832,5832,99,97.88950000000011,5.541512,-5.457093,3.297143938743679,-2.448618720338942,5.4707,-5.020525,False,6,"[0.0151134, -0.0148772, 0.1788852]","[0.1021046, -0.0936575, 1.066111]"
5833,5833,99,97.90649999999994,5.914382,-5.309639,3.5960781322068094,-2.3512387848165943,5.84779,-5.269358,False,6,"[0.0160148, -0.0157455, 0.1779742]","[0.1088698, -0.0980366, 1.062983]"
5834,5834,99,97.92349999999999,5.850555,-5.502827,3.5051162765955604,-2.532966652352324,6.019691,-5.211471,False,6,"[0.0155543, -0.0157764, 0.1786585]","[0.1120293, -0.0968982, 1.062375]"
5835,5835,99,97.94050000000004,6.340189,-5.366737,3.884029019312724,-2.461641745381761,6.30624,-5.040641,False,6,"[0.0163535, -0.017238, 0.1766877]","[0.1172089, -0.0935491, 1.060606]"
5836,5836,99,97.9575000000001,6.358625,-5.589208,3.8443729232222053,-2.6826368441781128,6.401809,-5.05373,False,6,"[0.0162276, -0.0168231, 0.1778923]","[0.1190372, -0.0938227, 1.060938]"
5837,5837,99,97.97349999999994,6.415595,-5.657371,3.868559118836221,-2.756890710471164,6.636621,-5.066008,False,6,"[0.0176369, -0.0172986, 0.1771379]","[0.1233139, -0.0939542, 1.059837]"
5838,5838,99,97.9905,6.413116,-5.749011,3.84509206690161,-2.8466385142026134,6.790018,-5.167763,False,6,"[0.0171877, -0.0169243, 0.1771558]","[0.1262196, -0.0958735, 1.06008]"
5839,5839,99,98.00650000000007,6.503683,-5.89352,3.874977198015536,-3.0002086333399953,6.930133,-5.264644,False,6,"[0.0183319, -0.0164461, 0.1769601]","[0.1287545, -0.0976089, 1.059298]"
5840,5840,99,98.02350000000013,6.905821,-6.019667,4.129810528791867,-3.1754553904608445,7.067514,-5.288095,False,6,"[0.0181477, -0.0170622, 0.1771062]","[0.1313413, -0.0980526, 1.059368]"
5841,5841,99,98.04049999999995,7.038228,-6.256091,4.167542087864383,-3.424693903544976,7.388421,-5.277312,False,6,"[0.0196395, -0.0166048, 0.1767553]","[0.137278, -0.0977859, 1.058657]"
5842,5842,99,98.05650000000003,7.210628,-6.309624,4.276920985249269,-3.499285802499368,7.487849,-5.261836,False,6,"[0.0197089, -0.0173078, 0.1768612]","[0.1392021, -0.0975365, 1.05908]"
5843,5843,99,98.07350000000008,7.185818,-6.530446,4.207036648196986,-3.7131467418793163,7.736758,-5.293498,False,6,"[0.0198822, -0.0175161, 0.1768194]","[0.1438464, -0.0981002, 1.058794]"
5844,5844,99,98.09050000000013,7.234378,-6.49318,4.250247260726901,-3.6827127046358283,7.695967,-5.479998,False,6,"[0.0198775, -0.0178044, 0.176846]","[0.1431432, -0.101623, 1.059272]"
5845,5845,99,98.10649999999998,7.479523,-6.727598,4.368274587313446,-3.94435291787876,7.845686,-5.498117,False,6,"[0.0201565, -0.0182514, 0.1768104]","[0.1459818, -0.1019744, 1.05941]"
5846,5846,99,98.12350000000004,7.476108,-6.579232,4.401008433551038,-3.7981033232878776,7.816575,-5.527522,False,6,"[0.0213904, -0.0186238, 0.1766103]","[0.1455359, -0.1025955, 1.060157]"
5847,5847,99,98.14150000000006,7.306236,-6.296729,4.347668294867564,-3.4988018470306868,7.851704,-5.412433,False,6,"[0.0217651, -0.0193259, 0.1762904]","[0.1463513, -0.1005517, 1.061267]"
5848,5848,99,98.15750000000014,7.074056,-6.850254,4.0521364271993905,-4.013205503293853,7.855611,-5.266056,False,6,"[0.0222965, -0.0194862, 0.1762323]","[0.1466016, -0.0979346, 1.062546]"
5849,5849,99,98.17449999999997,7.471622,-6.530647,4.409343304143484,-3.7497820217616686,7.835172,-5.24937,False,6,"[0.022196, -0.0201531, 0.1760497]","[0.1463865, -0.0977368, 1.063791]"
5850,5850,99,98.19050000000004,7.684933,-5.835686,4.725025417720063,-3.0939693176953096,7.839973,-5.145116,False,6,"[0.0223198, -0.0200122, 0.1758312]","[0.1466782, -0.0959165, 1.06525]"
5851,5851,99,98.2075000000001,7.39881,-5.548956,4.590379003728098,-2.775692464930856,7.771666,-5.152421,False,6,"[0.0230361, -0.0206977, 0.1754614]","[0.145583, -0.0961846, 1.066705]"
5852,5852,99,98.22349999999994,7.311099,-6.523499,4.297383731318707,-3.7222915565024923,7.82303,-5.188381,False,6,"[0.0230338, -0.0202444, 0.1755247]","[0.146767, -0.0969983, 1.068232]"
5853,5853,99,98.2405,7.089526,-5.454473,4.393785927240202,-2.643403255814431,7.906689,-5.227798,False,6,"[0.0224679, -0.0193363, 0.175238]","[0.1485616, -0.0978744, 1.069708]"
5854,5854,99,98.25650000000007,7.360115,-5.462253,4.583524434262346,-2.685547390740558,7.891901,-5.328102,False,6,"[0.0217291, -0.021035, 0.1750982]","[0.1484638, -0.0998866, 1.071033]"
5855,5855,99,98.27350000000013,4.630255,-7.920537,2.0683045649938707,-4.753515197745286,7.974348,-5.013291,False,6,"[0.0229444, -0.0200277, 0.1749492]","[0.1503935, -0.0941782, 1.073593]"
5856,5856,99,98.29049999999995,4.622884,-7.888301,2.0707233054854632,-4.720893890373939,7.821253,-5.019939,False,6,"[0.0235857, -0.0178645, 0.1747895]","[0.1478329, -0.094536, 1.076237]"
5857,5857,99,98.3075,3.951412,-4.611641,2.3716344178900592,-1.4149827959313805,7.49622,-4.784809,False,6,"[0.0225432, -0.0168657, 0.1736016]","[0.1421128, -0.0904021, 1.080004]"
5858,5858,99,98.32450000000006,3.520509,-4.748312,2.0341666062367443,-1.4943664455110142,7.469984,-4.292121,False,6,"[0.0223232, -0.0198963, 0.1739928]","[0.1422203, -0.0814061, 1.084661]"
5859,5859,99,98.34250000000009,3.841243,-4.961257,2.210799786119742,-1.744539975561576,7.800649,-4.111593,False,6,"[0.0216632, -0.0166322, 0.1741821]","[0.1489538, -0.0781596, 1.087297]"
5860,5860,99,98.35849999999994,3.879909,-5.263723,2.166514011448433,-2.0467333807817454,7.465044,-4.110483,False,6,"[0.0225226, -0.0166735, 0.174365]","[0.1428472, -0.078345, 1.090172]"
5861,5861,99,98.37549999999999,3.848311,-5.558886,2.0742103530154843,-2.3327912912848614,7.500243,-4.089301,False,6,"[0.023698, -0.0407092, 0.2926052]","[0.143929, -0.0781573, 1.093213]"
5862,5862,99,98.39150000000006,4.02147,-5.882165,2.12021686115647,-2.6725865154065476,7.328563,-4.128512,False,6,"[0.0236803, -0.0405761, 0.2928554]","[0.1409703, -0.0791184, 1.09611]"
5863,5863,99,98.40850000000012,3.884172,-5.68169,2.070505143772725,-2.458055141230007,7.34794,-4.521749,False,6,"[0.0203449, -0.0237579, 0.2945348]","[0.1415235, -0.0867925, 1.097477]"
5864,5864,99,98.43349999999998,4.155365,-5.823439,2.2289305870188922,-2.6319411088678617,7.301474,-4.644867,False,6,"[0.0181278, -0.0244752, 0.2946552]","[0.1409458, -0.0893734, 1.10003]"
5865,5865,99,98.44349999999997,3.91259,-5.55179,2.1214022450515735,-2.334012398764841,7.223369,-4.698925,False,6,"[0.0197887, -0.0255842, 0.2947244]","[0.1396773, -0.0905837, 1.102044]"
5866,5866,99,98.45850000000007,4.155192,-5.720702,2.2531491412316296,-2.5309490568159294,7.101936,-4.678042,False,6,"[0.019998, -0.0271656, 0.2948655]","[0.1376249, -0.0903897, 1.104615]"
5867,5867,99,98.47550000000012,4.180815,-5.578812,2.304908072962866,-2.39476619363891,7.018027,-4.514398,False,6,"[0.0198325, -0.0286951, 0.2948332]","[0.136265, -0.0873956, 1.10691]"
5868,5868,99,98.49249999999995,4.000268,-5.766515,2.132605934362173,-2.556222527611787,6.990569,-4.244235,False,6,"[0.0207335, -0.0303837, 0.2949149]","[0.1359727, -0.0822946, 1.108918]"
5869,5869,99,98.5095,4.160441,-5.545722,2.298322794474074,-2.3596477953819255,6.904213,-4.036979,False,6,"[0.0200472, -0.029376, 0.2952645]","[0.1344612, -0.0783699, 1.110443]"
5870,5870,99,98.52650000000006,4.080834,-5.737207,2.196591904818809,-2.537690128820378,6.690477,-3.939214,False,6,"[0.0214748, -0.0301465, 0.2955836]","[0.1304345, -0.0765684, 1.11193]"
5871,5871,99,98.54250000000013,4.188383,-5.598256,2.3056595662043504,-2.414840630337782,6.635725,-3.852054,False,6,"[0.0202348, -0.0287577, 0.295857]","[0.1294376, -0.0749155, 1.11262]"
5872,5872,99,98.55949999999996,4.144574,-5.599958,2.274238773098306,-2.410928058058171,6.517525,-3.69005,False,6,"[0.0215151, -0.0296679, 0.296151]","[0.1272456, -0.0718314, 1.113792]"
5873,5873,99,98.57550000000003,4.006038,-5.491284,2.201900508643955,-2.286460936156492,6.545266,-3.515047,True,6,"[0.0216826, -0.0289731, 0.2966202]","[0.1278589, -0.0684518, 1.114375]"
5874,5874,99,98.59250000000009,4.20951,-5.544014,2.333469182002774,-2.36422507902343,6.522164,-3.229827,True,6,"[0.0207265, -0.0299305, 0.2963831]","[0.1274276, -0.062897, 1.114584]"
5875,5875,99,98.60950000000014,5.283376,-4.289064,3.3911152456246167,-1.267768709845022,6.606956,-2.964137,True,6,"[0.0215989, -0.0288301, 0.2969282]","[0.1291107, -0.0577186, 1.114686]"
5876,5876,99,98.62549999999999,5.082847,-4.374804,3.228823158963934,-1.3264681895560022,6.590434,-2.664468,True,6,"[0.0211634, -0.0298028, 0.2966366]","[0.1287268, -0.051851, 1.114182]"
5877,5877,99,98.64250000000004,4.184457,-4.287172,2.613509455147148,-1.1258058183463184,6.639317,-2.438753,True,6,"[0.0217633, -0.0291301, 0.297185]","[0.1296789, -0.0474489, 1.114086]"
5878,5878,99,98.65850000000012,4.198246,-4.280042,2.624961591230817,-1.1205564371599204,6.546054,-2.196664,True,6,"[0.0215329, -0.0291363, 0.2971572]","[0.1277871, -0.0427158, 1.113614]"
5879,5879,99,98.67549999999994,4.460426,-3.78038,2.9289724566362807,-0.6629141366205333,6.548068,-2.05147,False,6,"[0.0207947, -0.0285453, 0.2969277]","[0.1277559, -0.0398678, 1.112996]"
5880,5880,99,98.6925,4.495782,-3.753434,2.96038933025332,-0.6409391976566061,6.580957,-1.920205,False,6,"[0.0218802, -0.0288549, 0.2972756]","[0.1283322, -0.0372942, 1.112381]"
5881,5881,99,98.71050000000002,4.097552,-4.006098,2.6185728503870873,-0.8384863969412066,6.485105,-1.813039,False,6,"[0.0275688, -0.0223588, 0.2981232]","[0.1263622, -0.0351878, 1.111636]"
5882,5882,99,98.7265000000001,4.135527,-4.148747,2.6116625988648505,-0.9835234450443373,6.398767,-1.662031,False,6,"[0.0265277, -0.0228168, 0.2982454]","[0.1245692, -0.0322303, 1.110775]"
5883,5883,99,98.74349999999993,4.003033,-4.187708,2.5086236432807376,-1.0049224120258264,6.648114,-1.641885,False,6,"[0.0218527, -0.0223911, 0.2986864]","[0.1292376, -0.0317832, 1.108812]"
5884,5884,99,98.7595,4.175803,-4.380407,2.5852924976107463,-1.2163339258117336,6.733196,-1.602106,False,6,"[0.0219263, -0.022355, 0.298704]","[0.1306667, -0.0309558, 1.106778]"
5885,5885,99,98.77550000000008,4.632427,-4.293314,2.92922492631247,-1.188954792470983,6.882669,-1.59707,False,6,"[0.0233364, -0.0197672, 0.2991588]","[0.1333041, -0.0307912, 1.104366]"
5886,5886,99,98.79250000000013,4.644191,-4.30801,2.9340721851202067,-1.2048978480555492,6.925209,-1.587006,False,6,"[0.0235592, -0.0196568, 0.29963]","[0.133841, -0.0305298, 1.101937]"
5887,5887,99,98.80949999999996,4.864951,-4.266289,3.100258942171129,-1.1920395641329842,7.033215,-1.722192,False,6,"[0.0215217, -0.0210398, 0.3004236]","[0.1356301, -0.0330541, 1.099349]"
5888,5888,99,98.82650000000001,4.977096,-4.351546,3.1594600030774918,-1.2901277993420281,7.131418,-1.817501,False,6,"[0.0217006, -0.0217702, 0.3001288]","[0.1370633, -0.0347628, 1.095512]"
5889,5889,99,98.84450000000004,4.716177,-4.39893,2.963498254448617,-1.3034317305443492,7.097593,-1.887952,False,6,"[0.0210175, -0.0219905, 0.3003358]","[0.1360073, -0.0360056, 1.092306]"
5890,5890,99,98.85950000000014,4.900841,-4.345467,3.106910388417696,-1.2744314478343606,7.107738,-2.058859,False,6,"[0.0219422, -0.0230214, 0.300533]","[0.1358039, -0.0391524, 1.0891]"
5891,5891,99,98.87749999999994,5.044439,-4.387962,3.1985121477688745,-1.3345031666862397,7.179214,-2.187529,False,6,"[0.0243617, -0.0225713, 0.3006581]","[0.1367111, -0.0414582, 1.085346]"
5892,5892,99,98.89350000000002,5.003523,-4.388686,3.169371363128459,-1.3299982498094716,7.089821,-2.306866,False,6,"[0.0244305, -0.0226551, 0.3007403]","[0.1345336, -0.0435741, 1.081667]"
5893,5893,99,98.9095000000001,4.862857,-4.055684,3.148674101782415,-0.9847898535190565,6.997304,-2.422311,False,6,"[0.0256239, -0.0224582, 0.3010532]","[0.1322544, -0.0455829, 1.077545]"
5894,5894,99,98.92649999999992,4.94114,-4.15153,3.1813914620197785,-1.0889678296944467,6.955279,-2.461102,False,6,"[0.0262274, -0.0229173, 0.3011667]","[0.1309247, -0.0461278, 1.073221]"
5895,5895,99,98.9425,4.918016,-4.356839,3.116376271968379,-1.2877975333439817,6.906686,-2.436591,False,6,"[0.0248539, -0.0231752, 0.301262]","[0.1294558, -0.0454763, 1.068719]"
5896,5896,99,98.95950000000005,4.967469,-4.353459,3.1521906781387705,-1.2907805311543479,6.877806,-2.669621,False,6,"[0.0258635, -0.0229206, 0.3016323]","[0.1283504, -0.0496156, 1.064086]"
5897,5897,99,98.9765000000001,4.772559,-4.889936,2.8870857387596853,-1.793181029599432,7.015949,-2.735816,False,6,"[0.0266041, -0.0231273, 0.3013936]","[0.1303087, -0.0505971, 1.058843]"
5898,5898,99,98.99349999999993,4.780489,-4.886631,2.8934833583875905,-1.7909438852037276,6.991868,-2.822603,False,6,"[0.0264272, -0.0231662, 0.3018506]","[0.1292487, -0.0519602, 1.053883]"
5899,5899,99,99.01049999999998,4.696073,-5.361244,2.7212672967321456,-2.246631507114004,7.026418,-3.203304,False,6,"[0.0256971, -0.021416, 0.3020445]","[0.1291837, -0.0586597, 1.048121]"
5900,5900,99,99.02650000000006,4.459519,-5.288954,2.5709102510560147,-2.1454260905847216,6.735759,-3.468302,False,6,"[0.0261082, -0.02192, 0.3019905]","[0.1232256, -0.0632346, 1.04335]"
5901,5901,99,99.04350000000011,2.753703,-5.084602,1.4115786577953073,-1.7271108278313534,6.758929,-3.537115,False,6,"[0.0259399, -0.0229678, 0.3014621]","[0.1230308, -0.0641677, 1.038096]"
5902,5902,99,99.05949999999996,2.581695,-4.922494,1.328201517154846,-1.5458613193214585,6.49604,-3.91378,False,6,"[0.0262037, -0.0229514, 0.3014815]","[0.1176849, -0.0707096, 1.033542]"
5903,5903,99,99.07749999999999,2.715486,-4.932169,1.4206356506295104,-1.5724272045648693,6.435772,-3.794096,False,6,"[0.0251119, -0.0257325, 0.3007768]","[0.1161062, -0.06826, 1.029308]"
5904,5904,99,99.09350000000006,2.806897,-4.711059,1.5377429061756105,-1.366774316390444,6.294844,-3.567832,False,6,"[0.0251403, -0.0257012, 0.3006156]","[0.1131527, -0.0639579, 1.025771]"
5905,5905,99,99.11150000000009,2.304946,-4.668408,1.192457856327388,-1.2608621231853077,6.339346,-3.354972,False,6,"[0.0246615, -0.0281738, 0.3002154]","[0.1135235, -0.0599032, 1.021849]"
5906,5906,99,99.12649999999996,2.627831,-4.956879,1.3527199276331738,-1.5855368945995458,6.257611,-3.201128,False,6,"[0.023427, -0.0278071, 0.3003811]","[0.1116048, -0.0569243, 1.017806]"
5907,5907,99,99.1445,1.931721,-5.52239,0.7258776369349482,-2.052573014833561,6.357037,-3.408106,False,6,"[0.0144677, -0.0267638, 0.300795]","[0.1128455, -0.0603209, 1.012896]"
5908,5908,99,99.16050000000007,2.378088,-5.696399,1.000686140123548,-2.2804974249872068,6.369354,-3.588383,False,6,"[0.0135788, -0.0259369, 0.3011516]","[0.1124959, -0.0631996, 1.007789]"
5909,5909,99,99.17649999999992,2.616089,-5.790783,1.1468330497214956,-2.403601321262583,6.525931,-3.860425,False,6,"[0.0143002, -0.0260185, 0.3015031]","[0.1146803, -0.0676481, 1.002502]"
5910,5910,99,99.19349999999997,2.601559,-5.780951,1.138875007207373,-2.3920859653008977,6.459555,-4.13802,False,6,"[0.0147823, -0.0248466, 0.3015024]","[0.1129197, -0.0721556, 0.9973421]"
5911,5911,99,99.21050000000002,2.698789,-5.544403,1.263759877293085,-2.1720024760782453,6.379872,-4.422091,False,6,"[0.0121606, -0.0246714, 0.3021232]","[0.1109727, -0.076753, 0.9924916]"
5912,5912,99,99.22750000000008,2.907376,-5.683278,1.3785400918158701,-2.3350821074114245,6.344951,-4.527726,False,6,"[0.0138262, -0.0261274, 0.3012483]","[0.1098003, -0.0781952, 0.9874552]"
5913,5913,99,99.24349999999993,2.335608,-5.284826,1.0681217937816263,-1.8705873286881998,6.325993,-4.479589,False,6,"[0.0101347, -0.0290521, 0.300487]","[0.1090241, -0.0770457, 0.9834375]"
5914,5914,22,99.26049999999998,2.05718,-5.12608,0.9086008698513617,-1.6790742925257645,6.350768,-4.250776,False,6,"[0.0124761, -0.0299665, 0.3004164]","[0.1089984, -0.0727907, 0.9793382]"
5915,5915,22,99.27750000000003,2.010838,-5.166094,0.8663095685073392,-1.7124918434636518,6.279925,-4.005905,False,6,"[0.013728, -0.0304699, 0.3004514]","[0.107402, -0.0683476, 0.9759704]"
5916,5916,22,99.29450000000008,1.783027,-5.100625,0.7205266506203292,-1.6191047735015065,6.136528,-3.722101,False,6,"[0.0136201, -0.0303476, 0.2997578]","[0.1044838, -0.0632209, 0.9718154]"
5917,5917,22,99.31350000000009,1.31667,-5.018231,0.4098589214748727,-1.478671083830367,5.950422,-3.355385,False,6,"[0.0141235, -0.0290849, 0.2996236]","[0.1007326, -0.0566625, 0.9664501]"
5918,5918,22,99.32949999999994,1.163546,-4.996547,0.3065819240546601,-1.4378379411919084,5.800028,-3.347552,False,6,"[0.0151241, -0.0296361, 0.2977945]","[0.0977444, -0.0562855, 0.9622713]"
5919,5919,22,99.34749999999997,1.665756,-5.086964,0.6407333548736303,-1.5907276132648898,5.905035,-3.335457,False,6,"[0.0122264, -0.0277282, 0.2997642]","[0.0990204, -0.0557965, 0.9573774]"
5920,5920,22,99.36350000000004,1.421465,-5.088273,0.4674608779717626,-1.5608689397839965,5.853344,-3.424337,False,6,"[0.0107814, -0.0269253, 0.3001493]","[0.0976937, -0.0570219, 0.9529505]"
5921,5921,22,99.3805000000001,1.539065,-5.406394,0.47535269623181753,-1.8885115472467797,5.872413,-3.445784,False,6,"[0.010533, -0.027123, 0.2999984]","[0.0974859, -0.0570707, 0.9478148]"
5922,5922,22,99.39749999999992,1.253361,-5.352757,0.28577720668241924,-1.7993720781496476,5.926485,-3.41296,False,6,"[0.0093514, -0.0268135, 0.3004018]","[0.0979295, -0.0562612, 0.9433794]"
5923,5923,22,99.41449999999998,1.276496,-5.061112,0.37125540689129743,-1.5156926953312508,5.990616,-3.474459,False,6,"[0.0069072, -0.0263883, 0.3005177]","[0.0984948, -0.0569869, 0.9385941]"
5924,5924,22,99.43050000000005,1.131271,-5.141238,0.24944962983969554,-1.57592555204561,5.948857,-3.392527,False,6,"[0.0061062, -0.0262846, 0.3006432]","[0.0973371, -0.0553747, 0.9341203]"
5925,5925,22,99.4475000000001,0.8321674,-5.19608,0.024685517962161785,-1.5916909780885682,6.016972,-3.289646,False,6,"[0.008739, -0.0267504, 0.3005046]","[0.0979352, -0.0534056, 0.9291432]"
5926,5926,22,99.46449999999993,0.8053179,-5.242168,-0.005243836265732216,-1.6335631992246684,5.84073,-3.03231,False,6,"[0.0074621, -0.0267764, 0.3007185]","[0.094638, -0.0490083, 0.9251515]"
5927,5927,22,99.4805,0.7301719,-5.451314,-0.10800060491452534,-1.8295315179173661,6.07595,-2.844848,False,6,"[0.0080657, -0.0284106, 0.3001955]","[0.0980115, -0.0457559, 0.920774]"
5928,5928,22,99.49750000000006,0.6182777,-5.395266,-0.17394445936376768,-1.7601818834770748,6.160738,-2.772546,False,6,"[0.0065726, -0.0281474, 0.3004115]","[0.0989009, -0.0443718, 0.9162453]"
5929,5929,22,99.51450000000011,0.7780123,-5.048583,0.021288589075131426,-1.439826478106128,6.177083,-2.820925,False,6,"[0.0066926, -0.0266, 0.3003491]","[0.0986707, -0.0449221, 0.9116755]"
5930,5930,22,99.53049999999996,0.8216425,-5.066795,0.047864649144004456,-1.4632877480274198,6.139871,-2.801267,False,6,"[0.005929, -0.0270144, 0.3002499]","[0.0976334, -0.0444092, 0.9076012]"
5931,5931,22,99.54750000000001,0.916971,-4.962496,0.1400700295159849,-1.372936242982365,6.204511,-2.772066,False,6,"[0.0043616, -0.0273069, 0.3002795]","[0.0981967, -0.0437351, 0.9032542]"
5932,5932,22,99.56450000000007,0.915405,-4.786175,0.18073625987308028,-1.1994481875054097,6.201461,-2.640564,False,6,"[0.0042108, -0.0274848, 0.2995641]","[0.0977961, -0.041508, 0.9000151]"
5933,5933,22,99.58150000000012,0.9961337,-4.165096,0.38504321562446253,-0.599343576257529,6.354302,-2.209677,False,6,"[0.0038153, -0.0285693, 0.2993692]","[0.0998558, -0.034599, 0.8966904]"
5934,5934,22,99.59749999999997,0.9962055,-3.990276,0.426513411739897,-0.4275395111115241,6.496603,-1.968346,False,6,"[0.0032227, -0.0282043, 0.2986335]","[0.101776, -0.030716, 0.8937476]"
5935,5935,22,99.61450000000002,1.278885,-4.303303,0.5524913303620006,-0.7712220551261977,6.722497,-2.01498,False,6,"[0.0040612, -0.02642, 0.2990611]","[0.1050103, -0.0313438, 0.8908913]"
5936,5936,22,99.63150000000007,1.35889,-3.921811,0.6995215629295316,-0.4064914501556114,6.732162,-1.99256,False,6,"[0.0042757, -0.0264342, 0.2981406]","[0.1048824, -0.0309122, 0.8885164]"
5937,5937,22,99.64749999999992,3.200596,-3.460817,2.1127032786301334,-0.18822908993731646,6.760786,-1.793603,False,6,"[0.0047656, -0.025853, 0.2977452]","[0.1052004, -0.0277886, 0.8874026]"
5938,5938,22,99.66449999999998,3.178845,-3.492025,2.0899092076498786,-0.21612725479831374,6.983637,-1.823884,False,6,"[0.0047479, -0.0248803, 0.2971514]","[0.1085522, -0.0282191, 0.8861793]"
5939,5939,22,99.68150000000003,3.763891,-3.540139,2.4927326591867063,-0.3380024398774939,7.209554,-2.033519,False,6,"[0.0051664, -0.0216379, 0.2971304]","[0.1119494, -0.0314227, 0.8849837]"
5940,5940,22,99.6975000000001,3.794242,-3.592187,2.5018901913659874,-0.39302476203191894,7.055181,-2.573712,False,6,"[0.0051629, -0.0207114, 0.2969114]","[0.1094285, -0.039744, 0.8841831]"
5941,5941,22,99.71449999999993,4.049235,-4.166945,2.546254764448032,-0.990406908554279,6.967597,-2.402187,False,6,"[0.0066187, -0.0223094, 0.2964762]","[0.1081914, -0.0371384, 0.885287]"
5942,5942,22,99.7305,4.01298,-4.172929,2.5191678206300185,-0.9916657638106914,7.481188,-2.50236,False,6,"[0.0070249, -0.0203021, 0.2961408]","[0.1161849, -0.0386658, 0.8847567]"
5943,5943,22,99.74850000000004,4.044608,-4.347229,2.5002648439840653,-1.1670002449754522,7.509643,-2.954467,False,6,"[0.0165869, -0.0179387, 0.2966234]","[0.1165302, -0.0456233, 0.8839847]"
5944,5944,22,99.76450000000011,4.079182,-4.347109,2.5247722774971866,-1.171290218916698,7.776357,-3.028752,False,6,"[0.0164861, -0.0181142, 0.2968425]","[0.1206883, -0.0467605, 0.8837583]"
5945,5945,22,99.78049999999996,4.106897,-4.437797,2.522908663972406,-1.2639518912387162,7.56287,-3.264631,False,6,"[0.019552, -0.0183866, 0.2972011]","[0.1173625, -0.0504214, 0.8839602]"
5946,5946,22,99.79849999999999,4.048134,-4.516922,2.4625566721343963,-1.3342241817979419,7.629221,-3.332593,False,6,"[0.0196882, -0.0186369, 0.2968706]","[0.1183947, -0.0514692, 0.8838884]"
5947,5947,22,99.81450000000007,4.541255,-4.63893,2.78278820896345,-1.5170027356980142,7.532323,-3.441945,False,6,"[0.0210028, -0.0216155, 0.2966897]","[0.1169553, -0.0531993, 0.8845078]"
5948,5948,22,99.83150000000012,4.483566,-4.503412,2.774051082867204,-1.376460661204752,7.581332,-3.488485,False,6,"[0.02079, -0.0216215, 0.2963459]","[0.117723, -0.0539194, 0.8844911]"
5949,5949,22,99.84749999999997,4.546908,-4.546785,2.808622156442893,-1.4271632773675513,7.462013,-3.600938,False,6,"[0.0209918, -0.0225682, 0.2968747]","[0.115928, -0.0557, 0.8850949]"
5950,5950,22,99.86450000000002,4.495098,-4.408787,2.804635042015364,-1.2849333828714267,7.425361,-3.725179,False,6,"[0.0211553, -0.02255, 0.2966427]","[0.1152551, -0.0575786, 0.88435]"
5951,5951,22,99.8805000000001,4.538162,-4.244446,2.874061729797025,-1.128909249876756,7.323029,-3.7003,False,6,"[0.0213215, -0.023046, 0.2969487]","[0.1136377, -0.0571873, 0.8842614]"
5952,5952,22,99.89749999999992,4.482837,-4.398392,2.7984168807615872,-1.2731539895675512,7.309126,-3.608829,False,6,"[0.0209987, -0.02344, 0.2967132]","[0.1133324, -0.0557269, 0.8835807]"
5953,5953,22,99.91449999999998,3.728154,-4.274132,2.2935283867145917,-1.0548150937394922,7.067795,-3.624899,False,6,"[0.0235813, -0.0240907, 0.2968957]","[0.1095543, -0.0559771, 0.8836033]"
5954,5954,22,99.93150000000003,3.666091,-4.510688,2.193540478115125,-1.2793899581772497,6.916195,-3.535108,False,6,"[0.0232676, -0.023371, 0.2967305]","[0.1071223, -0.054557, 0.8831178]"
5955,5955,22,99.9475000000001,3.499875,-4.742697,2.0208877080453833,-1.4862173486645291,6.70925,-3.581873,False,6,"[0.0236149, -0.0236142, 0.296947]","[0.1039163, -0.0552961, 0.8833663]"
5956,5956,22,99.96449999999993,2.896576,-4.416871,1.670937935448931,-1.0890795021433641,6.400567,-3.805993,False,6,"[0.0233225, -0.0228729, 0.2966647]","[0.0990038, -0.0587123, 0.8825597]"
5957,5957,22,99.9805,2.202245,-4.427157,1.1769023103485088,-1.010666909844871,6.212251,-3.93657,False,6,"[0.0235763, -0.0220447, 0.2970362]","[0.0960331, -0.060711, 0.8822427]"
5958,5958,22,99.99850000000004,2.65046,-4.657077,1.439772474289956,-1.2937762954628669,5.873857,-3.959722,False,6,"[0.0232596, -0.0228197, 0.2966779]","[0.0907146, -0.0610359, 0.8817614]"
5959,5959,22,100.01350000000014,1.928849,-4.718933,0.9142038663733167,-1.2625687524337126,5.574542,-3.993927,False,6,"[0.0193591, -0.022204, 0.2970977]","[0.0860726, -0.0615725, 0.8818712]"
5960,5960,22,100.03049999999996,1.743819,-4.695263,0.7888073921844889,-1.2157160063522001,5.344888,-3.926672,False,6,"[0.0190201, -0.0234184, 0.2968505]","[0.0823668, -0.0604306, 0.8803877]"
5961,5961,22,100.04750000000001,1.583781,-4.762015,0.6596823946456201,-1.2609163467620306,5.170557,-3.71268,False,6,"[0.0181859, -0.0246695, 0.2973478]","[0.079568, -0.0570579, 0.8793113]"
5962,5962,22,100.0675,1.500907,-4.722723,0.6103154262167851,-1.2117343656143875,5.134315,-3.773407,False,6,"[0.0150783, -0.0230184, 0.2980033]","[0.0788141, -0.0578521, 0.8771614]"
5963,5963,22,100.0865,0.5987791,-4.886559,-0.06722402249351866,-1.2577383693189015,5.052565,-3.781774,False,6,"[0.011518, -0.0231893, 0.2995159]","[0.077297, -0.0577896, 0.8742697]"
5964,5964,22,100.09849999999994,0.6842212,-4.755495,0.02432292995500407,-1.139821766059642,5.050044,-3.747855,False,6,"[0.0138093, -0.0243002, 0.298306]","[0.0770488, -0.0571146, 0.8719001]"
5965,5965,22,100.11450000000002,0.3655031,-5.00056,-0.25939732207545796,-1.3400377976696562,5.113899,-3.703507,False,6,"[0.0100712, -0.0246857, 0.2990477]","[0.0776624, -0.0561723, 0.8678125]"
5966,5966,22,100.1305000000001,0.302851,-4.87112,-0.27308844533535526,-1.2048364300779406,5.116418,-3.665432,False,6,"[0.009111, -0.024579, 0.2992631]","[0.0774673, -0.0554261, 0.8652039]"
5967,5967,22,100.14749999999992,0.3355203,-4.829947,-0.24020306004042735,-1.1685366526159573,5.180431,-3.566767,False,6,"[0.0082878, -0.0249704, 0.2997482]","[0.0780491, -0.0536602, 0.8608723]"
5968,5968,22,100.16549999999995,0.2602283,-4.767985,-0.2788307317444878,-1.0980412242071802,5.221988,-3.380553,False,6,"[0.0078597, -0.0247818, 0.2999696]","[0.0783696, -0.0506523, 0.8574911]"
5969,5969,22,100.18050000000005,0.08145833,-4.723798,-0.3949339884586378,-1.0318224601191712,5.208808,-3.362479,False,6,"[0.0031425, -0.0257066, 0.3006828]","[0.077701, -0.0500781, 0.852338]"
5970,5970,22,100.1975000000001,-0.08177785,-4.48279,-0.4534070836170574,-0.7741483133487916,5.079626,-3.218715,False,6,"[0.0035896, -0.0250051, 0.3005778]","[0.0754418, -0.0477288, 0.8487171]"
5971,5971,22,100.21449999999993,-0.2169283,-4.393748,-0.5279996453152218,-0.6694071655672404,5.052825,-3.116418,False,6,"[0.001919, -0.0263206, 0.3008114]","[0.0746456, -0.0459649, 0.8442376]"
5972,5972,22,100.23149999999998,-0.2602412,-4.362767,-0.5513257464194168,-0.6334369666828952,4.843022,-2.981505,False,6,"[0.0015897, -0.0256311, 0.3007545]","[0.0712158, -0.0437776, 0.8405172]"
5973,5973,22,100.24750000000006,-0.6034924,-4.329694,-0.7865178108165136,-0.5571710009479691,4.746621,-2.829639,False,6,"[0.0017636, -0.0254475, 0.3011588]","[0.0694055, -0.0413141, 0.8358657]"
5974,5974,22,100.26450000000011,-0.5585485,-4.307991,-0.7495547364521735,-0.5415712670705854,4.645113,-2.873014,False,6,"[0.0013667, -0.0250994, 0.3009171]","[0.0675464, -0.041721, 0.8313341]"
5975,5975,22,100.28049999999996,-0.5067058,-4.075515,-0.6577696377770306,-0.31970322253937544,4.600717,-2.790627,False,6,"[0.0004283, -0.0248915, 0.3012295]","[0.0665201, -0.0402938, 0.8266373]"
5976,5976,22,100.29750000000001,-0.3868211,-3.707115,-0.48560570549333004,0.027076211035935493,4.694277,-2.732684,False,6,"[-0.0004296, -0.0235948, 0.3009556]","[0.0675057, -0.0392389, 0.8220929]"
5977,5977,22,100.31350000000009,1.469684,-3.750986,0.8184385131146265,-0.2527298737252468,4.756186,-2.868168,False,6,"[-0.0011423, -0.0231827, 0.3017164]","[0.0679725, -0.0409301, 0.8169549]"
5978,5978,22,100.33049999999992,1.082583,-4.485419,0.37035807779017993,-0.9251788443685927,4.884605,-2.941505,False,6,"[-0.0013691, -0.022996, 0.3014198]","[0.0693526, -0.0416995, 0.8115255]"
5979,5979,22,100.34749999999997,2.392251,-3.985302,1.4161167423776002,-0.6006357586171269,5.064353,-3.102652,False,6,"[-0.0031769, -0.0228348, 0.3016025]","[0.0714553, -0.0437054, 0.8063061]"
5980,5980,22,100.36450000000002,2.368438,-4.14903,1.3604653379703593,-0.7585117841729989,5.257521,-3.37978,False,6,"[-0.0029398, -0.0227166, 0.3015589]","[0.0736447, -0.0472642, 0.8003169]"
5981,5981,22,100.3805000000001,2.439319,-4.397048,1.3518884855675537,-1.011300812948602,5.332715,-3.503051,False,6,"[-0.0026691, -0.0215036, 0.3017992]","[0.0742308, -0.0486819, 0.7952465]"
5982,5982,22,100.39749999999992,2.166377,-4.483285,1.1382089643163247,-1.061256663025251,5.454382,-3.96625,False,6,"[-0.0020387, -0.0195653, 0.3019713]","[0.0753744, -0.0547316, 0.7893798]"
5983,5983,22,100.4135,2.226753,-5.030585,1.0512867727049486,-1.6068409481467318,5.233899,-4.482646,False,6,"[0.0077388, -0.0197753, 0.3016329]","[0.0717967, -0.0614456, 0.7837749]"
5984,5984,22,100.43150000000003,2.217732,-5.240594,0.995143204602204,-1.8120878354409955,5.30641,-4.219992,False,6,"[0.0056928, -0.0236321, 0.3012542]","[0.0723564, -0.0574817, 0.7790304]"
5985,5985,22,100.4475000000001,2.105493,-5.350813,0.8895622911980587,-1.90610156639654,5.468017,-4.340978,False,6,"[0.0125753, -0.020971, 0.3010096]","[0.0741445, -0.058796, 0.7745517]"
5986,5986,22,100.46449999999993,2.029975,-5.264551,0.8565319033446015,-1.8116952676777531,5.299102,-4.929515,False,6,"[0.0124504, -0.0218364, 0.3010214]","[0.07131, -0.0663109, 0.7688291]"
5987,5987,22,100.4805,2.216221,-4.985049,1.054618581925743,-1.5607453890521539,5.316116,-4.747786,False,6,"[0.0127914, -0.0230889, 0.3002692]","[0.0712063, -0.0635567, 0.7652397]"
5988,5988,22,100.49850000000004,2.268334,-4.883132,1.1156622681570008,-1.4672252827359848,5.346544,-4.966077,False,6,"[0.0113651, -0.0235568, 0.3004386]","[0.0712355, -0.0661398, 0.7611716]"
5989,5989,22,100.51450000000011,2.322039,-4.939293,1.1403803690343592,-1.5292673134467423,5.599942,-4.730381,False,6,"[0.0116532, -0.0263809, 0.2996925]","[0.0742467, -0.0626602, 0.757234]"
5990,5990,22,100.53049999999996,2.373396,-5.117071,1.134621844939435,-1.710535266051175,5.762414,-4.674046,False,6,"[0.0116117, -0.0275019, 0.2998409]","[0.076, -0.0615743, 0.75312]"
5991,5991,22,100.54750000000001,2.523246,-5.02179,1.2632928134613388,-1.6359977153839544,5.862013,-4.457958,False,6,"[0.0110221, -0.0280801, 0.2998029]","[0.0769348, -0.0584212, 0.749341]"
5992,5992,22,100.56450000000007,2.67775,-5.36587,1.291162959613438,-1.9938578128168727,6.088199,-4.370314,False,6,"[0.0106323, -0.0276403, 0.2999709]","[0.0794642, -0.0569377, 0.7450178]"
5993,5993,22,100.58049999999992,3.043081,-5.170305,1.5961581429589016,-1.8482331900831657,6.09116,-4.52701,False,6,"[0.011616, -0.0261814, 0.3001572]","[0.0791092, -0.0586952, 0.7413255]"
5994,5994,22,100.59749999999997,3.20142,-5.144645,1.714344465386268,-1.843201487215003,6.220806,-4.902653,False,6,"[0.0118907, -0.0256463, 0.3001898]","[0.0802786, -0.0631734, 0.7364856]"
5995,5995,22,100.61450000000002,3.383178,-5.470305,1.7658750971251276,-2.1864330639232854,6.266487,-5.118216,False,6,"[0.0121672, -0.0259314, 0.3000581]","[0.0805161, -0.0656747, 0.7332373]"
5996,5996,22,100.63150000000007,3.371557,-5.323802,1.7923575578002549,-2.040968227308012,6.568605,-5.243164,False,6,"[0.0124094, -0.0268108, 0.2994013]","[0.0839479, -0.0669016, 0.7290394]"
5997,5997,22,100.64749999999992,3.390076,-4.790755,1.9317618995626071,-1.5194502856522991,6.709223,-5.149267,False,6,"[0.0132043, -0.0263299, 0.299639]","[0.0853833, -0.0654073, 0.7258252]"
5998,5998,22,100.66449999999998,3.48257,-4.844263,1.9845718613079921,-1.583830235098266,6.94143,-4.923392,False,6,"[0.0139496, -0.0280148, 0.2982618]","[0.0879756, -0.0622467, 0.7226099]"
5999,5999,22,100.68050000000005,3.731128,-4.798314,2.1714418152386834,-1.5703606937158243,6.980562,-4.746913,False,6,"[0.015862, -0.0269981, 0.2983718]","[0.0882837, -0.0598743, 0.7210353]"
6000,6000,22,100.6975000000001,3.843762,-4.805479,2.2494911028196,-1.5917623999582275,7.048207,-4.617568,False,6,"[0.0166446, -0.0267919, 0.2975785]","[0.0888678, -0.0580527, 0.7187697]"
6001,6001,22,100.71449999999993,3.596787,-4.644497,2.1127692241966036,-1.4020618287693223,7.001035,-4.39933,False,6,"[0.0175755, -0.0284716, 0.2973034]","[0.088138, -0.0552171, 0.7177196]"
6002,6002,22,100.7305,3.82967,-4.764484,2.2492264893342995,-1.5496758671739848,7.168688,-4.322287,False,6,"[0.0174966, -0.0276754, 0.2969906]","[0.0900189, -0.0540951, 0.715718]"
6003,6003,22,100.74750000000006,4.004623,-4.852624,2.3522136661986695,-1.658605037287491,7.088801,-4.332222,False,6,"[0.017612, -0.0249178, 0.2973136]","[0.0889207, -0.0541683, 0.7150372]"
6004,6004,22,100.76450000000011,4.221911,-5.068269,2.454965552149087,-1.898243586966613,7.12247,-4.426791,False,6,"[0.0180729, -0.0251684, 0.2969713]","[0.0891309, -0.0552213, 0.7133048]"
6005,6005,22,100.78049999999996,4.071589,-5.14694,2.329895736080392,-1.9563966416941474,7.102086,-4.542256,False,6,"[0.0193745, -0.0249391, 0.2970964]","[0.0887895, -0.0566143, 0.712633]"
6006,6006,22,100.79750000000001,4.036661,-5.278966,2.273885735709367,-2.0816988452314327,7.019155,-4.81916,False,6,"[0.0199524, -0.0249656, 0.2969673]","[0.0875481, -0.0599486, 0.7110565]"
6007,6007,22,100.81450000000007,3.85434,-5.031986,2.203315171645643,-1.8157222498922847,6.712722,-4.913323,False,6,"[0.0186728, -0.0241332, 0.2970612]","[0.0836955, -0.0611296, 0.7111034]"
6008,6008,22,100.83150000000012,3.962383,-5.042473,2.277326882812662,-1.8398035040865954,6.589446,-5.019287,False,6,"[0.0198448, -0.0247091, 0.2964561]","[0.0820441, -0.0623782, 0.7102324]"
6009,6009,22,100.84849999999994,3.767925,-5.030592,2.1424621004445203,-1.8033350004875146,6.265763,-5.104155,False,6,"[0.020765, -0.0251814, 0.2966097]","[0.077984, -0.063441, 0.7102608]"
6010,6010,22,100.8655,3.744353,-5.177502,2.090965945635878,-1.9447130093866285,6.083201,-4.891637,False,6,"[0.0218406, -0.0262399, 0.2958629]","[0.0757094, -0.0607985, 0.7104016]"
6011,6011,22,100.88150000000007,3.779409,-5.120202,2.1293620583163486,-1.892867890239157,5.698529,-4.753464,False,6,"[0.0210574, -0.0266458, 0.2958231]","[0.0709667, -0.0591377, 0.7111793]"
6012,6012,22,100.89850000000013,3.839961,-5.091458,2.179044137289372,-1.8723381652203486,5.324257,-4.555927,False,6,"[0.0208418, -0.0272881, 0.2953355]","[0.066348, -0.0567296, 0.7119323]"
6013,6013,22,100.91549999999995,3.692698,-5.005937,2.0950414607551058,-1.7695132049262652,5.059751,-4.423972,False,6,"[0.0198991, -0.0260067, 0.2953583]","[0.0631499, -0.0551809, 0.713239]"
6014,6014,22,100.93150000000003,3.892975,-4.938326,2.2528598999584855,-1.7285987911824856,4.83329,-4.517963,False,6,"[0.0204229, -0.0260157, 0.2948429]","[0.0603796, -0.0564235, 0.7140658]"
6015,6015,22,100.94850000000008,3.692918,-4.871384,2.127076295720027,-1.637302470049951,4.586782,-4.489974,True,6,"[0.0193887, -0.0259153, 0.2944031]","[0.0574557, -0.056238, 0.7161735]"
6016,6016,22,100.96550000000013,3.782638,-5.176745,2.1182517543744823,-1.948850062265059,4.357313,-4.338962,True,6,"[0.0192249, -0.0266179, 0.2937596]","[0.0547207, -0.0544894, 0.7181533]"
6017,6017,22,100.98249999999996,0.8591114,-5.884487,-0.11933900238656214,-2.271693008042444,4.030761,-4.151559,True,6,"[0.0193974, -0.0263108, 0.2936371]","[0.0507683, -0.052295, 0.7204618]"
6018,6018,22,100.99850000000004,0.7895627,-5.558856,-0.09143033945681933,-1.9427957258804804,3.801857,-4.109416,True,6,"[0.0196502, -0.0260841, 0.2927593]","[0.0480718, -0.0519735, 0.723401]"
6019,6019,22,101.01550000000009,-0.2478899,-5.261959,-0.7556225512279398,-1.5187381898402457,3.601625,-4.330299,True,6,"[0.0188711, -0.025612, 0.2923977]","[0.0457354, -0.0550208, 0.7266139]"
6020,6020,22,101.03350000000012,-0.6105625,-5.738066,-1.1252031655308037,-1.940418612535411,3.336453,-4.51762,True,6,"[0.0198527, -0.0252072, 0.2917365]","[0.0425776, -0.0577053, 0.7303439]"
6021,6021,22,101.04849999999999,-1.124525,-6.206761,-1.6001436064438446,-2.33552625740276,3.064764,-4.652839,False,6,"[0.0188002, -0.0248252, 0.2912822]","[0.0393296, -0.0597837, 0.7345661]"
6022,6022,22,101.06550000000004,-1.338129,-5.691627,-1.6293304979828753,-1.8020193883808746,2.873495,-4.727936,False,6,"[0.0192045, -0.0263159, 0.2904687]","[0.0371152, -0.0611555, 0.7394337]"
6023,6023,22,101.0825000000001,-1.343783,-6.107778,-1.7319305195778973,-2.2102920441226344,2.788761,-4.535592,False,6,"[0.0043493, -0.0298936, 0.2900423]","[0.0362948, -0.0591061, 0.7450964]"
6024,6024,22,101.09949999999992,-1.198891,-6.433412,-1.7064955066584546,-2.5487979462156423,2.941607,-4.492937,False,6,"[0.0039928, -0.0281975, 0.2897221]","[0.0385841, -0.0590016, 0.75087]"
6025,6025,22,101.1155,-0.957428,-6.302457,-1.5045088272843694,-2.4508798921161805,2.688284,-4.94173,False,6,"[-0.0012556, -0.026728, 0.2902139]","[0.0355118, -0.0653938, 0.7563131]"
6026,6026,22,101.13150000000007,-1.040726,-6.19174,-1.5372535731651644,-2.3314473140568106,2.683296,-4.65524,False,6,"[-0.0030847, -0.0290862, 0.28946]","[0.0357541, -0.062121, 0.7628896]"
6027,6027,22,101.14850000000013,-0.9336131,-5.892048,-1.3904109955327515,-2.0505658483293967,3.118844,-4.098234,False,6,"[-0.0056734, -0.0314331, 0.2890285]","[0.0419959, -0.0552233, 0.7707375]"
6028,6028,22,101.16549999999995,-0.8968292,-5.987908,-1.3870790477448653,-2.1494667785156887,3.521075,-4.502314,False,6,"[-0.0067637, -0.0288587, 0.2895552]","[0.0477546, -0.0611116, 0.7760957]"
6029,6029,22,101.1825,-0.7338998,-5.784023,-1.2234165484287836,-1.9698606596669963,3.525487,-4.525113,False,6,"[-0.0067995, -0.031017, 0.2898607]","[0.0482004, -0.061918, 0.7823585]"
6030,6030,22,101.19850000000008,-0.7057377,-6.09721,-1.2776793507689115,-2.2812515075245727,3.5393,-4.21876,False,6,"[-0.00606, -0.0326514, 0.2895696]","[0.0487825, -0.0581787, 0.7887079]"
6031,6031,22,101.21550000000013,-0.601605,-6.221115,-1.233307846294114,-2.4163015198156828,3.442538,-4.085903,False,6,"[-0.0048476, -0.0320365, 0.2900692]","[0.0478456, -0.0568153, 0.795358]"
6032,6032,22,101.23249999999996,-0.6718619,-6.362675,-1.316590181761769,-2.546469591493148,3.457651,-4.284637,False,6,"[-0.005275, -0.0315023, 0.2903734]","[0.0483877, -0.06, 0.8008458]"
6033,6033,22,101.24950000000001,-0.6773261,-6.317676,-1.3097975097965504,-2.501547900571347,3.551754,-4.311733,False,6,"[-0.0047371, -0.0299991, 0.2906899]","[0.0500891, -0.0608438, 0.8069857]"
6034,6034,22,101.26550000000009,-0.6239041,-6.053776,-1.209449083920327,-2.2489976749068346,3.717544,-4.297873,False,6,"[-0.0045516, -0.0304988, 0.2907668]","[0.0527761, -0.0610437, 0.812258]"
6035,6035,22,101.28250000000014,-0.5216281,-5.913098,-1.1037056288539568,-2.1237786140456887,3.62265,-4.298274,False,6,"[-0.0037293, -0.0294899, 0.2911304]","[0.0517978, -0.0614916, 0.8181415]"
6036,6036,22,101.29949999999997,-0.675859,-5.890499,-1.2075495439514752,-2.0819050878164704,3.581518,-4.156724,False,6,"[-0.003585, -0.0310888, 0.2910392]","[0.0515303, -0.0598334, 0.8232883]"
6037,6037,22,101.31550000000004,-0.6531894,-5.920856,-1.1986914220448623,-2.1146301624920074,3.588387,-3.724148,False,6,"[-0.0030563, -0.0317289, 0.2910703]","[0.0519911, -0.0539636, 0.8290564]"
6038,6038,22,101.33450000000005,-0.6133299,-6.061965,-1.2039025486329025,-2.2583939562731388,3.645596,-3.3581,False,6,"[-0.0034116, -0.0324406, 0.2909254]","[0.0531452, -0.0489441, 0.8341264]"
6039,6039,22,101.35050000000012,-0.4458871,-6.018512,-1.075054955118547,-2.237035942574103,3.628438,-2.934617,False,6,"[-0.003445, -0.0322626, 0.2914066]","[0.0532166, -0.0430207, 0.8392059]"
6040,6040,22,101.36749999999995,-0.4661994,-5.845953,-1.0485527508268722,-2.0648551791888856,3.811673,-2.892093,False,6,"[-0.0031771, -0.0309415, 0.2917544]","[0.0561695, -0.0425917, 0.8430747]"
6041,6041,22,101.38350000000003,1.102385,-4.160654,0.4613234361509211,-0.608524171241446,3.711177,-2.869377,False,6,"[-0.0026604, -0.0302649, 0.2922136]","[0.0549702, -0.0424775, 0.8474823]"
6042,6042,22,101.40050000000008,1.133155,-4.206697,0.47220036688522726,-0.6576981943358975,3.866558,-2.75485,False,6,"[-0.0034458, -0.0301368, 0.2921011]","[0.0575154, -0.040948, 0.8509859]"
6043,6043,22,101.41750000000013,0.856308,-4.153576,0.2887735360214658,-0.570195047460456,3.973335,-2.668113,False,6,"[-0.0033354, -0.030341, 0.2925625]","[0.0593709, -0.0398327, 0.8547604]"
6044,6044,22,101.43449999999996,0.9342695,-4.210865,0.33039841490899324,-0.6364381881983032,3.976722,-2.526069,False,6,"[-0.0031309, -0.0310593, 0.2924669]","[0.0596455, -0.0378513, 0.8579795]"
6045,6045,22,101.45150000000001,0.5885215,-3.99528,0.13668036538295902,-0.3804809782307439,3.924015,-2.236735,False,6,"[-0.002277, -0.0308471, 0.2925813]","[0.0591512, -0.0336812, 0.8623341]"
6046,6046,22,101.46850000000006,0.5198726,-4.20538,0.038297631073913374,-0.578215217372267,3.932221,-2.250808,False,6,"[-0.0023808, -0.0299579, 0.2925954]","[0.0594731, -0.0340065, 0.8652121]"
6047,6047,22,101.48550000000012,0.713299,-3.974412,0.22996920504718055,-0.37588003200784437,3.914919,-2.103722,False,6,"[0.0056509, -0.0213628, 0.293667]","[0.0594829, -0.0319283, 0.8691913]"
6048,6048,22,101.50249999999994,0.8305184,-4.050974,0.2948231001824706,-0.4660697607377573,4.076936,-1.909174,False,6,"[0.0058, -0.0215676, 0.2932258]","[0.0621396, -0.0290608, 0.8718126]"
6049,6049,22,101.51850000000002,0.8138445,-3.839896,0.33302749905979023,-0.25649636409783527,4.130162,-1.741793,False,6,"[0.0043945, -0.0213516, 0.2940153]","[0.0631733, -0.0266038, 0.874855]"
6050,6050,22,101.53550000000007,1.021616,-3.814598,0.48612713712128375,-0.25812268568748475,4.2413,-1.5844,False,6,"[0.004792, -0.0216353, 0.2938542]","[0.0650266, -0.0242534, 0.8768404]"
6051,6051,22,101.55149999999992,0.6414666,-3.653976,0.2550301387609758,-0.051797245915956136,4.258938,-1.424279,False,6,"[0.0030247, -0.0205662, 0.294459]","[0.0654977, -0.021868, 0.8795219]"
6052,6052,22,101.56949999999995,0.7762892,-3.731813,0.3320453299528979,-0.14548431354153957,4.342497,-1.318679,False,6,"[0.0026685, -0.0216247, 0.2940938]","[0.0669341, -0.0202904, 0.8814508]"
6053,6053,22,101.58450000000005,0.6776251,-3.693335,0.27130583437698486,-0.09508921999893705,4.382971,-1.054984,False,6,"[0.0036693, -0.0204765, 0.2947184]","[0.0677731, -0.0162831, 0.8842261]"
6054,6054,22,101.6015000000001,0.7412938,-3.81903,0.286604015337091,-0.22673960736890342,4.457992,-0.8249132,False,6,"[0.0042704, -0.0208627, 0.2945839]","[0.0690651, -0.012755, 0.8858589]"
6055,6055,22,101.61849999999993,0.5060464,-3.758128,0.1344739550344376,-0.13689290636521978,4.528502,-0.6419249,False,6,"[0.0041886, -0.0197912, 0.2948653]","[0.0704095, -0.0099603, 0.8889835]"
6056,6056,22,101.6345,-0.4687179,-3.841897,-0.5755234129038871,-0.09494644279431697,4.603914,-0.470273,False,6,"[0.0052566, -0.0196546, 0.2947778]","[0.0716955, -0.0073078, 0.8903301]"
6057,6057,22,101.65150000000006,0.2834524,-3.732029,-0.016943001708675576,-0.08286382612803811,4.649068,-0.1849408,False,6,"[0.0033039, -0.0188447, 0.295092]","[0.0726464, -0.0028836, 0.893339]"
6058,6058,22,101.66850000000011,0.312871,-3.688479,0.01420400311246972,-0.04381349299612358,4.673695,0.02779324,False,6,"[0.0039935, -0.0192237, 0.294731]","[0.0731404, 0.000434, 0.8946528]"
6059,6059,22,101.68549999999993,0.2623347,-3.465703,0.03120478241014457,0.18157389296453408,4.679115,0.234666,False,6,"[0.00349, -0.0190473, 0.2950766]","[0.0734655, 0.0036763, 0.8975841]"
6060,6060,22,101.70150000000001,0.3569458,-3.408495,0.11174516019847136,0.22573579285143763,4.799157,0.4475121,False,6,"[0.003813, -0.0196721, 0.2946974]","[0.0754643, 0.0070206, 0.8988388]"
6061,6061,22,101.71850000000006,0.2297251,-3.555846,-0.01324058844151943,0.09713875375200542,4.979467,0.7329224,False,6,"[0.0026075, -0.0193916, 0.2952174]","[0.0785945, 0.0115397, 0.9020617]"
6062,6062,22,101.73850000000004,0.493055,-3.158699,0.2672959827164598,0.45388263701524156,5.144994,0.9546292,False,6,"[-0.0024226, -0.0198869, 0.2961361]","[0.0813087, 0.0150473, 0.9030366]"
6063,6063,22,101.75149999999996,0.2745382,-3.086718,0.12963638303856562,0.5524847685806189,5.399615,1.127576,False,6,"[0.0014614, -0.0192686, 0.2954016]","[0.0856211, 0.0178292, 0.9058412]"
6064,6064,22,101.76850000000002,0.4070729,-3.161693,0.20570978214651708,0.4619021656237625,5.73965,1.222224,False,6,"[0.0016106, -0.0190136, 0.2949433]","[0.0910942, 0.019336, 0.9062999]"
6065,6065,22,101.7845000000001,1.927544,-2.103141,1.5330283972373422,1.308399843830113,6.054034,1.23807,False,6,"[0.0013544, -0.0179141, 0.295798]","[0.096332, 0.0196299, 0.9082972]"
6066,6066,22,101.80250000000012,2.175568,-1.78249,1.7846042484250382,1.5919147849583952,6.363957,1.126574,False,6,"[0.0018389, -0.0175802, 0.2951693]","[0.1013266, 0.0178657, 0.9085063]"
6067,6067,22,101.81849999999997,2.411371,-2.48438,1.7852611176427184,0.8720337917117886,6.660041,1.160529,False,6,"[0.0011873, -0.0184006, 0.2961107]","[0.1062369, 0.0184311, 0.9098272]"
6068,6068,22,101.83550000000002,2.156829,-2.715553,1.5502700500609645,0.6772888851378585,7.04012,0.9878339,False,6,"[0.002544, -0.0163143, 0.2956252]","[0.1123268, 0.0156833, 0.9095624]"
6069,6069,22,101.8515000000001,6.855802,-1.218199,5.2319876235526594,1.5498077649072797,7.252086,0.7054878,False,6,"[0.0014225, -0.0160084, 0.2968612]","[0.1158198, 0.0112074, 0.9101535]"
6070,6070,22,101.86849999999993,7.384623,-1.253658,5.598001077833432,1.4475381630681246,7.738709,0.6539076,False,6,"[0.0021032, -0.0163513, 0.2960147]","[0.1235439, 0.0103761, 0.9091243]"
6071,6071,22,101.8845,5.534822,-2.0156,4.107785627166669,0.9345359446983066,8.322662,0.9041678,False,6,"[0.0100199, -0.0109335, 0.2977267]","[0.1328368, 0.0143308, 0.9080484]"
6072,6072,22,101.90150000000006,5.95172,-2.144971,4.372305449905374,0.754238855497106,8.935477,0.848782,False,6,"[0.0112812, -0.0092415, 0.2969596]","[0.1425325, 0.0134302, 0.9065206]"
6073,6073,22,101.91850000000011,7.493823,-2.868003,5.292836698244322,-0.15296337095580315,9.46172,1.293895,False,6,"[0.0125459, -0.0129262, 0.2979228]","[0.1509048, 0.0204519, 0.9054875]"
6074,6074,22,101.93449999999996,7.703918,-3.086368,5.3898513751455015,-0.3943580882572677,10.40398,1.726373,False,6,"[0.0111865, -0.0140883, 0.297028]","[0.1657898, 0.0272154, 0.9029642]"
6075,6075,22,101.95150000000001,7.898008,-1.688656,5.858424492450847,0.9545693179839194,11.219,2.052484,False,6,"[0.0359087, -0.006351, 0.2986647]","[0.1786316, 0.0322752, 0.9005883]"
6076,6076,22,101.96850000000006,7.977171,-2.090157,5.819347366652826,0.5498811996232895,11.34878,2.04243,False,6,"[0.0385453, -0.0065084, 0.2974072]","[0.1807405, 0.0321148, 0.9005274]"
6077,6077,22,101.98450000000014,7.573745,-2.086278,5.53463367095273,0.6051270900225547,11.45257,2.19872,False,6,"[0.0288525, -0.0104787, 0.2977474]","[0.1822918, 0.0345469, 0.8998047]"
6078,6078,22,102.00149999999996,7.801977,-2.010697,5.714133041982123,0.65031038520927,11.11564,2.205719,False,6,"[0.0309164, -0.0111072, 0.2965537]","[0.1771339, 0.0347244, 0.9015561]"
6079,6079,22,102.01850000000002,7.674067,-1.830782,5.666197000830624,0.8434384815761065,10.87817,2.456792,False,6,"[0.0390501, -0.0148722, 0.296862]","[0.1733715, 0.0387074, 0.9021569]"
6080,6080,22,102.0345000000001,7.788197,-2.076429,5.688802954976699,0.5874657697380785,10.73829,2.526263,False,6,"[0.0400251, -0.0159537, 0.2958797]","[0.1714483, 0.039887, 0.9040524]"
6081,6081,22,102.05149999999992,7.518625,-1.952305,5.52734939192245,0.7438232103599169,10.40187,2.633118,False,6,"[0.041236, -0.0087632, 0.2972475]","[0.1660261, 0.0415942, 0.9044387]"
6082,6082,22,102.06949999999995,7.694494,-1.98585,5.643920074540609,0.688433261966956,10.02184,2.703972,False,6,"[0.0414986, -0.0108078, 0.2961337]","[0.1602811, 0.042835, 0.9069774]"
6083,6083,22,102.08450000000005,7.730958,-1.869125,5.697392389056902,0.7985018041483198,9.939673,3.114186,False,6,"[0.0394722, -0.0108145, 0.2968683]","[0.1590743, 0.049387, 0.9077432]"
6084,6084,22,102.1015000000001,7.890487,-1.971125,5.78617531064124,0.6779174536069323,9.764964,3.319721,False,6,"[0.0406396, -0.010413, 0.2966003]","[0.1565562, 0.052766, 0.9096797]"
6085,6085,22,102.11849999999993,7.655746,-1.842614,5.6504221038331615,0.8341457654355091,9.338886,3.324198,False,6,"[0.0399759, -0.0094831, 0.2966792]","[0.1499366, 0.0529562, 0.9117277]"
6086,6086,22,102.1345,7.869583,-2.006706,5.762944854289644,0.6456135155036691,9.101857,3.584888,False,6,"[0.0405168, -0.0107404, 0.2962338]","[0.1464497, 0.0572699, 0.914126]"
6087,6087,22,102.15150000000006,7.603264,-1.940389,5.590098505563241,0.7447434642006141,8.922418,3.888117,False,6,"[0.039103, -0.0100991, 0.2962723]","[0.1437754, 0.0622412, 0.9157861]"
6088,6088,22,102.16850000000011,7.739393,-1.88122,5.700498900977493,0.7855394342186477,8.700394,4.093554,False,6,"[0.0400512, -0.0102786, 0.2964393]","[0.1405388, 0.0657267, 0.9183832]"
6089,6089,22,102.18449999999996,3.805991,0.7302395,3.534302851723442,3.8535611411402337,8.274977,4.191517,False,6,"[0.0402147, -0.0096671, 0.2962286]","[0.133796, 0.06742, 0.9199509]"
6090,6090,22,102.20150000000001,3.826128,0.7474605,3.5526403016757815,3.8679186447177676,7.834385,4.301656,False,6,"[0.0410749, -0.0102, 0.296372]","[0.1270484, 0.0694542, 0.9233546]"
6091,6091,22,102.21850000000006,2.692784,0.3329349,2.6520009492296044,3.605014939485225,7.458663,4.486849,False,6,"[0.0397728, -0.0095189, 0.2958866]","[0.1212085, 0.0726507, 0.9258314]"
6092,6092,22,102.23550000000012,2.738966,0.2983129,2.6764957771162075,3.565100575806135,6.978189,4.605295,False,6,"[0.0409207, -0.0103731, 0.2960537]","[0.1137726, 0.0748746, 0.9295288]"
6093,6093,22,102.25149999999996,1.4897,0.3618647,1.8070504508352299,3.7868308089127085,6.619774,4.741971,False,6,"[0.0394392, -0.0100097, 0.2954545]","[0.1082217, 0.0773544, 0.9325138]"
6094,6094,22,102.26850000000002,1.578159,0.1887717,1.828670794957121,3.6054370676865486,6.204926,4.800527,False,6,"[0.0402079, -0.0097173, 0.2958519]","[0.1017979, 0.0786333, 0.9363163]"
6095,6095,22,102.2845000000001,0.43296,0.407969,1.0697831695980051,3.9668680929357305,5.607422,4.730085,False,6,"[0.0197244, 0.0037791, 0.2964955]","[0.0923471, 0.0778265, 0.9405741]"
6096,6096,22,102.30149999999992,0.2585538,0.4027788,0.9450708087104478,3.984002564132693,5.222517,4.784463,False,6,"[0.0198487, 0.003872, 0.2967894]","[0.0863465, 0.0790687, 0.9446756]"
6097,6097,22,102.31849999999997,-0.767626,0.3541183,0.20698846686495775,4.067008753552063,4.818066,4.939367,False,6,"[0.0139216, 0.00172, 0.2959998]","[0.0799334, 0.0819557, 0.948315]"
6098,6098,22,102.33450000000005,-0.8639861,0.2957337,0.12493099935404128,4.021913473946657,4.319552,4.931702,False,6,"[0.014165, 0.0015416, 0.2960888]","[0.0719714, 0.0822183, 0.9528399]"
6099,6099,22,102.3515000000001,-2.06251,-0.1487684,-0.8289590779659668,3.7378587622709545,3.863356,4.92717,False,6,"[0.0076877, 0.001867, 0.295613]","[0.0646342, 0.0825104, 0.957109]"
6100,6100,22,102.36849999999993,-2.237156,-0.226659,-0.9710658186289354,3.683573801758955,3.298636,4.994173,False,6,"[0.008148, 0.0009744, 0.2957405]","[0.0554551, 0.0840799, 0.9621649]"
6101,6101,22,102.3845,-2.294534,-0.1624451,-0.9964765289445467,3.7539985065468917,2.732915,5.077458,False,6,"[0.0022298, 0.0021011, 0.2950754]","[0.0461406, 0.0858842, 0.966608]"
6102,6102,22,102.40150000000006,-2.508879,-0.0929193,-1.1317641206801654,3.849655794502985,2.311905,5.117897,False,6,"[0.0013309, 0.0020733, 0.2949311]","[0.0392512, 0.0870756, 0.9722326]"
6103,6103,22,102.41850000000011,-2.402202,-0.05727972,-1.0477909868494477,3.871081929742147,1.892228,4.965372,False,6,"[-0.0039379, 0.0018165, 0.2939104]","[0.0322984, 0.0849357, 0.9776238]"
6104,6104,22,102.43549999999993,-2.72658,-0.07177917,-1.2808916310522587,3.898187475228129,1.532958,4.779806,False,6,"[-0.0044366, 0.0015185, 0.2941924]","[0.0263394, 0.0822984, 0.9842259]"
6105,6105,22,102.45150000000001,-2.697451,-0.3237083,-1.3199562840362893,3.646877633072641,1.015035,4.577147,False,6,"[-0.0105603, -0.0007614, 0.2932351]","[0.0175375, 0.0792431, 0.9898374]"
6106,6106,22,102.46850000000006,-3.179541,-0.04405065,-1.595026415792649,3.983188009211442,0.5890348,4.387532,False,6,"[-0.0114549, -0.00116, 0.2932233]","[0.0102502, 0.0764977, 0.9970121]"
6107,6107,22,102.48550000000012,-2.805004,-0.00833983,-1.3213867941589195,3.9705341395195157,0.3340413,4.309988,False,6,"[-0.0117053, -0.0008283, 0.292132]","[0.0058523, 0.0756521, 1.0038]"
6108,6108,22,102.50249999999994,-3.182078,0.2092538,-1.5368083085835273,4.232459248322922,0.1125414,4.128878,False,6,"[-0.012805, -0.0004739, 0.2922428]","[0.0019867, 0.0730141, 1.011451]"
6109,6109,22,102.51850000000002,-2.740588,0.742854,-1.0978019637133385,4.700595436805166,-0.07263964,3.957237,False,6,"[-0.0122302, -0.0002915, 0.2915367]","[-0.0012921, 0.0705, 1.019126]"
6110,6110,22,102.53550000000007,-2.978698,-0.07291603,-1.4596649777445925,3.929213208272438,-0.296397,3.796309,False,6,"[-0.0138836, -0.0003652, 0.2915261]","[-0.0053138, 0.0681595, 1.027191]"
6111,6111,22,102.55149999999992,-2.894305,0.5866395,-1.2436475519870915,4.566665411185113,-0.2619938,3.885162,False,6,"[-0.0137042, -0.0016434, 0.2908722]","[-0.0047337, 0.0703036, 1.035201]"
6112,6112,22,102.56949999999995,-2.811311,0.4717579,-1.2121047444718684,4.443178618896049,-0.1508469,3.753688,False,6,"[-0.0161625, -0.0002237, 0.290951]","[-0.0027481, 0.0684819, 1.043802]"
6113,6113,22,102.58550000000002,-4.997346,-1.359488,-3.1937254371097135,2.9221309356664644,-0.1168169,3.509979,False,6,"[-0.0142368, -4.23e-05, 0.2905731]","[-0.002144, 0.0645013, 1.051581]"
6114,6114,22,102.60250000000008,-5.233386,-1.167454,-3.31534812413249,3.140955308784626,0.0798526,3.268163,False,6,"[-0.0161724, 0.0010624, 0.2908964]","[0.0014784, 0.0605736, 1.060793]"
6115,6115,22,102.61849999999993,-4.638624,-1.291579,-2.923654536599794,2.943137746666355,0.2590407,2.48101,False,6,"[-0.0139441, 0.003777, 0.2912975]","[0.0048311, 0.0462994, 1.068558]"
6116,6116,22,102.63549999999998,-4.655889,-1.161087,-2.9049615458320397,3.0735865263218143,-0.0600022,2.70788,False,6,"[-0.0151354, -0.0003702, 0.2908691]","[-0.0011284, 0.0509612, 1.077479]"
6117,6117,22,102.65150000000006,-4.393654,-1.52581,-2.8057068079868275,2.6817036282632625,0.3426656,2.54386,False,6,"[-0.0147004, 0.0029772, 0.2907623]","[0.0064976, 0.0482677, 1.086426]"
6118,6118,22,102.66850000000011,-4.594127,-1.625716,-2.971315535900782,2.609074654224662,0.07906578,1.889289,False,6,"[-0.0143084, 0.0023992, 0.2913772]","[0.0015116, 0.0361334, 1.095408]"
6119,6119,22,102.68549999999993,-3.632798,-2.136996,-2.4118130310162043,1.984026508429773,0.3345177,2.107483,False,6,"[-0.0253667, -0.0068846, 0.2900977]","[0.0064441, 0.0406161, 1.103725]"
6120,6120,22,102.70150000000001,-3.418349,-2.167207,-2.267137116781031,1.9269945744188115,0.7249329,1.815409,False,6,"[-0.0266825, -0.0059365, 0.2913104]","[0.0140787, 0.0352665, 1.112666]"
6121,6121,22,102.71850000000006,-2.603581,-2.579772,-1.7880142616281827,1.4176489619898622,0.9933921,1.616156,False,6,"[-0.0235439, -0.0065424, 0.2901762]","[0.019432, 0.0316192, 1.120663]"
6122,6122,22,102.73550000000012,-2.435913,-2.6336,-1.6820555968869542,1.3433704291932012,1.225918,1.407555,False,6,"[-0.0237753, -0.0059168, 0.2919366]","[0.0241611, 0.0277423, 1.129047]"
6123,6123,22,102.75149999999996,-1.603196,-3.145676,-1.2138012516171426,0.7339369811597103,1.550248,1.18197,False,6,"[-0.0223647, -0.0077533, 0.2910768]","[0.0307691, 0.0234571, 1.136919]"
6124,6124,22,102.76850000000002,-1.426377,-2.959606,-1.0445255025938214,0.8942636919333737,2.014421,1.189075,False,6,"[-0.0235026, -0.0083012, 0.2924848]","[0.0402485, 0.0237516, 1.144309]"
6125,6125,22,102.78550000000007,-1.420072,-2.903615,-1.0267957413406914,0.9484878487965647,2.596923,1.111419,False,6,"[-0.0185169, -0.010883, 0.2916526]","[0.0521976, 0.0223268, 1.150844]"
6126,6126,22,102.80149999999992,-1.425738,-2.817121,-1.010314713144446,1.034216582826287,2.879492,0.9451161,False,6,"[-0.0175187, -0.0110988, 0.2932866]","[0.0582252, 0.0190965, 1.157581]"
6127,6127,22,102.81849999999997,-1.460842,-2.754367,-1.0203009261099973,1.1003667390162337,3.042615,1.075483,False,6,"[-0.0132874, -0.0131657, 0.2922073]","[0.061839, 0.0218404, 1.163401]"
6128,6128,22,102.83550000000002,-1.320739,-2.690466,-0.9059657358610971,1.145306668571696,3.202247,1.255421,False,6,"[-0.0124982, -0.0135138, 0.2937958]","[0.0654605, 0.0256408, 1.170024]"
6129,6129,22,102.85250000000008,-1.413029,-2.867073,-1.0131514320621715,0.9835034256369406,3.329367,1.438838,False,6,"[-0.0081791, -0.0160604, 0.2922315]","[0.0683984, 0.0295324, 1.175757]"
6130,6130,22,102.86950000000013,-1.462229,-2.782771,-1.028012585736532,1.0726280992884423,3.380346,1.452698,False,6,"[-0.0073211, -0.0152011, 0.2940204]","[0.0698045, 0.02997, 1.18179]"
6131,6131,22,102.88549999999998,-1.334865,-2.810655,-0.9444430628024967,1.0289857874104409,3.424645,1.560021,False,6,"[-0.0072675, -0.0148696, 0.2931644]","[0.0709987, 0.0323114, 1.186424]"
6132,6132,22,102.90250000000003,-1.315822,-2.74369,-0.9150945494203562,1.0923712055074195,3.581822,1.632533,False,6,"[-0.0073414, -0.0145147, 0.2949681]","[0.0745858, 0.0339598, 1.19154]"
6133,6133,22,102.91950000000008,-1.268791,-2.779554,-0.890292876331618,1.0511279626062247,3.743714,1.626462,False,6,"[-0.0075001, -0.0141491, 0.2940993]","[0.0782181, 0.0339427, 1.195388]"
6134,6134,22,102.93650000000014,-1.411257,-2.653724,-0.9613489519235068,1.1929570571297794,3.705596,1.624092,False,6,"[-0.0068175, -0.0138956, 0.2957006]","[0.0777103, 0.0340205, 1.199877]"
6135,6135,22,102.95249999999999,-1.387541,-2.881807,-0.9985963421285209,0.9657733227754726,3.845981,1.749973,False,6,"[-0.0072642, -0.0147486, 0.2944918]","[0.080881, 0.0367581, 1.203121]"
6136,6136,22,102.96950000000004,-1.398711,-2.840297,-0.996670111260638,1.0079934661615595,3.974915,1.834118,False,6,"[-0.007561, -0.0143976, 0.2962059]","[0.0838718, 0.0386515, 1.207016]"
6137,6137,22,102.98550000000012,0.4780802,-2.114437,0.5041061224492313,1.482093233688023,4.020296,1.922236,False,6,"[-0.0068767, -0.0144883, 0.2951105]","[0.085066, 0.0406213, 1.210339]"
6138,6138,22,103.00249999999994,0.3399073,-2.109795,0.40737707908604287,1.5042713403879833,3.942333,1.850859,False,6,"[-0.00681, -0.0142082, 0.2964785]","[0.0836533, 0.0392255, 1.213854]"
6139,6139,22,103.0195,0.588448,-2.225441,0.5559487669702746,1.3589274076183986,3.990716,1.893572,False,6,"[-0.0065475, -0.0143526, 0.2956223]","[0.0848625, 0.0402163, 1.216423]"
6140,6140,22,103.03550000000007,0.4494598,-2.104126,0.4862853153980565,1.495875765123023,4.08339,1.843377,False,6,"[-0.0073145, -0.0137612, 0.2969022]","[0.0870306, 0.0392355, 1.219095]"
6141,6141,22,103.05250000000012,0.569858,-2.243513,0.5385049965137476,1.343536310445368,4.056386,1.760318,False,6,"[-0.0071792, -0.0149202, 0.2963915]","[0.0866019, 0.037531, 1.221194]"
6142,6142,22,103.06949999999995,0.3367532,-2.464908,0.32100850504735773,1.1556681566497922,4.180614,1.856041,False,6,"[-0.0072692, -0.0147704, 0.2977117]","[0.0893971, 0.0396325, 1.223022]"
6143,6143,22,103.08550000000002,0.5022904,-2.393597,0.45510717779352483,1.204647981205492,4.099334,1.843354,False,6,"[0.0024824, -0.0109836, 0.2974923]","[0.0877371, 0.0393992, 1.224196]"
6144,6144,22,103.10250000000008,0.3129623,-2.374372,0.32561443793950773,1.2476801517239906,4.089766,1.871567,False,6,"[0.0017713, -0.010999, 0.298566]","[0.0876357, 0.0400502, 1.225651]"
6145,6145,22,103.11950000000013,0.5791733,-2.43019,0.5008718042583764,1.1588823967594961,4.141986,1.886102,False,6,"[0.0030632, -0.0115901, 0.2982475]","[0.0888071, 0.0403835, 1.226321]"
6146,6146,22,103.13549999999998,0.4272733,-2.475863,0.38250281238493206,1.1333609821127069,4.119539,1.831656,False,6,"[0.0023477, -0.0109956, 0.2992776]","[0.0883592, 0.0392325, 1.226807]"
6147,6147,22,103.15250000000003,0.6411777,-2.360788,0.5612151354114795,1.2191856633531706,4.016756,1.814714,False,6,"[0.0029747, -0.0117167, 0.2990738]","[0.0861859, 0.0388868, 1.227358]"
6148,6148,22,103.17050000000006,0.5995389,-2.372914,0.5288611681538264,1.21257683785424,4.048738,1.851984,False,6,"[0.0017634, -0.0129154, 0.3000286]","[0.0868491, 0.0396744, 1.227]"
6149,6149,22,103.18650000000014,0.7117396,-2.261448,0.6347104108979553,1.3078210042330762,4.044942,2.067041,False,6,"[0.0026276, -0.0125282, 0.2997146]","[0.0866967, 0.0442492, 1.226001]"
6150,6150,22,103.20349999999996,0.6642584,-1.842197,0.7004242426022342,1.7259146575618771,4.069407,2.114035,False,6,"[0.0016447, -0.012485, 0.3011012]","[0.087147, 0.0452168, 1.224934]"
6151,6151,22,103.21950000000004,0.8092729,-2.14535,0.7312723155773199,1.4094874803199775,4.068114,2.207646,False,6,"[0.0030399, -0.0127627, 0.3007207]","[0.0869615, 0.0471354, 1.222717]"
6152,6152,22,103.23550000000012,0.6499791,-1.952577,0.6641623812827169,1.619253613037026,3.950292,2.269066,False,6,"[0.0022499, -0.0130448, 0.301692]","[0.0843018, 0.0483719, 1.220792]"
6153,6153,22,103.25249999999994,0.8455392,-1.980845,0.795924967565716,1.5665394453165722,3.998748,2.490536,False,6,"[0.0033752, -0.0124337, 0.3015926]","[0.0851222, 0.0529638, 1.217687]"
6154,6154,22,103.2695,1.221026,-2.25613,0.9965541449868602,1.2481175728385514,3.978712,2.673403,False,6,"[0.0031672, -0.0125421, 0.3026659]","[0.0845009, 0.0567283, 1.214906]"
6155,6155,22,103.28550000000007,1.131007,-2.172045,0.9527410057423356,1.3422330765952148,3.946173,2.803511,False,6,"[0.0037541, -0.0119336, 0.3021901]","[0.0835694, 0.0593244, 1.211453]"
6156,6156,22,103.30250000000012,0.2867624,-1.35737,0.5480184126122517,2.250530712179895,3.860477,2.70806,False,6,"[0.003518, -0.0097593, 0.3034292]","[0.0815203, 0.0571411, 1.208063]"
6157,6157,22,103.31949999999995,0.5462931,-2.229809,0.5250674618060547,1.360008948626524,3.850206,2.753166,False,6,"[0.0042779, -0.0113451, 0.3028513]","[0.081035, 0.057903, 1.204084]"
6158,6158,22,103.33550000000002,0.9013366,-1.847317,0.8670667340808669,1.6906571329899946,3.858786,2.869614,False,6,"[0.0034448, -0.0103521, 0.303651]","[0.0809382, 0.0601495, 1.199964]"
6159,6159,22,103.35250000000008,0.9584646,-1.902676,0.8943983938484501,1.628966903167691,3.667294,2.856325,False,6,"[0.0044797, -0.0104981, 0.3035366]","[0.0766043, 0.0596323, 1.195189]"
6160,6160,22,103.36950000000013,0.4201911,-1.876849,0.5194103338088288,1.7229752871981105,3.563758,3.008208,False,6,"[0.0064159, -0.0118592, 0.301015]","[0.0739498, 0.0623987, 1.187384]"
6161,6161,22,103.38649999999996,1.230872,0.3092211,1.6113230324243295,3.7680911532577395,4.010456,3.949229,False,6,"[0.005931, -0.0113943, 0.3004219]","[0.0828562, 0.0815872, 1.1818]"
6162,6162,22,103.40649999999994,1.48764,0.1143458,1.746948332264075,3.5438316933534066,4.293042,3.951763,False,6,"[0.0015258, -0.0072235, 0.3048551]","[0.0882505, 0.0812117, 1.175603]"
6163,6163,22,103.42349999999999,2.235448,0.1361369,2.2815724720308004,3.4699084292484126,4.594352,4.658191,False,6,"[0.0028977, -0.0118334, 0.3039095]","[0.0939409, 0.095252, 1.169017]"
6164,6164,22,103.43650000000014,2.358393,0.6399242,2.4879798889836433,3.9493564326668946,5.31678,4.805561,False,6,"[0.0047364, -0.00971, 0.3010588]","[0.1081673, 0.0977153, 1.162307]"
6165,6165,22,103.45249999999999,3.310741,1.297825,3.318132730798911,4.474525006298775,6.036347,4.614209,False,6,"[0.0050354, -0.0099988, 0.3009845]","[0.1221955, 0.0932626, 1.15556]"
6166,6166,22,103.46950000000004,3.239327,0.9901321,3.1946699853784737,4.181228924589489,6.186654,5.088212,False,6,"[0.0022338, -0.0099811, 0.3045904]","[0.1245263, 0.1022874, 1.148777]"
6167,6167,22,103.48650000000009,3.368276,1.335837,3.3678745484003265,4.50454797174751,6.377103,5.457701,False,6,"[0.0065542, 0.0016463, 0.3050438]","[0.1277841, 0.1092398, 1.143346]"
6168,6168,22,103.50349999999992,3.124644,1.479812,3.2294901764885284,4.677107845450904,6.37597,5.948314,False,6,"[0.0079143, 0.0006082, 0.3047461]","[0.1271393, 0.1185479, 1.13778]"
6169,6169,22,103.5195,2.950057,1.130298,3.0230706298107908,4.355863694162655,6.125488,6.285987,False,6,"[0.0118696, 0.0007225, 0.3040695]","[0.1216531, 0.1248661, 1.133564]"
6170,6170,22,103.53650000000005,2.769063,1.269101,2.9278096878029056,4.515354675798061,5.732251,5.863711,False,6,"[0.0125289, 0.0033978, 0.3042113]","[0.11351, 0.1161313, 1.130783]"
6171,6171,22,103.5535000000001,2.166523,1.470709,2.548966857201786,4.7903142180050455,5.412605,5.691723,False,6,"[0.0175976, 0.0068918, 0.3042062]","[0.1067743, 0.112316, 1.126908]"
6172,6172,22,103.56949999999995,1.959859,1.349985,2.374042471619732,4.6980146021720515,4.900316,5.867561,False,6,"[0.0171834, 0.0052472, 0.3036089]","[0.0963434, 0.1154827, 1.123725]"
6173,6173,22,103.5865,2.023786,1.273659,2.4012203211271856,4.61485117156265,4.636175,6.191183,False,6,"[0.0178539, 0.0070739, 0.3033516]","[0.0908199, 0.12149, 1.11994]"
6174,6174,22,103.60250000000008,1.96655,1.472139,2.4077212464003215,4.8172145900845695,4.267777,6.140426,False,6,"[0.0165425, 0.0078284, 0.3030348]","[0.0834049, 0.1202406, 1.117656]"
6175,6175,22,103.61950000000013,2.008838,1.39902,2.420338122755129,4.739961801733423,3.685217,6.238184,False,6,"[0.0155934, 0.00597, 0.3025856]","[0.0718197, 0.1218878, 1.115075]"
6176,6176,22,103.63649999999996,1.78202,1.593316,2.3057807006089934,4.959833538388554,3.369235,6.226151,False,6,"[0.0146295, 0.0067008, 0.3024684]","[0.0655164, 0.1214092, 1.11286]"
6177,6177,22,103.65350000000001,1.838928,1.448123,2.311672608238928,4.809882438372543,2.85392,6.233296,False,6,"[0.011429, 0.0077564, 0.3021075]","[0.0553594, 0.1212903, 1.110485]"
6178,6178,22,103.67050000000006,1.60349,1.527091,2.163687900456688,4.917508716878983,2.293239,6.385107,False,6,"[0.0103309, 0.0071147, 0.3019032]","[0.0443873, 0.1240361, 1.108408]"
6179,6179,22,103.68650000000014,1.65876,1.498038,2.1959366323250924,4.881908922599292,1.87672,6.584074,False,6,"[0.0106555, 0.0067043, 0.3015448]","[0.0362326, 0.1276311, 1.105775]"
6180,6180,22,103.70349999999996,1.492075,1.488432,2.075644800611586,4.893719150855812,1.236127,6.506257,False,6,"[0.0103598, 0.0077539, 0.3017153]","[0.0238259, 0.1259279, 1.104182]"
6181,6181,22,103.71950000000004,1.337867,1.386924,1.942412954471937,4.813617310544637,0.7414618,6.51426,False,6,"[0.0105561, 0.0073501, 0.3009566]","[0.0142748, 0.1259499, 1.103008]"
6182,6182,22,103.73650000000009,1.072201,1.421059,1.7624041966347979,4.88103551467859,0.3234203,6.337354,False,6,"[0.0093727, 0.0083796, 0.3012549]","[0.0062205, 0.1223886, 1.101995]"
6183,6183,22,103.75349999999992,1.113497,1.383105,1.7826502136415732,4.838469385194357,-0.01680304,6.240813,False,6,"[0.0096523, 0.0076, 0.3006349]","[-0.0003228, 0.1203523, 1.100559]"
6184,6184,22,103.77049999999997,0.8339897,1.354464,1.5779683198478067,4.845955948000639,-0.485106,6.156858,False,6,"[0.0084221, 0.0080207, 0.3008608]","[-0.00931, 0.1186145, 1.099575]"
6185,6185,22,103.78650000000005,-5.996043,-0.6421649,-3.730868228765086,3.754442508002139,-0.9051246,5.929595,False,6,"[0.0086995, 0.0078562, 0.3004088]","[-0.0173573, 0.1141084, 1.098654]"
6186,6186,22,103.8035000000001,-6.674799,-0.8041739,-4.249823565170507,3.6817559404574194,-1.122043,5.753775,False,6,"[0.0078355, 0.0078164, 0.3008155]","[-0.0215071, 0.1106454, 1.098094]"
6187,6187,22,103.81949999999995,-6.993105,-1.548342,-4.651502421797458,2.990968491321533,-1.323163,5.566895,False,6,"[0.0070022, 0.007259, 0.2998216]","[-0.025364, 0.1070309, 1.098118]"
6188,6188,22,103.83749999999998,-6.890433,-1.191417,-4.494244108049138,3.3286647691721205,-1.356591,5.301887,False,6,"[0.0056209, 0.0074504, 0.3003303]","[-0.0260001, 0.1018865, 1.09791]"
6189,6189,22,103.85350000000005,-6.542055,-0.1813951,-4.0082861322631045,4.276899579280566,-1.498701,5.263661,False,6,"[0.0058241, 0.0072348, 0.2996477]","[-0.0287066, 0.1010835, 1.097213]"
6190,6190,22,103.8705000000001,-6.561785,-0.3183447,-4.054702207951426,4.1448208340699,-1.392526,5.166438,False,6,"[0.0043703, 0.0070986, 0.3002252]","[-0.0266752, 0.0992177, 1.097341]"
6191,6191,22,103.88649999999996,-5.790577,-0.08133379,-3.452519339120803,4.279432436854833,-1.289441,5.276984,False,6,"[-0.0313533, -0.0033457, 0.2985046]","[-0.0246989, 0.1013491, 1.097302]"
6192,6192,22,103.90350000000001,-5.923142,-0.3061829,-3.599650244721782,4.075351556433646,-0.8867446,5.670743,False,6,"[-0.0348988, -0.0041858, 0.2982109]","[-0.0169935, 0.1090211, 1.097923]"
6193,6193,22,103.91950000000008,-4.543549,-0.6516536,-2.7047249496121997,3.5599355739514156,0.2619358,6.107581,False,6,"[-0.0364236, -0.0080264, 0.2969414]","[0.0050249, 0.1176106, 1.099134]"
6194,6194,22,103.93650000000014,-4.522278,-0.4647982,-2.645393849384616,3.7408653092921416,0.8307332,6.126612,False,6,"[-0.0359565, -0.0061881, 0.2975451]","[0.0159507, 0.1180775, 1.100043]"
6195,6195,22,103.95249999999999,-3.488287,-0.8852255,-2.0129200210935743,3.1958434339145536,1.032079,5.26926,False,6,"[-0.0341044, -0.0009415, 0.2973898]","[0.0198687, 0.1017154, 1.102891]"
6196,6196,22,103.97050000000002,-3.465707,-0.9940866,-2.022724980713432,3.0859758977787664,1.325018,4.672587,False,6,"[-0.0342032, -0.0016521, 0.2973461]","[0.0255723, 0.0903633, 1.105587]"
6197,6197,22,103.98650000000009,-3.386992,-1.113259,-1.9952283817747927,2.958817642697153,1.736846,4.704601,False,6,"[-0.0300569, -0.0004207, 0.2963894]","[0.0336287, 0.0912674, 1.109017]"
6198,6198,22,104.00249999999994,-3.489036,-0.6528381,-1.958391766175028,3.424329425780568,2.181718,4.469971,False,6,"[-0.0307503, -0.0015839, 0.2963939]","[0.0423641, 0.0869314, 1.112019]"
6199,6199,22,104.0195,-3.134684,-0.8914024,-1.7640263207371891,3.144691202024777,2.383205,4.83115,False,6,"[-0.0235066, -0.0033645, 0.295805]","[0.0464096, 0.0942492, 1.115113]"
6200,6200,22,104.03650000000005,-3.70443,-0.6079361,-2.100256080831453,3.495920164918352,2.488662,4.578706,False,6,"[-0.0234024, -0.0024003, 0.2958849]","[0.0486133, 0.0895746, 1.118507]"
6201,6201,22,104.0535000000001,-3.334152,-0.3812467,-1.7843841621824827,3.671503166728465,2.82216,4.466647,False,6,"[-0.0180002, -0.0045626, 0.2952906]","[0.055357, 0.0877206, 1.122953]"
6202,6202,22,104.06949999999995,-3.659062,-1.123425,-2.1902673325397743,2.98351325191042,2.824446,4.35317,False,6,"[-0.0178774, -0.0051221, 0.2951917]","[0.0555781, 0.0857553, 1.126525]"
6203,6203,22,104.0865,-3.846805,-0.58174,-2.1948535637742252,3.539817390602423,2.865775,4.542927,False,6,"[-0.0174546, -0.0057311, 0.294925]","[0.0566346, 0.0898928, 1.131358]"
6204,6204,22,104.10350000000005,-3.478633,-0.8980802,-2.0091304281467752,3.1819790174850078,2.935279,4.374349,False,6,"[-0.017992, -0.0033625, 0.2950931]","[0.0581858, 0.0868051, 1.134775]"
6205,6205,22,104.11950000000013,-3.439147,-1.077771,-2.0237470214142954,3.000344621781393,2.715369,4.186862,False,6,"[-0.0161699, -0.004594, 0.295258]","[0.0540348, 0.083403, 1.13931]"
6206,6206,22,104.13649999999996,-3.467216,-1.159393,-2.062958722942886,2.923705036980075,3.022302,4.309068,False,6,"[-0.0191209, -0.0031337, 0.2953275]","[0.0603122, 0.0860731, 1.142317]"
6207,6207,22,104.15350000000001,-3.393913,-1.139638,-2.0063784364536756,2.9337747153819183,3.050514,3.439037,False,6,"[-0.0172542, -0.0019708, 0.2961705]","[0.0610957, 0.0688947, 1.146436]"
